0
372.5485306634759
372.9495375549695
373.47011136332657
373.9433373234694
373.2859179836498
374.01395659567675
374.6376894775947
374.610416774544
373.45412069105095
373.9496693619907
375.06013718292695
376.9143019119406
377.2261606494368
377.4072335383238
368.41136408592223
366.3166778180456
365.76719532997936
365.39780010774876
365.7634828317589
365.3723844336998
365.5312784885086
365.2601325397623
371.7470174143466
370.3678621075311
402.19489973649814
357.45985740852666
325.67714943916224
319.05396087837556
323.41433146653105
329.42718250465754
330.6052891714129
330.21633264874265
328.80647550368576
328.5864687896383
327.58127657827754
327.1207338800577
323.36175762900575
322.5079409917742
323.1528997662109
323.3910365896696
325.0637238500897
325.15285773593706
325.92861839511494
323.3854128575176
323.1935335525019
323.54689797079743
323.9302778198679
325.6179489358639
326.7178442747795
328.0583811065244
329.8368943875745
330.5549883098694
330.76603589699073
332.4838441208959
344.8763269314946
296.69205019830065
298.2893749686925
298.4782294635089
298.6775390542173
297.79849370804686
296.98309846932784
295.92692706320383
502.04254626121474
503.8699877003783
502.01631602099906
501.62394760732803
499.9348435936886
502.15956335042733
502.08302664853403
502.3643924058648
501.02000180161133
501.23294731658495
501.4475613395829
503.3932970359107
501.3072539589863
502.78897049917
503.6872989617321
504.1288610365348
500.9306259650752
499.808697532966
500.83630204882036
502.37618482158143
502.74083999193243
501.8542151168474
504.2424152359829
503.469262053712
504.1658903880385
503.47110849767853
504.7530930530454
502.67567024313104
499.96170193504736
503.12383748556016
501.4844546841026
502.69548496353184
502.5040753872417
501.8727703679599
503.26624632952075
504.37981768627066
504.54268719493876
504.23322949629375
501.8693127989121
505.106869581095
562.7699105866612
349.72873810748877
372.2824740838738
324.9041078275571
603.5222524090676
596.9559242309099
508.728246488592
506.71383369065023
517.3062961963648
501.2000942392982
498.41598165662487
499.082726294121
501.0211766031583
696.7379461538007
796.7092838064838
802.3562823263628
794.7232392414712
574.0015382328387
596.8593662867086
557.2368938685121
849.4885527668434
892.0009965779528
898.4645419664555
913.3409854624955
873.7231281498674
894.7371660303392
857.4903224882828
930.9186472209765
974.3897428542466
904.703159523189
1026.313601938205
1034.8343820514226
996.1041081715041
992.1678734891789
1030.8220167258696
1063.4337430914486
989.0796039190834
1013.7771766717269
953.0354723364969
933.8814930363692
929.6141500108929
1033.4837131215545
1022.9689443003106
1041.1591759184003
1006.4843958181505
967.3019524710319
972.1788235131364
965.4639735948886
968.7153844833442
939.9724698365765
975.5922108764494
918.5132780744826
934.4398749797738
871.957956734408
1007.098915002028
1067.544880688941
1094.2247672335955
1018.9028157546388
1101.5755177751055
1058.5230853667056
999.056372640159
1104.2535403661682
1006.5997375734901
1043.9408556664644
1014.9685066422403
1076.6645646432696
1035.0515449258578
1024.4788378179103
1086.4814421332658
1096.6648886464538
1031.756632115899
1026.984593255022
1038.8157091686792
1064.1363372898124
1084.625859414003
1085.4505044774232
1097.2973726699672
1044.3449788013804
1083.9302589489362
1046.0420164460872
1030.659036170914
971.4486193110097
1066.1132994282914
1055.0386043552592
978.0523940694491
1592.8068554723916
1521.27335189672
1410.9491764527095
1357.1312336215424
1413.352265726684
1441.3312747651075
1499.4964136458461
1377.9905913491664
1424.3996690623687
1520.1371633913423
1484.7642683830404
1372.0451558360007
1344.5406070813024
1304.6724668332788
1381.3473164053999
1413.638125956955
1526.591867433928
1406.5178452975276
1454.8163076645385
1433.2750845248956
1343.7974518226424
1336.1862905982548
1326.9258138429009
1321.9703358085437
1259.9131124713103
1271.1880149612196
1411.4092676068253
1348.9064550983435
1307.348852435794
1423.7752119224556
1388.8621728661997
1076.9450801364374
1009.4161874687454
1053.5716570940012
1116.6451486722706
978.8251368765864
581.5611402347679
508.17842661091186
503.9335029939032
506.06126944859085
507.6502854056071
589.6558927653135
1102.7762153803192
1228.2117588993085
1518.3960159628896
1037.9533033173625
730.1704989489695
1272.7698024180222
1219.208382222514
1323.789149923281
1223.4047999869176
1151.7676271587882
1232.925487272914
1300.7057743369292
1020.2947273693665
1187.9492566266429
1470.884044793026
1404.339098517367
1340.0448781151722
994.778187403007
1510.4054316447898
1212.1010564253406
1117.0216160384564
1016.627549134022
1289.013120795313
1288.5536971229897
1194.8156499098104
1022.0598597782039
1090.6174918707034
1502.9571257090104
1322.2441817521471
1086.9192137596
1404.3379478841111
915.2624963862286
1183.1065934670323
1076.1195075212368
918.7508176499277
1122.2589122091354
1044.0362109790901
1449.354239262862
1094.9306766580373
1130.7414489741764
1019.7131054541248
918.4984595783369
936.5650284926071
1096.9604948286258
917.2203330456517
994.6180446742637
960.9897942263899
968.0154443342255
1049.5263854783284
985.3769984430917
935.7692639544398
962.5229200178655
939.5521505775464
985.506064375762
927.9561892568456
948.2581333009505
956.4907969031965
993.1389217821188
1022.9568742617591
938.7941021362005
1205.2284655978524
959.7989046123673
516.5260856311291
508.5743784535764
507.8192926108535
764.9252576610911
1077.884998237567
1176.6380189116255
1172.9773063149496
1100.2138953263752
1159.6731372575302
1126.1773794865528
1120.107188897651
1189.0201220261752
1148.6245533244078
1206.0587471157078
1179.1641712959256
1164.2459378113758
1131.998104347867
1183.1785005209608
1165.732005142148
1130.1849199241642
1228.5372800258463
1268.443839277254
1240.7425824600837
1154.5148569061262
1202.6055812519494
1264.4034509354342
1253.8150991621894
1246.8727688392337
1145.6776439737534
1091.7319696692678
1168.880849224676
1080.6116913770452
1180.8887929878917
1208.5297688633623
1063.8811499917679
1131.8524117562922
932.1991900159135
1253.3435877496386
1161.0815150574156
1097.8821365704973
1095.6521552306397
1117.9934947281004
1143.8260633528791
1169.5312178527993
1049.9263295271817
905.3737623483789
876.7945100794093
889.7144108065283
757.7029433182886
386.68014369023655
368.6619499238397
365.0386615787283
366.20925735364494
370.8823486350875
366.5302193204821
364.8834579426768
364.5720425880213
364.9630636344496
367.26582097639266
367.21280852620976
365.77707414414107
353.6011634855181
357.64964051647013
360.3167072107465
360.2834143245819
360.69721518047396
360.91781978160554
360.6710531599816
360.73742456233606
361.8041619992991
361.61834179754686
360.4501819150112
359.0121360126678
330.7429376443209
330.48493448462045
329.7968368798629
329.85428698516364
329.45290489465685
328.7422429320726
328.8396022646947
328.2564482744243
328.9002304939758
329.0401161746053
329.2049179599055
328.984958159857
328.8933192272586
329.1178831597882
329.27481047171676
329.40727215924437
327.7124874661739
323.5950123144348
325.82339378427037
325.46401516705134
324.4219067932555
324.2445281208404
324.0206123492585
324.2960520477593
324.78448904190367
324.63888898641505
324.3584231625478
324.19122245054854
324.57249423100694
324.7543555976048
324.2533691924125
329.9278998496948
329.1012645955961
326.32830379033317
327.06186607221406
326.88193185951656
326.19702148759274
328.1793465228324
328.60159448499303
328.44694525260866
328.0420143184507
328.011558053564
327.75502224865676
327.9882872477531
328.37401086478235
328.0199829960478
328.2124265290246
328.42273538730285
328.66313088600725
328.97901057892585
328.2959530465222
326.6225085659872
323.9644597082666
332.6896741169106
337.05655094134363
335.0515745417394
339.05433896537414
331.4437008183205
330.2183082004656
327.81701477838055
329.2201016272794
329.1762029665349
329.56946222144853
334.16595265428447
329.4036264508386
330.5367918781665
333.66336064964634
335.6987904359977
333.01455043178566
330.8589247426564
326.5350761134058
325.1770412838663
326.5614324783527
333.5820207139609
324.2951057256503
327.3936379995055
334.5788253405909
329.0331465693114
333.2958106400379
332.07528826983196
444.45002175464276
517.0484936424862
509.2255820200609
509.4195260610072
510.19528949249707
509.8367739432506
508.88016962333677
508.58533581705524
508.9674262417185
508.67086497673176
508.3781423231633
508.66779671854556
508.7343183813225
510.0607064268959
509.62663684910547
508.77507697909186
508.2441501275796
508.25507886357127
508.1357834658696
508.5927185351868
509.13325603689856
508.13260820128835
509.0759049404952
508.56669939967844
507.90466289884574
510.9542984860293
509.7373264982937
508.1831239101506
507.65080640003737
511.07153286526113
512.8434030752027
510.5822337904074
508.9026845580256
509.66373272993076
509.7301859004028
509.9642233220423
510.337703126104
510.71469776118397
510.1782883186821
510.3705955348205
509.298656951631
509.87137169807147
509.31761819874
507.9469921067255
507.5963930748456
509.8303944354159
515.7341987107678
515.1689262699336
646.753532274775
615.7548577026419
510.8490555898527
517.8200530185671
517.9631840780978
518.0778277877239
517.5361170765914
516.7508435911732
516.0112262977906
517.244808312028
774.4185323272748
772.0021935060192
807.2208666191436
815.0984277341009
820.3148579058715
834.6100452143669
812.477122965327
887.9330902656333
897.9767054957604
875.6799942217923
838.0182053911682
890.9639580778907
865.5532436359961
914.2554553822027
880.0709100693553
898.2691125990302
900.2699820635421
885.732082941239
872.2667168506513
850.7632977658636
863.4050626216022
859.0119715674621
919.5134278179503
913.8195238970379
925.4956348995834
915.2818223935813
889.9823904651884
890.3818262566058
903.3234440668357
873.0235240892517
959.6716412510241
996.1884832532202
1114.7782474305384
1024.023430234599
1017.5870081517762
1058.0042082180114
1070.4543061744623
987.7885148791058
1034.643063069506
1099.2952569073261
1071.677993169673
1082.9604741803548
1081.38775671502
1112.1277271740798
1006.0598037713773
1023.2726839195
1166.8602552587165
1059.8925378779043
1015.4709722212531
1087.750358323635
1060.704166871322
1090.1154502973993
1022.9970365107781
1105.724509625117
1112.9859161075526
1052.481545397129
1092.0836408126968
1124.7014073669768
1186.2527279765166
1157.6101970830562
1114.9863513658972
1493.3015970745205
1297.113737472768
1135.09086248932
1290.1200210309567
1352.5879574884127
1207.0847798368102
1133.0051566695008
1266.3525299406276
1348.8261502266698
1304.5202307115285
1390.2043565266715
1590.445202798433
1095.5116753370437
1508.557291866293
1544.5482821241562
1436.5354231826868
1732.2194037932363
1492.394051804898
1458.001045434503
1321.6145255818153
1342.077486954982
1380.1299600366608
1428.6593324305688
1399.249450792596
1574.051173286798
1280.031985299321
1703.6136234262779
1303.6405651767598
1542.8559799554962
1522.7761263644818
1166.2566485622622
1050.671437430446
1140.2168679127813
1053.7354740797007
1001.065065106655
784.747527647595
513.78078434454
516.9940598176942
515.8337931946181
505.67499311078484
514.9260850681754
680.1981936225546
851.392250207575
1069.8061129905943
1165.257413034035
1091.0357380552757
1139.0310412430788
1686.5797881761653
1451.9335850747698
1652.6126252250262
1478.1200849628717
1624.0308177775016
1507.1320704484488
1301.1748091610946
1530.789874762338
1424.1211151753898
1204.8096322131662
809.9180868575913
1116.6812973657586
1374.6634259069208
1748.5079453640656
1184.1532461521283
1606.968846063784
976.349103169775
1307.8622400212794
1308.656791370785
786.3661033997274
1404.9754741302452
1300.1017200368701
1786.3038352637063
1978.3128355469892
1297.2636162003332
1187.193206894678
796.8229256177704
1104.2608439378166
973.6713191249611
1034.877381744561
990.9686624423451
899.6359874392906
543.1785986674126
516.9901175468752
517.3038987863661
512.3922403645773
491.1671937992449
484.4006328156105
520.7411130385933
494.58280859976276
530.3663911535518
672.7875005013113
1028.6567871999707
1187.191613596146
1240.010297839078
1167.4373854801818
1217.9568286405708
1276.6700981824663
1264.0882798451169
1249.6757195749824
1327.762828682453
1278.6622219393682
1238.7029352491988
1204.7105162904047
1183.371596541461
1229.3424463647755
1208.5555411079883
1233.0375980442993
1270.4269919115566
1152.2455715779024
858.2995823812239
1096.9865549113467
1276.5700374627634
1174.8984528597086
1121.4745810250515
1217.7428285485119
1224.0019946391724
1167.2293133601604
1305.7213407486836
1252.150452751511
1277.2771943486362
1275.3077815458867
1224.0303483975179
1271.7687443888005
1272.9012673577383
1147.8376085146404
1035.5081130046249
964.538944886815
604.7973344577671
792.9471118248633
848.7624717616399
925.9113804136463
978.6787770630683
922.957952498482
936.358423250756
925.8932879436998
789.3079971334162
720.7431588751535
350.1554079332979
348.1257720040256
348.5016551542433
347.4676680234269
349.49683521845594
350.4543421172763
351.96269672038966
351.95896263577634
351.3395229745512
350.3729557068418
350.27824610633655
350.3275095254124
350.5236585498734
351.57830271949996
350.5087429431051
349.4964249851031
314.2177167877806
348.415815721937
348.0674356951937
347.938073733225
347.6734263012218
347.43970510610677
346.3697595221113
346.25244398387764
340.0225899180124
340.568639885289
328.71822959407086
317.5898416805314
312.2493747748078
311.7060841079977
338.841092289349
331.9927357225103
329.2510911794495
328.1865764942055
320.96782283633166
320.30265446778657
321.155754867747
356.1191027456955
369.79214530106634
367.68773892526656
367.4610467312908
367.8664370723657
367.84656124401926
366.897628502358
356.0068231588119
357.50452958848336
357.24206038403514
355.4983567555438
357.9234879063819
356.599939888113
358.1400936659519
358.6747339588278
320.3008742872957
316.6201148457987
306.2723522239838
299.96383209324694
324.44495450097844
342.27399087707585
337.2148887987271
334.7736196887142
336.226460449975
335.02455052016336
332.9433378332811
331.0272360328417
338.1042539517429
339.03427171039874
338.9714082913914
338.87433526934194
338.3318873304495
339.65058561729506
337.26600663146763
337.4344722723543
337.8147953026431
336.0215510846177
335.9559007283204
332.89421700061655
331.7134522834437
366.95535546642697
324.5228319836162
348.6863390819002
332.48935183617965
336.5901765763812
336.3324967859036
332.39639269757254
329.5760274024781
329.1941761599196
329.8596602142405
337.0832072136722
562.037461746664
522.7700826128129
531.673416645435
525.7854645108767
521.7754249005203
514.835151225032
514.1953159489111
512.4452643902666
509.3544750315987
509.72648505561745
505.91011528766916
508.242007541111
511.1699020582336
511.01062172763096
511.29863130707247
510.08139438465753
508.4524406766817
506.43742357068805
504.3251250201746
511.8512491467718
502.2805715955966
507.9041155054604
510.94750475770775
510.0090329627966
505.8029640728401
522.1352862680494
510.4990044466648
511.3384713602706
508.69693281157157
511.35027410006853
512.8937072759161
514.6332496737791
515.1463722988334
523.2984677282698
500.29666848794557
501.9289598662212
506.4643853197804
506.58734696655233
508.5122712038116
506.8685279283598
516.4103567533593
521.2553864519581
521.918462353881
586.0036545372507
661.4112259691691
727.6088602897997
585.3408536168592
500.72457325515376
511.84660455295926
506.52313960799364
512.8801574336104
517.2969795165732
514.5169258086225
506.9108207629543
877.6245773573892
892.8580775221548
907.7006519584655
960.4370877020548
965.6418025795555
951.7363462856312
944.8132050041603
955.8885990358636
969.6666833274807
975.4741806279072
1037.1241951665604
996.6324527570472
944.1887817840033
974.0771070752729
908.8040715008977
1010.6559970314346
998.1230412585747
998.0370393256957
982.1423179215741
976.5876853933036
1002.3097977471706
1026.4134016868077
1033.8837414366449
1009.9921408372903
989.8680398052503
979.8336751372314
975.89663867453
978.7597470666457
989.1547438961555
989.2287021911246
1057.9661187721372
1140.477066783323
1223.3575631882625
1155.7994676581754
1132.2919756606445
1070.5939779292391
1123.512775610988
1087.0461306643613
1091.3872509001515
1197.540973831054
1136.1152249604168
1129.493687370851
1103.2182221764508
1182.1212164972678
1163.9955945207848
1175.3844477279242
1180.3337673687654
1157.5820665533538
1121.7053595594405
1262.1696960659501
1130.9691274858376
1155.3552460503329
1165.226168640986
1160.0411024621897
1150.5882914792103
1181.568040124811
1104.7014549266487
1114.7945123976347
1132.4085163579234
1086.0019088666315
1337.6525300004623
1725.030227321468
1650.971221692912
1611.5230340976866
1529.0651998859155
1768.7135052962178
1608.0167965208816
1688.6114856290162
1545.5097791966764
1691.3152068815434
1647.0605877117387
1697.207049895471
1523.3333081645733
1536.4261473029214
1795.9863097963148
1792.9243818018886
1680.5660431389579
1706.0816020462653
1741.7827023791397
1827.4863745220134
1739.081821171812
1658.6400686221532
1717.9784134922659
1637.7311807701935
1969.5464914998524
2158.618048367194
1880.163512776167
1798.2213795395435
1820.4959575314704
1887.0461765506734
1735.1066043090423
1235.4831060711083
1089.4334105826708
1017.4085245798404
1084.9539406920123
1165.9364847404968
1533.2739307614986
631.7128466019096
504.83107133940297
515.2521056593913
510.3083115695693
522.2202732966622
512.4527003124558
508.08121983535733
508.6778161713111
559.6125808746472
509.60191437926375
499.75510989361885
905.998340528124
1085.9655277998882
1310.0644839258082
1026.2873748213658
1314.0843955526414
1479.0239940649758
1404.7934479054877
1611.8304631704045
1167.784098985846
1636.4126628533393
1808.4452436260503
1384.4175598775091
1241.8410185139696
1152.9630377208714
1302.6926170892987
855.5926664873482
1538.5644799571032
1118.0324368916915
1309.8869900125324
965.4193087694968
1199.4102754717424
1244.1634037581102
1017.0607969051295
1139.2151287355318
894.5125732840345
1661.7860033496709
1283.832082246317
1112.3702522800716
1725.9489983920391
976.2386367729752
1443.302430071501
1501.5727784624337
1423.0095414431376
1215.4442248619787
1112.2515660925944
1207.7289667274013
1064.9475580665096
924.6078974419858
1024.4083585191695
1088.2784276958712
1091.323898414449
1068.6546008977323
1020.2392724694672
1132.1739197270792
1129.6066478092084
1095.4429690575944
1159.2574338457746
1130.7128770214779
1298.9734951765317
1104.9104288780022
1247.3153673930678
915.5505508087887
1160.0953807065453
817.9352743701287
1147.3209307712584
1249.4742256085553
1111.2348086777722
1193.2999735859348
1230.3938922782024
1344.4744659556827
1263.104273198538
1095.1326298205524
1069.9955201126795
1203.347806468524
1354.4701650550664
1468.776463955614
1383.1946313554774
1186.355098299908
1356.464868440185
1541.4580727946816
1485.9952395200864
1533.1657234019724
959.0790816403979
1522.4212838677988
816.8300029497872
965.7642791502911
1289.9173077356359
1088.2286095652335
952.8541736650103
1301.255202625368
1362.6282600031807
1480.7045403114396
1413.9282277986586
1498.716901362512
1413.8721469845868
1412.6124516877005
1451.547059397107
937.3227372300724
558.5833187812012
795.6521437917721
1175.6116962817118
1115.848506471652
873.5396463293504
1014.9514459042842
943.2018666879943
1001.570312987269
1070.0320966967179
1036.054842209624
931.6147360999024
648.0695700581178
365.6091545877194
344.7156287707079
346.5839982760589
339.0614213833274
338.49672248841546
332.87600594594124
331.0966330468867
330.45467220006697
325.81235654082644
319.6829529052484
318.27328902546236
318.7687638961142
317.4952509686221
316.313117367083
315.55478789876685
315.2128743145741
316.35923395396384
334.03562397791427
312.44602209346374
312.4850282647934
312.3787054062378
312.3148617189628
312.5148741445837
298.99117510019835
288.54980067247743
286.44008673229035
284.78844884399695
280.9485689132416
280.33949967200823
279.50805506916186
279.0757145691096
279.1496092552781
278.09118624319785
276.9164112200143
276.265058902942
275.7568283025091
274.84957955487323
272.9983490354723
270.27282884258784
298.2167094885858
330.27910651966073
289.0057925898768
269.08657724466883
266.1701504345649
267.9180879451721
266.24539029938927
267.3739292985323
265.98395893177684
266.3004633372326
267.35242328718994
268.3066328860068
269.4430964910928
269.3286695397445
270.1567116779406
304.4602901736714
310.56472417206095
306.9614678974639
311.31246016923217
297.01382553529913
299.94732429498276
291.67752706056956
291.02095758750136
316.5097437538926
306.13277371710967
302.9109203655022
296.92785462151863
296.2395036586777
296.0912217589283
296.2357475931735
296.7482010225829
300.43171746197385
299.4164145015659
301.05950664045235
300.48874631242626
291.24940815886146
305.0625243887216
300.48505449031796
304.4005046707037
302.3023631685662
302.5386489948798
327.4450772103592
304.9921505073524
317.0162746380714
320.9213057349814
295.99166300517845
299.79924860103125
304.83820252647206
302.69571682589657
299.36332950351766
297.75557578938333
290.890204029095
300.4617073912209
297.36593186023447
301.3970487581637
289.0178013700088
279.48402358536947
286.0552765250258
289.1856211792535
469.99209461898397
562.1233590959301
536.1198524455937
530.9091808892285
528.0629052935054
529.6297256949845
529.0380473237068
530.0783112719097
530.9602035616573
529.0070899876931
529.3930578389636
530.1290467627756
529.1376368868385
528.9423327603207
529.108268452008
529.263404554617
528.6936273967013
528.9991083301014
528.3544682189541
529.2858728078847
529.6041290019205
528.2955277873135
527.0679323838447
529.2108848711965
524.266665782445
524.9595375033035
526.1845606567429
525.6307177661209
524.6689585283564
523.8268443245845
522.4341381739973
522.9371859952615
518.3297605427833
523.623482249217
533.0789861022726
533.7332622394725
534.1521910652916
529.2175291413083
529.040367831618
527.4802928749507
519.0599416583068
588.4677433361306
667.2006693825546
555.0834295472342
636.9068783844859
574.973463394768
563.9232626722227
696.850424722447
876.0887045663883
833.4863841590537
855.1207704308864
880.3478385642762
841.4295370033368
920.8267327042986
922.0724556429701
1195.5301869245966
944.37499920995
997.632638536371
1055.0760614531582
931.8226203394488
988.1890583884357
939.9279015401773
944.4357586603079
958.8999256705526
951.2873479319703
900.0366905540272
921.7995119109565
964.3107179140918
955.0596231319353
992.1039188920535
987.9211195957689
898.2774090216675
959.7559284900757
956.3897134803856
943.2188336201682
987.2142973689463
1035.4138481729735
1100.6620642216242
1103.8987868708937
1049.5374674726615
1120.0965674968222
1063.5052318632233
1079.2151958567677
1085.7696055937415
1045.06225092005
1061.8202887970565
1162.571399667042
1004.1582013528606
1037.9838260882236
1025.6030575741843
1037.7179399510383
1044.6397388009375
1081.4265469864072
1115.514586353627
1259.0146149937302
1295.356442784251
1062.1624901606995
1059.9302036141316
1120.8176765065487
1119.6604074261793
1059.9184937188004
1206.241249186274
1073.4162174116761
1052.2279531463819
1058.4960533610088
1198.7411974593272
1163.5531593611452
1356.6532982269998
1806.2317901827728
1582.4006699620256
1590.172102013425
1376.384392707007
1466.1227025856567
1598.2208848077555
1451.5555725986865
1462.1650930066069
1490.8979079765982
1621.3053611753612
1827.2376957412744
1681.564116337244
1306.3965730511893
1257.6764571821775
1539.476101272889
1561.0695201572871
1658.2052259252555
1352.1729092410637
1491.3967594641624
1634.137472620984
1559.4706489544276
1702.3962210270668
1493.900329957798
1650.7931905268936
1624.4916636758294
1486.8077423965537
1618.2060578406513
1365.5386001600466
1524.9846767587358
1504.0386599052001
1026.7719853609804
1043.079871756176
1077.016077985646
1096.3431760949172
1006.250342091805
579.397145585359
523.0842460602888
522.8822646657517
525.5556551696327
518.2480686273925
512.78704193396
953.9507553283897
1185.467598071359
878.5651466238695
1067.4795199675896
1167.5503783234428
1229.870986283641
1108.5005533385254
1192.4332868074678
1296.44525058756
1235.6442373886803
1298.2664914006768
1348.6029154209166
1135.7113820249867
1474.4788219402317
926.186238018504
1096.9326003259923
1404.3805880462721
987.4847028934724
1483.9823800534275
1276.1103605177275
1146.1236840093504
557.8666083333526
1210.6359519204045
1153.9245115998162
1502.265367720613
1364.992485251023
750.1050481900417
827.1405492023372
1373.2372176093795
867.1935825920497
712.7622955112334
863.4860616525826
1115.7379678848272
1192.335110716678
1240.5811395479202
978.0300505294741
1027.1504487214074
995.4617620251468
610.6049057521476
863.7905951133413
710.9641032612993
506.78597708429425
901.0348143399927
1252.9879964502686
1287.7402049625846
1385.5070129636238
1374.69689056642
1243.120722701735
1276.6792756020834
1330.068736399241
1218.3416991681559
1320.2850545224212
1318.7140451802543
1329.4072753383177
1309.2346668579214
1418.2232903979911
1474.3318886427762
1396.9573084885255
1392.513183980882
1390.0513183844134
1311.2017038201448
1380.2738970285939
1319.160399288622
1380.8863038970214
1427.9692517083693
1447.8461899057093
1369.8455488093102
1421.2670343824916
1380.134110348745
1350.065385096858
1346.927538775166
1374.2511935160612
1352.5846797635988
1346.8207488442292
1400.962216935044
1380.0846726893533
1411.5636365943017
1370.7263007342556
1355.4683714134956
1082.7637521966394
509.67371450864925
805.0302352017494
998.1520078223393
1036.8665074151168
1001.3400189950399
983.477808347887
1045.2826152241605
975.9960751044966
773.815641260593
305.1469891255145
301.0817637982922
302.8213587866327
304.6689226772048
303.5349618108187
302.3344728934686
301.6316754171068
302.0651047525129
302.13767851919613
302.2778771870244
302.57125574213694
302.52299481127227
302.599187211357
302.55460990349025
304.87604817280476
353.22411740924605
353.19986800851393
353.4693234481052
353.1367335962399
352.99438737779417
352.9048990817086
353.08851679792286
352.9436684997056
352.82737249847617
347.52371894386096
338.59866082908843
339.84527163321985
360.00137907111866
345.7047121027657
362.78802335914105
353.5509993286007
355.22694932346127
367.78343982637716
341.73987776243234
345.4807189059399
362.3511767736915
360.1009677201399
356.00569423709766
340.1839670347224
341.4025665769654
341.86459659983944
341.8478099950293
341.90151539495304
341.49166777446203
350.66172282050906
338.77510185012386
348.41007778372546
355.14848198927854
356.9264027385812
357.29889807490895
357.3994582922576
356.1285331544526
350.90965153268655
341.39607857697257
341.2291585301785
339.99491911683515
351.54135817966704
350.06123735886973
338.94371047850075
334.05314172879906
332.1234645167709
342.2434327929528
339.3874152777506
334.5173602347239
325.5444644909145
341.65824830862704
356.5375280378255
331.92667223569765
350.56255529540823
345.6275985451862
337.60280101288663
334.84892685013205
332.37018064370665
340.55765532093113
331.73692051598783
351.6904070077802
332.2559443466546
331.83884844122747
331.7617814850764
331.8966420779224
334.6624029677751
331.17482904504027
324.798092914973
334.94576349922806
348.90713591613337
353.7777554037187
355.21224248284364
357.4639349797717
354.4796106274821
354.0796206557296
346.52373607925944
349.3120353996045
341.6628754300376
347.86410421084184
348.73693529015935
345.840798403661
341.3957255460677
399.78911183183163
492.00763666298633
487.6013650568673
487.1008687926379
485.1554968719937
486.41198796329394
486.92976823357094
484.29755012805526
486.945033699168
487.25704644775874
486.19539408686643
485.205902459447
483.52383970873956
481.92909412588693
482.364160952558
482.09253433765116
480.5859950576406
480.8865503398334
483.0227957711749
483.27529497582066
482.91860871931556
482.9741897673181
482.71680824167805
482.87570684609693
483.66848080674504
484.2549492964946
483.6014355483534
484.66837803616204
484.11781210750587
484.65352160860755
481.5353203131061
484.7955963554544
486.78050518642175
486.21859857295067
484.80249861454826
485.0319498984459
485.976572643023
484.9303012087244
484.0386889375315
499.90238842518727
491.3194497156326
489.1089808336031
545.2527708516142
511.7799622486268
505.1062231907356
483.3867407665839
519.5570804885784
741.5157238983371
707.044851898757
747.8014577039974
713.7700790267073
763.2647427855167
719.4864240450346
761.5901752165383
724.3729346377705
917.2757221734552
780.6051888384742
740.1651962014884
815.8434669985523
770.9872997140696
765.2001720094588
771.4731805850232
768.5010574880833
751.1105194764015
759.1350675459547
753.1889573100066
771.5652551278813
805.5615655765051
804.6403600867144
780.3673047595222
805.0142955855275
753.2975210720837
783.6535179773413
768.6374325244986
770.2782068358971
749.3404179853536
743.0273239122247
740.5156021941895
775.3913607783898
788.8815582689143
807.9459741310185
818.9360865802962
806.5932660041725
859.2161827537165
801.5848827111578
812.2640270025321
804.0155486076034
823.6118205683523
802.0455808854871
868.2570241756051
862.9967695926127
837.717342180097
847.7202837772198
899.7370404702868
838.6666335897422
849.7052962994563
854.1144333588862
891.7768363240735
799.1852475408855
819.0430628456622
793.3981097934585
816.6409799287964
892.1197560239758
891.0398120409658
893.8979487900577
858.6451563095072
969.3007216011866
1252.2746749260198
1174.3427389088233
1172.2684144960467
1409.392276365457
1365.9214612213168
1220.3856803085494
1415.9702529282297
1338.9373566307606
1345.7631990917187
1360.5390292904897
1564.509330282102
1350.0674045822122
1275.8755847966383
1265.80915222143
1216.3138058743018
1241.318206971961
1320.334127250386
1494.3102167299298
1220.8358099686834
1097.2963705453399
1292.4258834086354
1321.1356898917222
1325.9808733562743
1220.4000967474203
1303.2149218130987
1261.9322379484308
1201.5129002125373
1221.971482171962
1338.6398535722226
1294.6888221306124
824.9968719348896
666.3065934042594
756.2576382191868
783.5928381947991
804.2300682913436
848.2159967545972
487.0058641577118
499.62350243685773
497.09561826757954
470.61754074052675
493.99454481319776
525.7253004101835
792.6706804317961
951.0016880272343
1275.9112946414125
945.6470577507738
1165.1981787254465
1075.471489455331
1140.1950530140602
834.6443231698507
596.2499612813161
863.581938264224
1018.5842434682228
895.309438353327
1123.102724726468
999.8581609731954
1058.4776023542229
929.5422282059236
976.6841679635303
954.7701341086748
1144.4836386239378
957.5504600687585
897.989271348952
1061.0069115682124
925.153164306441
991.5251788659679
884.1987082203378
898.0924675435721
898.7440006495343
1109.6974127724013
1160.032442147936
1013.729354345039
950.5100345009902
996.5821344434781
979.852592060617
789.8285142034728
843.7206646096289
917.7845243896019
776.5395874997942
458.9273554818134
776.2233112955886
727.2460852804761
787.6799021673986
803.138893018559
759.177988337938
807.123583122384
756.3415257055075
800.7730345846311
759.3111312901714
778.0789282522687
812.6444754989102
779.866413788887
765.2934457749733
775.7965027021766
736.1925384967464
794.4708447184945
845.9951771534891
836.7996087932012
770.3875697063087
499.701532328486
653.0517830850539
824.2834549466968
474.0197910818958
468.54724043689924
468.3905694042078
468.96880925002733
460.79788699240805
659.6244245359447
974.3325230613751
1026.8501879351409
872.1189906018927
992.1851227059313
952.4684660113068
962.556237082891
1017.4765118319152
811.393705145237
817.8320076933429
873.9192773722592
954.4809856679636
904.7298813976582
892.1977813506197
998.848018906628
1071.8412157254636
1036.3465040197916
1052.2663422359215
1024.641508977251
1018.081884284772
1003.5150830494041
1009.5734234214784
1004.4264731438715
1052.842936670323
999.5736400137124
1094.5776358160294
925.5114151750346
955.543782912856
994.0067514273707
978.3925191601865
981.7083462181323
1042.7886703436022
1012.3508277320428
1038.5047965982653
1001.4035678757815
980.3941547360565
1009.501515700413
1024.5922542271526
1019.142993204735
1028.2497036949017
1022.0358697055586
1000.5051278279146
1126.2968586542038
624.8780727488974
505.31047718603986
491.2164175579996
479.58214088562914
602.1622344471357
796.1276011272331
818.276227590531
789.6523716865435
775.1304355509716
757.9487504359926
754.2361903758788
798.4910654626152
715.5674337205672
726.5787006573711
724.7577466050037
398.69667375024596
367.40555593995043
355.89070985124755
364.20927014921745
363.83379092102075
363.47822780187477
360.0838048396567
359.6588479031099
360.7187226839245
387.162856685109
367.1809215381885
369.12312485258815
369.56689602500256
369.7905275966556
369.18116667612117
368.5054220025513
370.81055031158877
370.66929978607976
370.9716503084981
367.25222728457544
358.9394813427616
329.0792593574167
329.16130717592716
329.2850884551174
329.2304637146815
322.89415063756206
311.5400971789954
311.70630925547385
311.7867170395073
311.9104575887904
312.06837893002927
312.17897341633267
312.1465586116077
312.08423876978657
312.04186446429264
312.1314109596537
315.1734913444636
313.91854775657396
312.3972201855409
312.3939201608503
312.52098155372136
312.579513580445
312.7232827883841
312.7772951486253
312.84136039666225
313.01101470155874
324.43397698048636
326.3358512255213
326.3624362758587
326.19162435689026
326.3367098095369
326.3674336462789
326.5165389509484
326.64703064829183
321.02508010693134
320.27016263378357
323.3503316815783
323.33728016272835
323.2730064200109
323.3562487694298
322.86055919033475
328.42384515116805
297.3507022532754
297.76518188259536
292.4691961484025
297.1328354628103
296.0054981778421
296.75746735505317
295.68968858949046
296.8806248913149
328.85514080498916
308.77994845943755
271.8989069655875
274.66639704206267
274.15064579741806
274.790592008375
272.8986906966426
274.69336265210967
275.0861432574351
294.12646081200467
280.6758497909533
276.2950796761675
273.6897759805828
272.5480004815718
268.9801439374411
269.16784588032397
272.6439388224703
273.0008989229555
274.657501780289
309.16742964837954
310.06827533903663
308.90883219494873
308.7711390196505
305.6045217734317
304.2290877452082
302.1091804304996
300.43849711401543
301.8718042900342
304.95137257657024
305.6353875072374
306.57946786450776
306.6626911510782
306.701970811438
305.72733610313463
307.6739742796101
312.0492387907659
464.18069851151023
474.0593493560953
478.45419622004243
473.1283195365773
472.6113739351853
472.1104138979726
472.2228874429748
470.43606801262126
471.34821724434636
469.6272791547055
470.5385140506268
469.4032674888028
468.55979414945364
468.55629344699577
475.2214683246115
478.97552913682034
476.8360145167556
475.0446144444191
474.71446700419057
474.8998796036902
475.0461191634809
475.99184041696236
475.1310803795579
475.08833401640965
475.4796721438543
476.78424171375985
474.5213497963842
474.3081298297944
475.71633963134246
477.8880463497117
479.24574609251175
477.08213893763576
476.68550017372064
473.59225311438126
473.67812742529173
473.2517596619602
473.26931081323056
473.37750092127953
471.6898960610928
470.61990472877466
470.71398716439415
473.0722009853937
472.62392237713897
472.399112929709
471.65741171279444
472.215896658643
471.65543629622306
471.3811639605619
470.36700457850077
478.62721475747225
650.3365310316699
209.40467232637343
343.02078692165594
315.12072431150233
846.971272949934
597.1063022869981
478.00295938123685
488.40655514068914
499.9054769483793
685.5069816450717
918.2036357858073
1014.1394240232556
885.4577299755109
881.7319875213688
931.8007136412774
887.5444067987013
895.8674258627901
853.5032792124756
893.6548317803287
918.8369422766137
1010.969839295915
1036.3092187093937
977.8164390070116
1036.7418529545828
919.6809966112165
901.7216665061186
880.263233310572
932.4185057088292
932.4298405219878
970.7324503487001
975.7678107271882
970.8253581697437
945.9074619898112
988.9608929512009
972.873922179046
1095.4811829657574
1010.7050041698793
975.1247679374916
946.8709096789602
1099.6775503107588
1098.5729406323771
1083.9946781284502
1194.3890171385524
1105.189420358601
1358.850158378178
1101.7785889596976
1128.4613649387622
1086.7482303279082
1066.2102786159605
1077.7928111533888
1023.1452172110577
1121.9198156074194
1117.3695887815766
996.4366504227597
1037.1225404603624
1036.8972850937369
1064.1844866811296
1057.7929588327106
1052.5393372597437
1090.8575637251784
1209.236056518982
1020.5671166500766
1118.8308961009939
1020.0621884420024
1004.566281178042
1050.5945206420568
1017.8385982418814
1067.8612076127542
1036.201306571388
1352.260183443547
1832.5363035782054
1822.145851793901
2459.6479968032586
2025.8000212903846
1895.7499720955166
1946.0126990398062
1988.8022305046545
1467.8752521836504
1532.6923883295353
1773.1429362736578
1901.3048534647698
1989.9715727058945
1548.4653913204922
1778.023284434
1602.8516410816426
1564.745897645778
1678.736733378452
2177.1767105603153
1878.1692036625614
1568.8644819508222
1957.291162105021
1914.8610095596678
1761.9747997741342
1747.3157276262598
1741.6241203682869
1640.381872478825
2007.5048935857978
1771.6171643965772
1806.4206375991419
1726.9376063711793
1120.228381498237
938.1179384245844
1059.780559774389
1152.8390700095626
1174.993544145833
699.577782506561
369.70885198921974
722.4396537434399
482.77802524932343
482.57528782819
480.47740787348323
757.9336622863214
1191.4677338712725
1280.3225672249298
1119.8346362610266
674.4323298104049
725.4892471104902
1362.1002364077374
858.1209336366181
849.5548863765549
1210.0538052823667
1362.6547025555194
1160.7275724371032
1511.6726944673069
1289.1474366313041
1235.1502019042227
589.9469786651209
1101.4978210251984
1369.591926583157
1501.5198630606674
1225.6094953222118
906.0198199608973
723.4620908581962
1138.480751236589
1099.3936361730923
959.1375116794851
1311.6111889190097
1361.5380206488005
1209.8241443476054
1750.4723010460423
1223.6991259273657
872.9943803932925
1552.8643535699587
1092.1048318415599
1263.6498899719818
1069.6275322855095
1055.234656249895
1020.0185108795419
1014.8642458884232
995.3446796573643
1057.9847214648098
998.7784916958004
1072.3827627537335
1064.3102600268903
953.6916573786694
980.8901414848398
1065.8108029676885
1089.3781422773154
993.3242300875833
1061.6060254254235
1186.4963608276844
713.187731389947
628.403999275782
743.6229374024908
484.8431895409604
823.8972149229261
1022.3935178354776
1283.740767483939
1168.0453514071785
1220.1216708387012
1313.6611657545625
1285.8037567887231
1147.7827070208052
991.1856809058835
1164.8026954228374
1173.1107825505187
1256.5502010813098
1256.900707667542
1232.967319199382
1227.0303578644928
1146.1027534326804
1342.1898335623714
1203.2413589983935
1209.9975166742013
1415.7237071069485
1182.92135580983
1400.5209722793893
1293.9718110647693
827.3992749894068
783.417182976938
1318.8047283725334
1218.330296307956
1395.9494857574068
1358.2054175650737
1384.4380789155464
1339.5302660344908
1386.3514222685344
1275.0136589691951
1403.780047316271
1292.0596936296542
1342.6064036588834
1027.1845343685736
717.582519764335
920.3555680516951
694.6914930060428
643.9569363017671
926.2556190955078
966.841400782189
1082.184041910316
1027.295966813771
1083.5174929910054
976.7796688113202
1049.4068245782578
892.9031488740605
489.1914641552418
345.29359734991095
290.5309321511892
290.16333828527155
289.9249926844899
290.00707158263566
291.01355898740087
290.8812375472805
288.0036709436102
284.03177501488784
284.15306245017416
284.1177255170946
285.41053169595455
293.1888778910609
290.93029325705965
293.170364112199
290.0327411020239
367.11050153147244
285.57207848443187
348.69934459757764
317.0092204999515
316.9744310145047
316.9911718877553
317.11042813494447
316.16854525209664
316.7318939006519
316.83864307574197
316.72654671004227
317.033439563682
316.96044252857905
317.0047593158863
317.1477934618902
317.0764915698806
318.7432038641198
318.5408812064188
318.6094191510689
318.45402856034235
315.7306252973017
317.255888672116
339.24358182112826
307.568965496234
307.5017412298688
305.4467713526584
276.65718799896257
284.6163579971211
256.8819255818829
255.17583528604422
257.56886504162924
252.7156180677372
254.34826692310534
313.51618889771385
303.7703351000698
305.0478968678587
319.08755716940846
310.46469551926776
305.027598547199
297.4252256305821
302.8132176649612
286.8075289479516
276.5332682398687
275.9119435685198
272.11630751078894
265.9615441606552
322.12352668644974
311.5599501559584
308.9293947048889
308.4346233280255
308.5679140484293
307.93042430953295
307.2596901826813
307.3201665429193
307.6966248379205
305.49570002741757
306.7539054265956
307.82327324611583
309.52882145418295
309.68725901757097
309.34660117343947
309.22728822427416
309.563274205611
309.3764169404732
309.17065786028354
307.60272929579537
304.4808675186436
307.95569694564307
307.6728306682128
310.9996790920799
311.7662329947098
310.70134089700014
310.10122045560433
310.2269756341931
311.11018090644814
310.0797217895407
311.1700799034681
314.53572041093355
309.98728701097235
311.5412580478535
311.6420269551643
309.9931612240275
309.89849527237993
311.7073498428277
311.8347987795665
308.2575112424704
313.77649708140245
536.2065465537387
509.34455620021674
510.5934461309918
507.5510088318076
508.29488002344385
505.7042537598642
507.51084439539255
505.27798474488196
504.70022240774824
506.22400547604985
506.60564976351253
506.07331902729857
479.72933866775395
472.1257833074602
489.8622272739515
494.0961522475516
490.7567718415859
491.0240163211422
492.8527856937819
491.6376868739479
491.6654593797873
496.3613892491371
493.4146772818062
494.26415964190403
494.5694453076903
494.7185868433077
495.1038245105674
492.6907965296224
491.0669783436777
492.22913982684804
491.78490232743525
491.3258634638317
492.5677147814647
492.76337957234796
494.93694760950814
492.612318812043
493.40492473632236
493.9903905383426
495.3781602071278
495.3245529049113
494.61017887786494
493.8627152527054
494.75078530194116
500.7804834440809
533.727909909626
524.2510243944672
501.03824948254066
520.1360330206277
569.0040030318619
516.3247603795456
504.12147794815803
493.0524872821416
489.6692296662433
499.321027214226
508.71280871839946
512.2738652071756
515.131719446843
673.1194389767512
942.930688620123
532.5674953399073
595.9379101544628
832.1810381294732
833.3807947921097
992.6074574820663
924.862656369856
1038.251049013189
954.9176226383595
973.5532786317577
998.1203765561453
950.3278555441948
845.4391673410333
956.7556048979117
1011.0662618913212
980.2275728211713
1084.208987975467
968.0950453211941
961.5028423248984
969.8944408167847
950.3027494852288
1022.6054942716479
1020.1922286055569
982.5619354042625
1141.9187520589185
962.8328819808389
1109.0299572612616
1053.2287890096868
1238.3487430336636
991.5669587938664
1137.7135128062441
992.6694044572213
1085.6217368271487
1065.2415927846648
1037.4137505761755
1027.060569580424
1177.6624522526708
992.5062367477844
1118.218765691181
1123.6757108355698
1087.7404599099355
1119.83829929507
1157.833381177752
1079.70800322035
1129.0201347948696
1188.2977557320155
1161.6951699114684
1042.5807883891116
1212.7014370319102
1100.125022829822
1084.2522474618543
1109.7077983001427
1044.3120301112274
1145.0426729522974
1036.7285708366694
1080.246262704294
1084.7038685844664
1189.3058510475403
1045.6070036361557
1084.629077802409
1111.164229935474
1064.6137401051346
1238.7708169009438
1124.677424376468
1038.4103985586678
1100.0047204251584
1306.7723376038239
1791.2003601423053
1847.6500683888753
1807.747807276465
1776.3462742469194
1652.5055007447281
1982.5877886729256
1887.8982119710338
1858.8553156698617
1898.6211520196107
1819.4597977424353
1641.488398030615
1831.1864514298647
1730.2627147278756
1318.0611111563987
1650.6174442999716
1784.8996436361554
1459.259251226023
1670.514758202379
1817.5639918538675
1587.4843715230743
1501.8523718057506
1452.7222331058797
1617.74189546688
1660.6893634185124
1559.0321081389673
1657.1680174193712
1455.485248859691
1865.8714196372734
1151.367747866469
875.7676638163341
940.2252528705325
940.6619581543627
1018.4077875671825
1026.5906929443877
966.7566110093919
518.9477393969194
503.90865160155414
465.6526033341788
489.5799831611035
497.669745782983
495.8761535195978
498.9073712862511
499.0926884608447
498.1708646779865
525.2125785660263
488.00199791269324
620.8339675088024
626.6806843044749
1157.0914605754595
613.5226998259886
744.5510504105754
948.8529026451237
975.1307885328506
544.1342574406266
696.4255548023319
1077.5699555771284
1222.169866145307
1234.0575465817415
857.9234621945676
1195.0857177343232
955.1255883554579
1218.312466139155
1211.7648269200354
851.2281532893509
804.3047332974917
978.0647257760323
1005.7877250760778
925.8616774108335
899.3737104791746
988.2298976591984
1598.2567920398703
1475.7742849017511
1408.6921222039812
966.3728997011655
774.5668779728893
1125.5361128279478
898.0368267208975
911.0293260370381
899.8418634246533
1006.0295009944251
730.0257679278992
1044.1012922604223
1380.2272684313548
1779.2711068054414
913.4211740600981
946.2623949736242
999.1290156935332
1036.7563572430777
935.8596117612082
963.9672256344148
842.5823226313465
589.0331324740349
488.2857572601929
627.7348463852094
508.3864341600713
513.2213882809882
514.8495199324772
498.6347922424904
453.0101138481041
490.59978954344496
509.3436004048411
497.60024694333174
510.99798044771126
510.52353374601614
512.7429398580691
507.55072256693563
560.0831218333666
1210.2366019243493
1233.175369535541
1131.3005637255717
1107.0135083538244
1216.9419093126428
1208.7682665948887
1235.287696899144
1212.7613881301213
1167.3132541470563
1151.8342819763952
1277.3851790045774
1268.424465164628
1262.1797015367022
1250.238619850245
1270.033160298303
1226.8197339829417
1047.4331639895718
603.0074925107002
1016.1112960231386
961.2037025900071
431.56991154366716
1004.1196093310899
1251.640730375485
1250.9989017274827
1274.0197486167713
1266.1385851134842
1323.2555194310967
1250.5896916316851
1237.8231846784952
1298.0884234630473
1223.1974260791994
1163.3344087116652
838.7460638212995
885.2952928288161
740.7524978696584
652.3633679795737
885.602208202264
918.0232276872625
861.6767578222797
881.7383064994498
841.2139284458642
904.6114733252799
930.4012875490029
847.7391001600439
881.0857202413406
744.1103458712026
343.25327496617655
343.484035162684
338.73899831999086
337.8086381546485
336.74858364740277
337.16553254125245
337.29787574333307
337.2519299562595
344.2812508494351
345.3424285862857
344.68954098611334
343.4832075750684
358.71517894013374
376.01253508561297
357.39991270560114
324.14583365535344
324.6433181263201
326.9213715730329
327.6976361639392
327.74956464662375
326.31562097590916
327.44197211621963
336.5061468236773
308.72613245701353
188.97633268612438
256.4597039303803
256.4338626707388
256.44038868918176
256.33126480347306
256.31472826755123
256.2979396361515
256.5402030756505
256.45906412295034
256.42366228857185
256.7648554927644
257.1326199739561
257.0781833486897
256.9238957436245
256.91388050770547
257.0041115087191
257.0541460180982
257.0390291154683
257.0096593861895
256.3114070440257
256.02802037738616
256.10546420265547
256.1435950936379
255.77708018232946
255.9949409897585
256.3279161492915
256.33291775429274
256.65911420308316
256.83231544285405
256.8487243833706
254.71860654539205
255.91566553656403
256.2582263233364
256.2999083222093
251.87592160663888
248.8665371770453
251.73881709289262
240.28650704969303
238.6719371258866
235.8018310833746
232.44747260193958
233.62752305342843
234.61837546185052
235.05725523416302
236.28308268166177
235.7148210436095
241.2861549622738
234.04480558033242
238.14339970135958
236.99314638694685
236.1589051492693
241.97187991391016
236.52515051512648
241.25594623638003
228.34021030241527
243.04922152509758
234.90705934420598
232.7862805039675
230.69536531779414
231.05857490867567
233.1547351491379
235.85411358073827
240.2358930999192
256.20700354576434
243.422732613234
239.10323740983446
239.07304722418243
240.00016445335933
238.74041641559873
245.63045887641374
387.332934715892
371.1419662720991
363.34439146095605
357.98848320900265
361.1444900881511
362.0030790193884
363.20219569006366
363.26638925186313
363.794477494105
359.87163354888935
360.6748041809778
356.98603290275156
359.2692259641112
358.8511618500945
358.203424325841
357.86036978336506
359.3445678657992
359.17620333859713
360.5314779395652
359.72737578287524
358.7466190031576
359.9865082933617
361.9531815720176
360.298966617417
358.7631583124049
358.7743924506743
357.052476641631
359.25420933185376
360.2047190188785
359.5467997201021
358.9172736873735
357.05054482885924
358.80570074203325
359.9519515715113
360.9247519777801
360.33818397459794
361.2148843730103
361.41577837749685
357.945404556972
361.31494527961723
362.3728083365847
363.76756061645153
362.9988041898187
363.8532077763739
413.6072970725101
374.97456665588265
364.2602249524563
363.1194198312435
372.42975431145453
432.3619367508043
380.69012946813297
362.0841146593206
362.79312524014057
360.2276713592199
360.789427508277
443.7027184341909
612.640930675989
599.9487063410053
711.1676879751128
700.449766987687
650.5657572778654
684.9175793961894
738.3581945223508
660.2438623445953
648.9932796823724
646.1498329356524
629.6695190165578
641.9526972030692
691.0594241203385
747.9322274067932
752.1818960141422
693.7422686504806
711.9597272971608
711.0022951878678
716.0558021041695
728.5041162847898
698.3869928045297
675.1412569578196
697.7561953569448
738.2315134893967
701.9127342163479
724.5353241017805
761.4086458617692
709.8929463462537
697.8972862091669
723.2862957354877
859.2527321479237
885.7168382806276
864.863227676024
826.8956850027889
792.5998765824487
834.4286041261606
813.9152420717838
904.7658096421457
848.5447419465713
773.1976425698084
916.8147286780132
875.6725540050718
854.1121343431703
861.9909730203577
790.4838090658415
848.1190909060731
808.0827457303872
847.7368757747143
820.372842326471
876.4212866390363
861.8238770497561
973.8580052127692
997.0572796187165
863.4929834258669
789.782980249701
835.9891894304028
845.7594632173367
882.5629673749021
800.4958519472135
823.6077902805148
984.2468809657437
1182.0203921112568
1094.3551909018342
1238.1752558035978
1076.8693694058934
1062.4769040817075
1166.6370079729031
1301.8624238313014
1221.749403351559
983.1344704238165
1079.6822036633778
1073.3325770667568
1182.2963505349128
928.2638121421152
1000.6699860005559
1055.6940973296444
1084.7198553473636
1022.778125605586
1122.5610413594252
1179.3462341680429
1056.4760899647238
997.8426509284799
1122.5916645504667
1104.949023034972
1115.604020283912
1037.4303603383228
1161.5953543245957
933.1152689319972
1008.2479294982061
1038.5967044342267
773.1122788523063
445.09963062181976
384.80222439980304
455.424509855654
362.9398416658793
364.53852455276166
366.80978014445736
365.90336414587915
385.90994392356566
367.4433976578667
368.7652038081913
438.3180083122991
758.2330944836147
881.6739062230441
927.0669492698036
827.1996038605588
755.8031520454214
774.122113391002
501.6916537736394
813.7698477654451
933.5133506301313
925.3747862799869
716.8722943217733
933.8425228888136
915.1680846990837
782.2043135915144
709.9122323800933
777.590081998835
725.5895586173876
697.6136859816473
746.4180103678434
727.8190468775953
789.0032443164014
1083.595147411731
870.5382601274689
859.9278397847398
957.0557785752643
762.701530092062
613.1930224409172
829.193209987644
680.1689417209689
735.1452129741724
606.7995479996637
1003.2728671297359
955.8794567590182
662.6712629421614
744.0605390988095
760.548106013178
790.6123156620072
725.809634963371
752.0972829876955
728.8637682119411
725.1297540622709
765.6668156892508
774.2148810283696
721.1324370479076
788.0107687757225
729.8431984027958
721.572336013002
786.4514350747221
790.5194180205655
756.675238036747
748.2260185082821
718.7528124000794
748.1734877519087
730.2589480165941
382.51018657623536
365.81660069479705
373.8868990553036
511.3396580898124
478.3995231328818
955.1877398080891
905.0074536530254
974.6117246806216
921.9063786834272
849.4524351927861
1012.5278297742618
1052.1855351931654
1054.0526219818353
968.0831395713643
950.6127625157023
1058.8238437363123
1051.1035498394958
1056.5442996977274
1001.6192427323899
995.5151692016681
979.2637089324542
793.7802251699163
1001.8842233864219
989.2694082027506
1058.399259489276
1021.7041196809065
1040.9556872728497
1052.5071957404766
1029.979256618896
1038.9858510400027
936.7758925724283
940.175584621701
1013.8548310171302
1094.9201219747888
1014.1844914367956
951.296911935469
1116.676570578205
1094.0508906997875
1148.4153733538974
1077.5202295686843
1044.228881282495
1055.8399472512194
1020.156055464218
901.9148650082524
1047.4508222821469
958.1250444511182
884.5841215629357
880.0632826188305
378.549748004137
819.8378955634845
834.7373554561748
732.9329684986634
657.1513045973167
734.6825790399234
750.2040122434654
792.0352141713494
767.7402373821096
733.642311498741
654.5081410322284
408.81748908101605
323.8003082982699
248.9232391127459
248.82688291691161
248.7664654700021
249.1069450207508
248.60858105961563
252.06031020149788
247.6291584011935
248.4745421848938
249.17125463713697
246.9825987268737
244.53674571640903
244.54046376427874
244.48799688923353
246.73250159471726
251.01418540347794
251.51873077423107
251.79845504091583
248.94031078486282
260.8941328967425
234.48024603647687
271.8235155184663
243.5714329708523
243.63315336130748
243.49965951107433
243.59185695331487
243.14425724787046
242.8100029421128
243.12256935799454
239.66732578222573
240.54276500977576
241.5812006541723
238.01639113755883
240.48240208596252
241.97415274203405
241.1592947501516
238.3790472072131
236.10191520397984
236.113228273062
237.10004558051136
237.40451216288128
238.33328965625745
239.1235396880572
239.35695866915958
238.87595016713752
238.2156796154443
237.08631700176255
237.75593893418957
237.97529953065
233.02689899133622
236.52497679576888
237.18489719531422
237.14046757605766
237.82243434500174
238.3440578275105
238.41401591773965
237.56538538078135
237.01453763857015
237.59452152419854
237.6919506147955
236.2377733597596
230.30438112094754
228.7243538330576
227.67901465528792
226.93774301911822
227.040586321439
253.11600043473956
217.77445947103425
213.9311419133165
213.83153575718168
212.279511056932
212.55735473184163
212.56927380821858
213.50818004592034
213.31306550378375
212.54512007221476
211.53811066138533
211.30776057230136
214.1761688938842
213.20939594385038
214.58903590143353
214.14094985323854
213.833298679887
213.15510620599082
213.1056524329548
213.4926372292413
213.41603441357594
211.8748567428797
210.6480167004679
211.8356391432613
212.53216206465922
212.18332318418268
210.2539639894791
213.10366867431156
213.06271482641498
212.28303461144029
212.2847414870154
212.07936571601985
213.06658927169113
213.01315136751313
213.00863227211576
211.57756596595942
212.5224455263946
303.02077587037485
381.0751774672748
379.5717046203611
373.37621165071715
373.032008804367
374.3038914477434
373.92754165819997
378.6155287371162
382.77230041250283
381.5667430316211
382.1256738433433
381.69971389985886
382.7023027650112
382.89226378204125
381.67456904961085
380.19999207101597
380.1227310501309
380.4882915278066
380.5019067929039
379.9710912441297
380.2392171355226
379.77384341545667
378.4403291279198
379.67886406004124
380.2794147563779
378.78099398660265
379.4267361058733
378.92809747021363
379.4707227952494
377.9736497857117
380.0314127605998
378.4383920906638
379.55480272810524
378.70636195407644
379.78692122151614
376.55844831452987
379.24990457488974
377.7587439824365
378.3264252198397
377.8474409115329
377.85544452449045
376.86834162211824
377.1133187689144
375.31477136627353
367.9619076161624
367.0849123733555
361.70452426072114
360.45318591342397
276.38567137086665
411.7571089939729
435.28268243422474
409.77967977125786
373.7760265167384
376.4079662876066
376.84439740884966
377.5690521371133
388.8872595833186
570.8041444918225
578.7918792144411
547.7993888266755
444.8631685037331
619.9832188618196
630.6344258147489
601.0534794073584
622.447504217103
620.4068660510837
639.6730216234744
659.0667323333441
623.7096541347737
622.0064208603382
611.4073155883162
648.0835811441958
635.37715393832
664.0185763596324
652.0194123549742
652.7366052780814
624.0555641084683
613.863101148798
678.1809951654678
641.6388939998784
688.8076698608378
720.1686404692373
644.4504355008838
635.8992195356469
649.667937725422
732.9923627505791
664.2871598733237
715.8395740473894
705.2497084901369
779.5735877897656
722.2441865571099
715.9081553507393
758.3144475425037
771.4768773235409
723.4801087058174
762.7960149614746
780.3528747633195
785.5782498913152
812.5691506520488
760.7824462601335
781.8008909665731
723.2793382464453
843.480763185441
745.4632912004289
817.3073911893237
763.935973988912
716.3774320841352
717.4238048560916
730.0383868752342
780.34431622372
806.7669345004527
739.3819166857581
785.4028649200962
806.578291879688
733.5488329145068
772.3898195025793
731.3339373724897
938.8349757115606
972.482792104249
1034.496005383596
1154.201521112923
1027.5239027124017
1084.5767940054006
1065.1558439945127
995.9582593540113
1023.9890115709132
1232.585047830583
1204.5730259354111
1075.6458079402485
1142.364801818687
1080.1817664085986
1133.9014113861506
1105.5358885138096
1098.280245130509
1078.935738782616
1013.5404034281769
1142.5834712485878
994.3715630049933
1017.7559870546155
1083.8637424832693
1085.6443189951851
1114.841426000234
1081.8407800100497
1139.5607312607915
1164.3612599532992
1010.0730699623965
1168.2690470283994
663.2650014894471
656.3411072577593
711.4161222992221
711.7011139061343
650.1966286714702
374.6133581637902
375.27382599747506
383.307069618049
371.6759412689204
390.41876143314227
378.171491080761
384.96920250216573
770.0599141135766
940.3520959212518
884.0366323601282
759.1445049713551
860.6485436371046
909.1601263547811
947.7290812083389
871.3291288122006
703.0908949048152
720.920849318834
854.7885364267999
968.537207741558
797.1169243273641
777.4776563828037
747.9086755507499
807.8277446102833
855.0114224578344
621.942795864931
854.6989184961365
857.4306537445168
564.0525346713607
525.543921870717
806.3339930000475
769.3183610880911
584.238710159742
894.2009245231068
1023.6652754208513
798.4757402240226
940.2708698449247
793.22670446163
827.7294469126698
632.530387787789
726.2954127178066
716.109611118992
812.3262235273422
633.4149664042551
501.977448287769
400.77859266697226
378.88559128407553
681.5953627457471
393.2809231831419
413.2378082245202
740.8388193270779
736.3870912799849
769.8985502651113
700.6501315412635
704.5001534094037
778.2206618878926
803.2280687874097
804.6468055090579
796.5557452000368
811.1800797420888
783.1059702927547
854.3802228075898
806.9066899080077
783.0253205619857
809.6342325641584
789.9138743301585
772.856001386101
826.1721661195808
793.3191985615948
781.7996595291846
590.0808003443185
672.6337501678793
794.8463612769807
793.6331971710899
843.0345660212031
778.4421565323502
413.34635022887335
812.771782725425
781.6407493568739
821.5329679701505
762.3358798390149
805.9225425371454
428.2582434294558
711.1552876687668
371.86273194803226
1035.9614486664202
862.475109808305
372.5621961830627
391.90150664340024
633.9109443891319
600.8247570510691
621.6677496696361
584.5069274070553
562.1333017312583
650.2998674610956
629.6406268189908
628.0223319164289
642.7535464858548
545.4474531773565
331.4232445594507
249.39512796566925
268.3768471131763
241.10691022126505
226.68272141643672
235.06532130705153
235.58253077240064
232.79440680907263
231.85702294995346
236.84158626607203
236.52138111765953
232.4996106085686
231.68988077711225
231.75313925670022
229.7990267392337
229.86731506372723
229.79905056079113
230.0907815169371
230.15208094202492
229.90264971717662
229.78654355957977
230.24874181463863
230.3802670231574
234.03486007885488
245.83070260397167
377.3725827475201
441.7613568751083
404.38518088542975
389.4450264347203
389.18280395926644
389.3913924496854
425.88082809393387
403.052241545458
365.34536567459315
365.6245335482707
352.1552441681537
352.567036844037
359.80909603520576
361.42650079750774
362.3290258189855
364.70377032946993
396.25351466623687
369.8802087161212
369.95075334381994
372.29536785756045
372.46362719870393
376.75920784659854
374.916355140223
390.6527029547987
387.5519334445457
387.10495196026005
405.1397869916668
388.99649659230255
400.5100862228856
400.78737686413376
362.72872112071764
362.9299732239026
362.9347907767743
376.9243608233856
371.6902214118246
358.3075587406073
361.00809421399657
362.3798640772659
362.444167847047
362.6723056168449
364.4625888342779
366.1158083907635
363.84577652161244
400.9178108660575
355.99094800257325
355.3143959151351
353.91478310380944
351.7646439201206
350.9749673789558
355.0907213647772
353.3437714676013
354.8509029823031
341.91993837452617
349.41811256901985
392.7090399847537
324.86390634630675
343.6839621631154
348.099091015584
344.35952079841303
346.4274003251356
352.64544672304294
352.53926226979405
353.79537678057534
355.0983722112026
363.5489371843502
392.3338755673303
390.2753964537155
371.76359870957975
367.6974294686545
366.36134211517486
360.9728198811856
353.82466967070087
375.40101796985135
344.74861493137263
343.7003576017331
344.8034067927884
346.8219327876428
347.47804168635815
362.24899590661147
522.4744228784037
565.7737441894
554.8313355095123
556.906814905506
552.1996094901394
551.7335410969963
551.6520056502217
550.8373366660796
549.5791209484455
549.1745715864147
550.9408283238744
553.9907292635789
555.0573053026543
553.9941464061145
550.073111302569
552.5853655984497
550.9301509214564
551.6569623494826
551.529787812844
553.127855603922
553.1052387635237
550.486788481093
549.6843534139608
547.9973187696862
551.6277872950169
549.4124149186613
553.4900361453288
553.7240783470768
554.0085341741997
552.2616349891271
551.7090830085854
554.0463269870684
553.8524382324332
554.5894839180189
556.8864403298624
554.2731507182517
547.8046593881039
555.2058092370111
558.2693446984977
555.3810384833257
554.0116146372538
556.0640704021412
562.6313660622659
556.2548457611958
554.1513450577327
554.0264603901293
554.4339332603101
556.6682718989028
561.9621882077174
550.2942285067263
553.2874540897701
553.5841592057567
554.629575119992
553.4219403933027
553.3390725110927
553.849176664087
553.3572782494434
553.3954873452336
553.6347585560869
552.2142066434416
553.202439891214
556.667547997165
565.8694638162548
547.7462846683059
562.0821749318982
594.2397262331251
735.4022757678406
619.3130181017552
549.6971929907728
544.3750181189238
524.1178367998496
527.435496250945
534.536161119707
853.9019941554145
967.8761007045115
943.7880740570138
884.1036522248942
848.2290631040871
1014.325505749733
995.810410989738
1138.2687877579285
1040.335862436888
989.8922387475703
1013.9109758783995
1067.683865508672
1127.2818427745076
1188.6660391721991
1016.3192974624346
1001.8147716713266
1020.3379312863464
1028.5382415278539
973.685374338079
1004.2177000953408
1100.1576200032935
1028.9765203834702
1072.7731587308406
1077.54573978342
1027.000525077792
1036.104555301946
1056.757384545436
986.3373866673205
1054.3891763589993
1107.9526265622374
1211.5597911885766
1284.5478507169516
1161.2669680798294
1220.1204175984221
1236.5008981989968
1210.1305174111696
1324.0166740677498
1278.5657754446495
1246.6047401222545
1189.1222983346076
1219.7390835119788
1248.0739410007589
1213.1865938732165
1129.9132051942545
1180.0733298977332
1212.6020956116938
1151.1528877327462
1322.7867406219557
1203.0075024254422
1114.266555156287
1105.0691648940176
1246.6785813021377
1197.6884076726105
1249.737359508699
1207.400178992411
1194.7740657766947
1174.2277247643142
1115.6529959709194
1133.839658891252
1257.5671383047334
1474.5637158231486
1785.8461031490353
1891.9050662890115
1935.8277216440117
1929.8338355866265
2041.61576725503
1887.3543564737322
1772.9203700729697
1741.7618678755377
1866.5321440737555
1871.825905080692
1952.0101039366607
1813.724045378459
1824.9147643186382
1830.8368326308744
2033.613825139855
1987.5760053221818
2003.6759682622412
1953.7842150796744
1943.9754491436772
2131.9772693494556
2023.9726944696479
2078.9098536256843
1964.559767573856
2053.9908873094214
2034.0926956887981
1862.6294178123183
1799.6345688273284
1861.1220505173849
1851.1145231319485
1722.4207078266516
1068.3792717552897
1037.5075758240787
1034.4751703928948
1099.4711386552929
1169.2120393076864
1078.6498019986104
836.1114949616561
539.441883175792
583.0955550270911
585.8537357539268
576.7830396939177
1121.854041716168
1188.6339021679248
1412.2991245900523
1730.0293497501923
1786.152540772748
1245.898454989777
916.8284077607507
1649.4046108112282
1507.1300881147752
1117.3316656919576
1323.0577325849915
816.1973143738801
772.0189513793982
1302.353082853572
1138.0136152946043
936.0822713642156
1231.9366646292215
989.9493741153842
994.1534319937515
1358.021853912043
922.1164837619974
747.0980366284824
1165.3667426611926
980.1288806130859
1304.776235922347
951.0364786008297
1459.8843368625483
1451.708073436849
1010.0286644119819
670.0995651665917
1110.9062293876443
1189.3741090259034
995.4789346079906
897.1754940313492
1081.678595875094
1113.428663347832
1174.697346222986
1040.4229666171243
957.4486275489456
619.8955634952476
565.9188558740959
536.3137719042147
540.0712530663943
637.1608935746417
593.6568835256542
556.2889952213538
565.1476000969051
570.2486781055645
1153.0843969684886
1174.4388600599593
1313.6050582074656
1415.5909550416293
1179.9303023253478
1271.7148163634045
1464.7380967585493
1326.7555304861423
1446.5300235378788
1255.6028195386764
1292.140121665069
1088.1651405916907
1392.9571599054022
1513.503773993509
1388.443596067392
1453.5412930737177
1268.8273905498647
1400.9774955318924
1510.9272985138507
1557.9385034257723
1452.3719044794577
1334.4894527192469
1473.085742590589
1427.538338511624
1226.6928835491797
1314.4224902231995
1273.5728046016345
1435.7249828786373
1683.5583347821023
1402.950670285283
1652.2140884584753
1638.9713483791913
1553.5612003908893
1525.1467705144676
1516.6936315715132
1567.4559491348102
1459.2938495257283
819.1449733363249
670.7192598143085
569.709020695133
618.912386805664
923.5443639954682
994.7784917490178
941.0901923929354
944.7198349765721
969.8596560568931
988.800542290259
943.5043198265375
1031.5773482618745
1015.5194626629902
947.4850554433601
704.866207847364
463.71632072137544
549.6002065056182
414.1466876124075
415.0558401219693
419.6180561771102
418.1556667059566
418.9806418179869
426.4060756280306
425.8247780275749
425.66312992702024
437.2551515126635
438.88470419016704
417.0311670919265
414.06807660361125
426.66124724100445
409.6898612791981
406.29645788849325
414.13872324347744
410.32415006188967
399.40647941355206
397.8065520174983
