0
208.49555322297329
223.4924914612626
208.75677005682718
159.77325507279517
141.98409661897898
191.4011165084765
247.236955087392
272.67937546094527
250.46048302257196
215.58364028185582
171.09816038112712
158.58619397182713
160.9846003634591
155.17093241541824
163.46534229281968
172.82340489388577
173.45709016015383
166.19333638923172
160.9755030238781
160.03611370785052
167.24717535047364
164.21717782382507
129.45500380792248
84.10340854720874
91.45931456333471
120.28769946652221
175.01980605217153
181.97344525640818
168.0358044567596
155.81141981137057
160.50746753994787
172.913558897575
172.1655987478684
156.9725305883017
126.56966000896642
101.65567953011362
119.70336879120748
147.8600725573147
166.27098069055899
141.5631301333417
83.13898831277385
7.216101148337543
12.09987145985042
64.49031555901371
132.75306775565457
154.60903260158034
160.71130012929603
137.71348133226473
109.19528840883959
97.65218586156413
113.37373669671103
108.12192955678529
96.38668631421791
78.17074865394403
69.9788741802397
52.75682596360201
69.21761810426483
87.78793801034692
118.71758645449347
111.32539187758681
78.98680841044563
31.213824255031
30.286055365473203
50.45647203691141
72.7605851437715
82.60084464887183
105.68242988816138
174.29351911737206
198.8597648803431
205.74907264874298
209.9599431408604
197.62485644728332
172.8247700650873
166.85414633910187
177.78750460302666
193.86308834768113
193.48899441415415
185.1312224530958
151.33822852026327
101.76968277279195
84.95858724635877
65.19712513624705
55.25069435239038
88.86093703674413
130.39192808897945
189.1626299041293
224.3065235896458
223.21593411807555
199.25478643967432
159.26469729497614
120.72213130713737
96.46648190276619
108.04191849411171
137.53384175990237
176.09010803125824
179.7128209982011
173.70232043279515
152.42525677888335
128.52184928059074
128.30229464055765
122.4612803031639
90.32484267449746
359.84668527189
79.4317293726915
60.14557324037503
89.92604275708732
96.86085789937988
53.637168200140195
54.750517973579804
4.640438312479432
23.81565435990285
42.26701710499481
55.200489130770336
63.93310856560447
39.26946749712056
109.994241183844
216.91116962277658
168.24759153625814
118.69326681177108
46.554095428419714
18.762821976561895
42.5971125895353
224.49497372659835
258.4163975210761
243.6766391851213
216.74510252622338
205.97229451012095
181.80234200014627
124.7982724105575
161.17727667956103
220.4610386937419
177.27789427457674
38.74885693179965
325.3111930227982
365.9872155148196
160.0296325120247
169.93649410469789
152.48406388973342
74.9014674359862
203.54109192105398
131.75345125530737
36.40782297530768
59.68938884594593
126.65693377280809
178.24400234515485
223.82119704475053
212.94409636906266
137.6830255210824
134.88057251087264
179.49618330832266
262.05336784679525
244.84045256514264
195.70677892415586
228.8851986397275
120.21513759625736
76.87747079018595
88.03492974603739
248.54998028326406
235.5204022544059
230.7616407027915
226.22775514512512
280.49018815782154
251.91779811166577
221.15763635847532
274.9475407414727
293.6411482645733
228.506960395482
219.60343799719817
220.58940047255896
164.31833771131505
179.7317414018827
196.7092589303295
177.2691923261566
176.61951832105763
229.31723228014243
226.0553557145887
233.57586381038413
211.12415783395227
164.98252271182105
164.52338426627114
162.31318415126657
108.96532775319679
72.85195765598132
55.254266973060794
64.95871328218573
124.28494592482161
234.5671487869829
705.5242534551792
385.26467231066954
271.71395959370875
276.84411670534587
193.31665715791132
47.251070374587925
3.453934708872339
50.475961193079
6.535061390742385
61.43827942216126
23.908819884974264
114.80126451103843
97.22354398839502
96.84496260193578
69.65078805649614
11.009794436663242
46.276258421626835
4.455381491751723
17.790325606426904
19.009896147819518
124.39784633984573
134.05077138333831
165.60218027329506
51.14397918586451
49.15281622782845
24.75046285882786
57.66699144894301
128.52099802784096
15.620600887378941
5.583804923512616
46.298558940654175
180.626639138035
393.89229933981244
54.214860295895505
30.623087391559466
58.64431333069865
225.85021943489005
170.87711717902027
85.099063886708
14.677236897478792
10.883530282176935
13.167573740020657
333.91167228756626
1399.7093529906406
1626.1903910059823
702.0721157465722
380.8284516801498
33.32166357548226
504.7423840592412
79.59072080357942
206.44906452585292
380.55060731516915
89.23578643205724
32.60453009953562
780.2618533920706
786.0965454206387
226.71754862917237
374.36377357579863
867.4196199105597
715.8483918471422
144.02085736897743
167.91518283221717
733.7488935748993
171.05707353524485
594.5464597319724
178.72468946302047
76.35707374449134
359.07498010315066
579.9299613645494
340.6070707931499
470.1172466123942
158.9279269529418
31.09832703668144
942.1337135940618
168.1150843747696
185.7118551305009
158.697956884821
64.20866188605169
792.4048615215693
500.4235883168561
166.41844978768017
49.305993566749294
11.164087468644993
140.13197838048393
48.581176688258324
181.78620039193356
160.37404701368212
161.2290069286621
190.93372444078705
192.8092077275369
220.99360503444927
292.9636126549002
233.9377538489175
183.90992215955157
226.55061775106094
312.0146878613974
225.4435846987841
218.89596467794763
192.78546449364967
196.83195403828984
228.03831437764848
140.43483804321545
36.03866539443061
188.40800682710335
41.51835172605422
18.132079390595777
13.131732227893394
17.426050455442123
31.886298018566436
163.4905744421369
182.8849640055397
193.761680719433
236.464764842975
271.8408490227498
300.4580202071394
316.86785228816586
364.6375113799727
422.7822948271387
488.93807301142556
523.1591195072737
639.3463728869583
657.1549238768238
701.2631288409024
678.9480842927311
686.0848888293425
667.1749100964917
620.2687744011765
573.5957768968186
549.4630421962404
514.5093863169049
542.8861508489249
538.2978687284999
512.5900755525695
455.38784336625815
419.8880556501373
391.6060407095242
363.9286465682767
312.5560501510962
295.1106439604906
340.75357372364965
335.8091977074379
376.9041893380444
402.52163676435407
436.35777116863653
479.0913928676197
487.53881534779975
466.1216590729498
381.2148012389258
287.37000457702686
213.4637007208138
27.833331941781353
63.489232516705215
15.35822637184981
42.98715879730241
14.742778234458342
40.968580895402965
81.7453186791966
101.85022075017218
133.84602282251439
180.87878184782375
215.4271705141232
223.28465898900424
216.04223277932869
199.9121422584018
178.09153067800025
134.81144825767115
112.12868800446938
126.29598136830447
157.34293207781081
200.67275083616408
224.7292010367393
248.708974499889
246.86314944917712
243.53348203955056
246.57721306990754
242.64869612244672
235.78321702422323
247.49648796858537
229.2503353826399
213.2708249589026
201.83689057756408
197.48819632523464
193.77933516050211
187.03147324577122
181.95843448380128
180.04499359460323
157.0238659637538
117.35966423154042
87.0142104738477
69.6834266707582
74.14382920078936
98.81184914281374
135.10400060952878
156.84470797581548
149.72726255265485
147.3062878974241
169.26600155261463
208.50838963155059
236.86626651409415
243.45873425095118
239.810770109202
234.23814744403592
231.04649875849617
232.46051499486776
239.91920969532936
253.9376368116508
262.65914682502165
255.4460500639845
235.328377020912
213.8922368052372
193.92523064175793
187.0499970002482
193.30827212117805
200.19092354219993
199.2259485416443
196.7228202157956
215.94996737720254
244.24551335237283
252.71901856276082
223.54884089774066
179.21373909489148
148.45169624543462
147.22499447245764
167.1148150061939
175.44260799546504
160.1875295264129
148.85579216256406
175.36142929172354
223.21157916529864
255.0856018743691
290.85021576242417
334.3451005369607
352.7931516891402
306.99364040681235
224.77248625178078
115.7408497989714
32.45561622509558
29.312718259764324
84.3728509378268
119.06631910869561
97.18358399849342
55.57046592861877
16.657259745381566
1.7712019757382222
23.737941054886164
63.64760637454128
84.0429937571588
72.14181968965863
47.132714283590644
29.685210131064764
20.288680316055206
25.60081965879408
45.315133926214685
54.266428592945545
85.32551127875342
107.5677354789525
95.26263304147199
10.409092097273287
61.0285327840391
123.34316441608564
155.7368301603592
168.5916398635291
170.630210297185
164.40994539098944
152.18770494952105
146.80909715605674
164.23255926710124
189.63669502504177
196.11976061794684
174.55625489476813
145.86323243411817
128.45548109993695
121.14682555329779
117.75672109311455
120.1987252927234
129.97529597458106
136.1367660214887
140.4373095600714
146.05384603270136
141.7911635149996
117.86381056677811
100.64985829660964
116.05609524048356
158.18224911345146
193.83026816149498
207.60462377478387
205.85176479766807
197.14461428448982
187.38294503620682
176.2140790926544
158.98542686977396
142.10667543586425
135.36354825594543
129.3054731902975
124.72980159125183
134.92423780361906
161.69887753598368
185.19718814630795
187.01673117558465
175.87668461610252
168.49804189174705
168.9621871129745
170.25636361094797
156.37764114213712
114.26306929201479
135.5663523423284
176.2755506460141
135.8310784011636
172.16198019691888
185.47226683128952
171.22004337809528
134.24599043132736
98.04408660594771
83.68229358078025
79.48720260148423
234.59617118284905
175.7032581719485
100.18311893479165
55.81074584153896
19.209173973192947
17.66407354220098
44.02654726905587
54.93173760841546
19.743605267027192
80.77134544092735
75.61856314770523
59.412344754139326
53.209529321557625
56.161482483506575
150.364581134947
234.98299648541115
235.38424715410326
208.3689717938995
123.4357427103796
154.12751968675116
148.8445465839486
158.21501622935477
180.82167595706892
131.80051764755876
76.17249906214158
140.29269303941646
150.1620533139063
197.62367109852835
179.2990538353904
192.85927852006114
141.36861045422665
79.51242444090053
34.1122512287011
34.55185231104474
55.19280125786963
47.329395703222986
55.45614710400264
106.34096368516668
37.160574600170094
21.464841031585593
84.65012679117058
37.2817997705713
95.53160937653377
79.52567926533834
67.70565261180127
20.0600003785255
41.79583032166079
32.24751399536876
34.56098894708225
28.805649578593375
21.097641571400573
17.106453107882203
43.42018965665386
101.62737386794697
140.24294240733184
94.8974391946
100.89470711789215
116.90124541378634
33.10823446896052
15.232635925522573
94.58406335534187
16.211618498989765
82.67449479217066
248.47065017815567
297.0416937545126
343.4819746880071
389.1500548666229
422.5523060782664
404.19566372917893
446.9667303045014
456.1924724355656
446.0831696287071
451.1058112553733
403.41634452216886
368.76905293722984
310.9230655382012
373.66541302478345
352.9162535899852
450.9907072178046
487.6256749333238
405.9912675639762
360.8003330745453
354.4153072586539
389.30574651612983
395.7118647474488
395.851254487985
416.0584326302983
442.2141585073032
491.10701677040834
459.8949123458842
370.6907081197646
513.948017149791
425.2709601676697
339.66718977782205
254.16243562274087
174.41815040410268
141.85838261760193
241.23046153216637
107.3790461571864
15.891001891291808
33.74554297237057
29.353431965945447
44.96482788248659
845.6245374415307
1047.9011665749917
492.2617197196703
104.77224437879943
330.2686949805262
98.7872462575001
69.56731026164107
413.71211959946436
374.29838588466623
601.6743571666261
68.94558670492029
482.29870794349495
449.94218760519584
291.6884976488602
546.1156949479782
996.7209169652338
900.2819711823126
835.8413819834768
728.4273507976773
886.3141445457416
780.6574144386825
903.7450246315736
646.1612863037315
1035.9595071491706
929.1246162021123
976.467327577654
833.7461066819603
860.5257234839221
991.0693106126994
925.4280439539862
833.4425060988672
764.9056254664827
532.0733335856278
578.9413173560621
492.1124346569701
423.0278663217367
311.03835705192967
254.5418067075666
215.68938934409164
120.75909845394335
45.06003537955303
23.973728985412663
9.825117380499364
69.38850263020356
160.84313053785468
135.3114896766541
120.27504399117981
82.36525621200497
123.71423493500947
203.2639601472498
44.249075715188155
160.72255288458507
610.1992880048756
734.7367938588291
815.4791115568698
820.7142511480401
845.4564582190887
815.6537167969065
712.5830529605529
707.7337653130778
676.9450982303764
622.5472384619342
563.4534069582166
482.81710231274917
322.77456392096826
252.72307304035996
156.36435669499508
203.6879288078162
201.50748364046274
217.69612056009237
289.75633939945953
404.9626729249658
451.0359716897151
537.9059073446211
640.8665179030229
761.8419766244181
765.5243040578614
742.3468331854855
713.5175859121124
691.2746812447691
688.8839966045718
485.9237051740863
425.02445718935746
243.6280696207141
39.96309396590402
58.59575538083379
18.048501528985184
10.294597231050602
57.66403983071518
101.6744326780672
73.5328228414105
40.026520512910565
13.590018456407051
96.05194626329353
17.446705513535903
45.27727519781354
84.38862518807656
121.03410792438046
160.0223021975873
197.20405055822215
230.84494661993358
258.6836517016443
275.0452814632409
277.2517958501633
268.3510984281713
257.01497133357685
249.17880195168033
248.49285182403622
255.5254354207744
232.15629232092874
263.00752842610274
246.81116821196622
237.05951951197903
247.34913305162905
260.45934215263287
257.14382619222806
248.475362893627
236.37431137136775
224.56669323638118
205.41901047894794
173.54919663154573
147.84468902692697
146.14832101911338
176.03651847638162
221.45621087115342
260.6159947676192
279.38105450636516
268.5674673562323
228.94775718126607
193.77811314797725
180.55610242266152
186.50535760215246
196.60146656504975
213.9213697168064
237.31710121480245
259.4900067708475
274.1430577998239
240.41676926788512
204.72608493824043
182.7088160163948
187.63621200385296
189.37951595806726
170.15416143154874
139.07671815293173
131.85828290082026
138.90273981825692
142.81506245309754
133.19061500928848
126.72588756771569
129.69997948468676
152.40452691495636
183.02922887915582
207.25803750667427
211.18615283476305
194.29072601137182
174.7796610719078
165.22958801126458
173.46835807952482
183.8892157702241
190.55685616004854
184.5146219272587
180.43223280784213
193.45789151278217
217.56538116273742
226.8209112267313
199.7439059840853
163.9230119479073
139.86260759908436
138.80932623153706
144.4343814873447
141.03653474965563
147.59846828713694
166.93428858400927
190.33739162615944
201.9758725634573
193.747221997777
175.68027899776325
155.4371491287573
122.50572846664744
74.70654981286935
13.718339407923281
86.2716118581476
45.561450473866785
65.4023452232409
92.20286053099835
78.7854531118889
38.8447320045899
19.74953110968329
49.56425977583899
83.83324571791712
74.72610281319345
61.696214391818046
84.39880955520266
128.5369732429652
158.49467254899156
165.1571186236455
171.42772213681616
178.7818561012495
177.73672163377495
167.46766075733683
161.35478697642498
159.48597268752172
172.66410746476396
183.8060407465432
168.07385821902318
142.3620824321178
136.20190442811207
143.3285800322372
125.02173793722227
101.555391470117
119.29078032499694
162.47061867253205
189.28814659909784
175.76837844122156
142.5346541089176
128.90237330269338
126.8615219493418
158.12491612582784
171.13563201596742
143.86574794923297
104.30294387356099
54.30816632156734
19.443783396052368
8.580413164824108
6.930042186639184
9.393657440735183
51.70094160178985
59.13980860762831
65.77520863339515
95.50819117755685
123.44947719640118
179.26302935012603
199.0842236094416
158.84892097315657
91.93853120278237
211.74675315423303
239.19133729018245
178.82726800892056
177.812446440234
136.9613218296463
75.24794399183361
27.22653587455693
35.52491451531796
1.3420779185323681
3.2618193034944625
69.8983706538296
53.97341899362152
51.986114561590625
0.4055526189894181
53.02079333676454
127.16430129032665
114.20149191655355
72.82891197143829
12.491331708069083
9.2222129222165
50.263042981404055
45.0053423294778
29.490275359034513
37.766922914265365
54.76249634450801
65.68528954277053
68.67802136143314
95.42902858041123
109.89169432244694
106.37338705960042
55.97824461792129
13.689689250401443
34.516629055095564
162.63744538075196
202.58055268383873
35.83456322945176
91.69999527248547
195.8978882886854
219.81611433229705
214.12046639870516
226.54754328555055
160.82026598053983
167.55535598966435
174.48310656263652
108.80775566666296
114.56457250688845
124.54078966825898
181.51988462166707
178.51645024774314
173.73258577900117
229.1599248921167
196.62585279513257
178.3853722680193
46.02689911711161
67.46175710911723
113.01576196156964
87.07502420868877
125.10778191895281
108.39214576808183
178.81393465155566
2.2107387920648307
86.893470510817
39.23227498618985
159.48372571193022
300.9739171047938
479.2480824970953
418.5035741932784
457.48050046931417
462.01958771829254
372.56927116306724
411.00232500609445
353.6897182978646
400.1551972804616
314.78406302691565
377.44213409453573
470.48338905350397
584.4025710873063
355.85107234951283
431.527423995243
432.46580321598776
335.7203824044393
401.6060328560377
446.6751418960607
509.7439164315788
605.8476233744998
606.0724207524056
678.1593220975753
565.1143736402239
545.7366855842738
517.7792593910674
467.4761913434677
599.7501032702924
706.6314084661379
591.2727337849858
249.6627772934678
451.9452620368602
424.9192988727166
420.17725913780566
421.92183637355674
264.6312411070661
138.77002431135293
15.19928423571298
45.99765153303338
77.85713121633933
90.79001085696854
91.70774028441974
64.69699768852695
7.138787240246643
118.43656781904167
901.6060213927739
840.5444448780775
322.34577863118454
240.1683978050928
102.68879330814775
103.93931843430346
6.746744659105843
457.5877012650683
290.8899605606666
302.8826555531332
595.6722891483198
216.0525116536005
746.5002951591161
69.69328951710258
901.2288376366298
577.3184781123236
571.7932849907936
357.4358867092428
766.9198001897812
172.7884300012788
564.0592813618055
887.6256333239958
263.47406682490487
445.5781436925224
39.45110257167994
83.56594669418178
316.3136147528601
422.87673420880014
153.0380334295628
738.649028587054
618.8051146394921
867.3376359548301
595.0128063133983
440.0489128150051
106.03290466118574
236.17959305852514
438.35177643090833
296.4968823884333
184.47041584015255
34.13750349541192
68.69306509846308
135.62579386127663
67.66410756323421
18.677116561877824
58.49740124776383
79.3008959801831
160.84485223011313
236.58849895599064
329.1439897410687
355.96694611000055
244.05818364405172
358.4656111304997
398.7722580918762
478.40717403407825
439.1348930320635
355.5795108040886
619.7061883824708
644.3123775332672
667.5014056751684
672.8576300944852
430.454742641267
541.7910877410598
749.6206856788453
768.1252922640468
871.1671794584215
935.7699344341934
970.8098449374651
640.5919713331455
857.3289684543612
902.523902002639
908.9024035009379
804.192677519716
701.8382979303492
741.4399927180905
417.6175643350881
577.3966085658702
487.98413700848323
390.3045637808332
504.8538583106048
599.3740256844757
641.3220479485421
855.2646435431799
979.6808141397335
1048.8612350608903
962.174437417364
840.524463523561
762.1511631042201
621.392518135814
488.4070855351856
276.6340076551048
6.385316147165213
257.03933155009736
204.19944771886685
201.74881487328412
218.5138305181746
133.017404991425
61.6968419529378
161.86232232707584
53.56643274572639
19.70304543208806
2.2776826406283135
56.10687655597121
103.71250856769075
129.4820144558759
171.50209916444288
214.17995539133278
235.84809604299363
230.7872132593784
197.38843282502404
164.6640848888307
158.10899423240215
188.9473270763898
227.68251816626503
233.11124522800378
215.67820775126881
196.2472898700937
236.7112637757723
245.58543107444643
265.163225402876
266.0919771755795
235.94789738060786
214.6990444118747
208.69021707741524
204.66299069154223
151.1013084960186
117.18255433802528
154.94997846055134
228.77512605593375
273.80808423925265
265.2648795624849
249.87291231666558
244.09076886764365
245.82759856081344
246.3011269221883
240.89267493877225
229.78203467420127
200.13508274868315
172.01594844374654
166.4540579479591
178.84727407747772
189.82403680766356
196.67920834710395
203.84887122968507
198.45184169471582
182.24535991935244
178.30647109935506
188.22153876453092
205.78144033579503
221.48544202730017
221.6157858386431
215.3964178987444
206.3005142464553
187.1291602548186
164.44828218901932
160.3830891881957
170.8691574038973
204.31344318805787
268.41021206801616
328.7975060316084
342.93090035499074
302.2566723557372
261.942030025257
206.08647768653583
188.6438626372984
194.79960797355085
212.8590326761331
232.32524681199345
243.90565285691707
238.5985348229837
218.7209096573489
196.78695134418223
182.09580562969438
171.26054753746882
139.0208308782358
107.37759016211936
96.65266147819904
98.06190362950576
107.09928132958737
119.54791276081005
138.95664927415282
161.61599304318696
173.90243717598082
171.92032266669253
172.06685974755374
168.78698705594866
155.92145749612803
120.1760557355845
88.32450312736688
75.09862005777984
82.24230877030965
110.20459575485438
155.09461153877692
165.86277879713748
178.83215550661942
174.44806580906885
155.35212135471573
122.28249179726697
93.9406268083817
114.61680299444515
109.42552010993882
94.30642895594161
91.73913612159464
107.85828866204298
134.54522897394014
150.90554496729754
154.03465741369672
163.9100099612196
178.07562601368602
185.77264212499352
185.418913463891
184.5211965885233
187.67322989264323
191.81011563579176
200.16923831533165
208.73133708209542
214.42184485149153
216.57284691564416
220.6734624329498
225.208253788067
220.6923545718942
204.9453209299034
187.350516042685
170.7550052998913
157.0741454168637
152.4903772463515
149.06222888187062
138.00686631976663
110.87119057858109
75.22260137692649
65.52537111052584
88.82496344417052
129.5775037111922
159.2781874498158
166.17963860523247
161.1525330430519
149.26803190453342
138.14417851858173
116.42762514679697
95.27282143709095
207.46480979593161
90.40954834749539
124.27339564437943
96.56765739306604
36.06158709543604
43.33112777935412
72.30612328987934
74.66536626088282
64.49888369950565
34.221748113664376
47.727018313837334
9.66748801295978
0.7207045497443687
71.09758960506747
14.300455705423587
89.56066133430875
100.65248568671609
58.04761407175738
117.31803412480758
158.25407060623695
231.17977668207538
241.9262933413754
206.36273514092284
180.81154151446663
194.9402695802902
167.56635305217242
163.11857449110016
154.02717470834125
61.2664624304
107.59537154251154
117.04734399716062
130.25168002536066
142.24783792039295
185.32481894909006
207.42280849454085
191.8222385154695
112.13156819562869
85.94674814249095
256.9870043223236
271.39679910968187
241.6156868780074
186.758211360543
158.87921414737343
163.58103887358448
144.9829011440072
71.73482731609022
156.41281423529813
217.5160589139722
272.3649554563282
258.30756166315155
123.49448417828023
252.8793120638759
186.55541218096096
12.58070065261495
17.11257998531869
56.99287038071054
118.60809191053693
95.66908996666007
87.95583323410176
190.42776779516544
63.82567656436845
7.324683483652507
27.48194159144373
21.52520157193817
26.219928152049533
190.306184506637
137.91256530788735
8.984852562080277
286.5493390821714
235.49654395451512
333.36954193093766
272.46244720712366
372.96447283845123
589.16286898367
579.6477337948529
652.2560797563488
628.5436525677069
745.4011184045215
214.66647359448802
491.7975807775206
656.8782285839844
534.5124458074495
324.7420573724762
575.9313948570657
613.1439914274524
680.8329007779839
680.7537273427445
660.572897846941
598.5426890068986
547.0062828501927
527.5500540632006
651.6462640871666
597.9583460121282
647.8100355441325
605.4140299517946
504.30511518915523
638.0018322663767
646.321611213858
526.3592920931677
411.11800979492114
106.8013696151736
267.64853771792014
268.3298041113799
85.11297535739868
43.97889359670967
24.717515634475717
68.59510630995084
82.20318917288932
319.36272510027425
518.2880614984877
335.391308389334
454.563712529892
774.3835575416784
394.3991208303437
246.39071450065558
429.6418193802191
470.16031456983035
145.8662135577299
478.75410018769594
473.6781937059193
504.216450451426
507.29616228828877
712.8643454168034
445.4176267062967
448.87662054558064
766.3864911923368
308.4265537070337
477.14719757970033
649.7323659658971
669.3974741185931
750.9356218504375
572.6916360955943
521.6304840931928
510.8325330328332
764.0313721424725
294.2571576439818
334.3320239294517
101.26779851106858
292.66410432365535
406.84231237505196
469.78453218913216
280.33250420970035
351.8919317605182
215.4880845274347
125.37721746934358
75.5328291088515
0.2336643044621951
354.79454892267654
91.80987378303553
152.92260902034366
160.1305027478635
38.736557822623126
158.63858025678178
140.80792838572938
244.2693983803398
391.4923580827725
392.5854355156556
548.948853169011
546.8171893521933
476.47146856450195
370.64767556966024
310.78484548626545
340.2543069527021
358.63279336383073
247.8842407186212
229.40913699530245
186.63195368361266
216.93559802157267
197.46413358413247
200.70580607360512
104.59415292038273
62.70099141716321
24.860583027387065
170.68731148505583
72.67809246619925
14.132605200981743
67.44318607021728
78.33996816492913
71.29857556721618
7.484310283203968
150.89121295903874
202.9213082944666
285.3821417009865
333.5167986092556
424.2673116050987
338.953523679849
472.3212051335222
0.9142924526292973
293.2228928235845
67.86632020597244
123.7198812336901
75.86250848012264
122.192215015756
160.83587466399558
118.68159540139504
10.26068671690814
31.093802230836104
75.66306204846148
56.91468410905145
105.28278573692506
72.3238969027442
51.066883548075225
89.28587501223939
134.09515087303464
163.20029789252408
196.88653388226857
234.99405881839243
267.51471366595973
283.16316999201473
276.242748685065
168.53220131234036
220.5955091599575
208.46522241935668
190.54451270342412
184.42181551913546
191.00379650460468
195.99485506014338
195.0384563392604
201.38846063356027
218.7063511994329
232.7017483314549
235.6077913373095
224.52859711716934
209.46350459304364
192.0724523443796
183.93647302426882
187.7116851968617
199.18816965659084
212.08988305829763
219.14357322184122
224.81009334007717
228.64958897880206
230.42654047081385
225.67950183517564
208.21826071863097
178.93279507753465
139.24972144349687
125.84485359382876
137.34173435163996
162.75240187857236
165.82724258884326
169.18106285555353
177.00937499812483
203.38637837415416
224.98906307929678
237.2136949254794
230.2442701407826
217.33801692240382
219.8217010310425
211.56810473317563
201.80873631874363
183.57694784262924
170.5889768368861
168.0554524854299
176.1599330018979
189.06555932488544
197.10541836347574
198.1395345290777
197.16661549297845
189.2924417868894
169.89242657721343
142.6901348976295
124.4584648056599
122.32608359756142
132.1898941598988
143.5785664433414
150.42112995371798
158.26534998303197
161.6391143130927
157.5149742973498
150.21714144246954
155.9034294003714
175.06392897830602
190.8196402015668
193.76385172731761
181.61100759346164
153.63562631935724
120.54721969975458
99.68576158160522
89.36051018066433
106.68130482501175
125.06112126102306
154.30716279095475
172.4421515812457
175.18686857963115
167.73410278455458
153.520790596217
143.45798190615074
134.5654246998571
125.2876728501314
116.80269433796599
110.4828783799802
105.93390637655796
105.29518574151086
125.26262671198947
128.36848556554867
138.02907152641097
150.64641766553086
161.49781318532473
168.29691426089
168.5438282244226
169.9005105792089
174.12844796460865
180.62746817804805
181.78442245557687
173.0907663691524
156.87747639289347
135.97937340892247
127.73699513005306
131.11839286778854
149.21477094387
153.49972573555516
148.21727444178526
145.1209466563365
146.7973031604348
151.85774016705392
153.9166269047712
153.35223348177288
144.89216825699725
132.49213112326834
116.4391761579642
106.75720112799075
103.12474429093243
111.38304378173075
134.28603618942384
161.45527942544027
185.18120197894336
198.33363021076008
201.02510814550266
196.16918207084098
179.39263779054028
157.5310054971867
138.77121691953846
134.3167313617962
117.71356055311895
130.0001449017825
125.35295325595672
103.13954304529364
97.13916722973141
81.0903362263432
133.80805066461807
64.54984136021642
116.38039589525329
52.32391564402667
23.889289119600562
46.9650915264757
24.38980509784153
27.927988180059288
68.40827231278274
9.599531206070651
14.567091755009073
36.38071513217278
59.10538346560702
25.152789869235903
23.75114850623902
9.27035054617852
12.590517123709105
39.895298953080214
80.61558944096953
110.7497248696443
72.2451786226784
30.979869870661332
49.1344709408919
66.82725559474557
76.78104030126826
75.01721887923452
99.59754481690732
120.57842946246762
132.0911673090401
119.09719735365252
123.3681392172142
52.42024199604066
44.70547102122339
55.017822390909146
51.893247021660386
12.085841654789533
134.89575368477085
186.87462401551795
294.09628835090086
300.9382183931723
243.05029224258737
179.54325852589875
121.63448239294098
178.29185043098676
158.12040650419374
136.3710506535557
98.12526012906847
173.68965656948615
205.58383262114376
211.06417505155434
196.09615720343777
145.11936336979215
136.28432585823396
140.22586880381346
197.45589457537938
201.15557542251554
149.3020899129615
152.84177388212436
212.76363817895242
248.19275512810884
103.00659609088814
196.9523847651069
302.1995020119841
424.0321336665929
488.95018228663776
532.7860734208132
537.4884050120238
644.7181060019158
537.5156588090979
454.00015843572874
468.78616383370604
366.82895849843317
405.36412214390884
487.4754615700897
586.7679525393298
633.160877557644
548.344179617683
437.07498772662575
538.2468820515951
605.3278750377858
567.016058248314
593.4470663987449
556.2291224726835
564.934203237389
608.5374884025528
610.5282449733554
499.18252826940966
462.04753130774975
451.1466714782041
422.85961067032326
635.3939827579879
757.500380175512
464.6670941015701
298.03800623537506
184.277658918376
34.18181165585531
260.53345690855656
211.11578982496962
151.47425856612824
85.51629428504634
65.97248411526095
115.95344223158634
116.51771986327174
417.4986353581969
859.2203875947415
157.1396142624676
742.5840498671457
285.751419180672
168.5950401743553
278.65374158426596
673.6953891671812
169.95340246074034
449.98752505269204
247.10826693297668
249.06758958660362
544.1085526131657
93.06852080852082
347.2561733907536
458.7132133125551
367.3464101693646
515.4351927384308
438.5093415926433
476.7750161931576
834.5760718920429
745.4277255146145
573.354437671753
739.3632381782638
731.6131064518772
481.74315553368456
951.6945218362664
740.3729959842108
524.3432906263486
387.36647160002485
353.8281139616888
663.2361393640368
436.94562947090697
516.5376853532407
379.7690604007788
401.35531428860315
491.3042616070185
423.2209742936401
226.49686101372026
152.140738128493
86.41895113351723
93.38870867926892
60.09750747426722
31.63274656247995
26.125351438983103
26.53817926474653
80.15103478719539
81.91784130545443
84.05174831361649
20.225993234039265
1.2078105695393333
19.48781829499751
3.6353869083203563
57.30213849828385
117.95822915594454
51.701289999229516
78.62327221412147
127.34076710497777
17.316494177161644
32.053438484226604
22.10028674735264
53.25409931916829
53.676558475153854
25.380740577466156
26.921928599168268
21.559233382618004
191.8607979432445
249.50900920198342
415.9488305493521
438.31183202515547
605.8911919082544
632.5035326927883
640.1344220603022
520.1133928836191
528.536804447627
613.6210971179958
753.1953701880878
775.0760609162761
827.2953914583699
703.9387830707236
760.1955196515088
573.2567186782302
557.6139279624978
459.1291349903746
424.334081203898
395.1583172021026
375.54313089976426
353.57924371427214
266.9619705836434
252.47118824150743
84.96525457010512
184.09644279886095
80.39354682491614
212.7744265785975
306.02588677180074
348.56890917258863
446.61749309641925
555.827901481429
562.9852324627119
524.8877108457923
571.3114527998977
600.8883452836216
796.2998957142689
872.2249127242414
876.7853610921929
750.2161682940849
668.9287338049984
493.997207473392
441.68960573242566
318.59718709000276
278.6289669412961
118.34545556648686
63.10671107493306
68.47433560891284
50.73782516119434
54.27507718434572
68.65270224685958
91.33580818004793
81.32993640670486
63.20793363916414
30.460634071563504
28.904620458099316
45.36836618400139
0.753545591738316
34.34200437832351
63.01144873671535
98.91141614044966
135.67456352584128
161.73606624266978
166.64368501555782
151.59451742715845
127.51641034658513
125.30076017405395
153.93698446968182
199.53278725985427
232.5692148794294
246.24815813271772
246.0705354993135
242.46681135648822
250.05892638323627
260.07028207333155
258.09416918437387
221.7311121657874
191.65668909521446
206.55369324908224
220.63542118633075
231.92700092306023
238.01186863725275
239.9185030207135
240.84190127067933
238.0640548692112
228.9086662177839
213.1176680427659
198.88856532727158
192.08198561453327
192.74320703049148
197.3810996942998
198.43410286480344
198.154424444273
194.88535328994328
202.7587561104953
212.89653160254335
232.1118513065942
243.54850887625884
243.88399264370594
234.0821530756093
221.95708469765623
225.75045464080728
239.69053213408984
253.50329452746945
253.23479879311554
245.5311268575607
233.1472841559571
221.86335100339903
212.00028675741868
205.8267800994186
205.88018569476498
209.59006429109206
210.70728004082503
204.60037801200826
199.56203744551897
189.8742303611744
172.3287239586033
155.95786840322324
153.4762357296807
166.14207682103842
177.4656565173055
184.51411771049675
185.69496880193702
187.40565819803027
190.88874482152858
192.11329657731244
186.1338242587516
179.900312258135
175.8261029005596
174.4689095014897
169.73595841923202
167.29878837635027
173.35088918262983
184.30166126037108
193.38029121671497
196.88886604124082
195.77704076493802
190.1805886347097
182.33946936798668
176.27541775785295
179.91005561218918
186.23890944914405
190.11774116460361
189.96672758957442
191.52542169640748
194.06799165518822
192.58377399123816
187.69613738742044
180.49045463538778
176.00988474002526
177.96628848944295
186.56652806339997
187.36734347727344
180.51150880721337
166.84295734666455
157.21387644586758
151.8552734555986
145.92908105860886
136.49457027699378
128.65047484605725
112.61489983707838
90.82776624145936
135.84703290007667
114.36511132184108
144.48197388333676
163.64848799679567
180.16562504321155
196.15910910023297
206.53995804115652
214.86428141073213
220.1128262623614
219.91938783362332
215.80602489547675
212.39869717855794
216.71352594120265
222.39328146727644
224.8039928484955
222.0365044470762
215.21773276366395
205.10931972668044
197.9272403905008
199.29381032682176
207.16688970956244
210.86699948374502
207.77374925917132
203.0438500348455
202.6450017698906
206.09201660592475
207.95345632747478
205.54723047318868
198.0385766758555
195.98794452490444
202.69747326144272
207.12102591925378
210.60459629875083
198.63485590763509
190.77051307168284
185.16283189045976
191.1851099089315
202.7385199066702
210.28945311314322
211.1790236496247
206.7199825531319
199.15379749762894
194.15065533087454
191.2961107072731
190.87412896537813
187.84003406493497
174.98482204166817
139.86474315964767
90.25946432707792
45.535843006685866
110.35687269290133
5.641280952178249
9.533261656464674
65.40112580741857
26.792765987075086
22.716791364332153
6.515677404338248
37.53777506542201
49.22955497941831
130.3905446326683
298.2179179583155
265.614153925026
202.59521581718366
56.49827463924157
40.861157509475106
109.89708224412948
86.04841579871766
191.6419954240307
12.482403129480758
36.553972579790525
66.28069779145915
220.6826340901506
183.14114447928137
140.75676414814723
30.64282133343704
13.181595143592972
82.10535069415016
50.14218642115611
10.969712917311426
16.80023758837467
54.15343635021725
58.39953225005502
48.52937602969803
112.88290238955278
102.22686031885814
132.66836188304399
130.80972583935522
83.21810965588145
29.661397853996277
107.18828777603278
32.74464706725939
27.068038340613953
58.852827593036295
124.92013479191166
47.43710287732392
77.83519543336581
48.08364692989335
54.54357907892654
124.24469473287206
60.59840024959715
35.33259106289438
6.560441096672321
41.718129888657245
76.2953823116319
121.84173473135286
102.13351511960661
5.723687625377579
58.670529855838254
8.062746711547788
62.4367457135379
57.179254846582126
3.3380318450122104
32.4281080765968
66.94805983741503
82.48357729052111
37.761151345828694
52.123377958323886
8.000735606223998
139.93454960617566
102.33088249870298
450.967574061782
287.71348116226
157.43423372467646
17.718292260917906
30.130334869768603
8.433723484487928
12.078665441535122
595.4857002197837
639.9853529948878
417.38954599415433
32.18424095720434
8.822745005507386
103.16546456758715
110.64564680397439
87.97066478433817
183.12409894059397
27.597631362462835
34.39358084677065
1.7152150906472343
11.737468624582334
21.95771770409192
55.037358564447004
121.68329242044001
96.91080825169433
92.39233235649021
80.01129320309451
107.4287326889189
137.20462612057827
58.58676940225223
21.082176680584325
401.3564447502629
676.2791318886262
612.0366287893322
351.6673397283105
407.94225525929994
408.7478729141361
491.4891336056553
148.3133848024097
175.91541103090344
164.5689182600106
183.28842529826306
130.33038086471038
195.39990679466257
916.1167291467314
451.7215330911912
121.31330959084414
153.60179843971957
144.79194084795927
277.99195178547075
1.5151855523158702
41.5377708901467
90.1306213588623
244.74016632008602
571.1009517023404
282.85883919009666
454.66115583730925
947.4101817991551
635.4165694105408
238.80282633194201
311.2034895470613
174.52287973679813
38.40833899033191
807.9384958911306
593.7742878748003
526.7632409344343
398.47021836074646
183.981049920641
10.81563890906682
244.98147699844185
94.71825610018732
522.3170884287254
305.04661432600074
628.2023076255806
555.4506061184776
395.2481144124589
206.70106962857358
284.82109575755874
245.60014911212932
137.40293153547475
105.62891987930573
34.140166973870805
45.624723369560115
109.58879217587162
124.16970435619498
51.14975767218971
41.477247612016754
62.48515919742101
111.04207110367327
70.42981909935895
43.78172864469343
54.97436525230819
181.09189379170277
213.90244823517355
249.95236543683484
223.18386337161166
161.39562517604497
226.38536209237475
333.1802121704836
386.97788307049564
439.9146282258489
540.464765686262
643.9452649091563
672.33960411471
583.2472002982528
572.1288558583893
912.7051687866782
952.3135073668747
971.4217130854718
946.1994204372205
929.97252327036
783.5026947360853
766.4344051301775
666.6484081975716
633.0745188561895
561.8428381535674
446.49406663229604
431.24936812349915
342.5965178579428
329.5689221398462
196.15873382889197
214.79200596829276
198.55343439613557
350.547518186963
478.09659962609487
480.2040224629317
607.293544375471
720.3799684893389
790.8130703398982
810.357025151715
912.9977983656555
942.4567974072446
872.1824252434774
747.997598706734
543.6158388251912
449.2951040120246
458.1455439019667
162.7882122447512
175.55215763717013
8.12528239672838
41.58942966934751
44.48377750954057
89.82533364318772
93.19780905562254
112.56721394361671
46.82535839863476
17.867511756738963
11.145087080783696
0.37438975942063735
6.522961005784168
4.069175325534502
32.965294634077964
60.69548922648113
91.40832532689831
122.36154520903511
147.6252668754832
155.4705149556262
156.9249210941946
165.5636197084326
181.8642474134898
186.88900210431416
177.99090258877897
154.06588445155325
148.33877446190007
181.03317995943138
145.95206729248758
124.23552116172192
120.58281586313007
125.68538683258856
157.39306390595038
170.88996570659287
176.11682717391523
165.03728987348717
155.01665892249144
150.34673367903173
148.1222949857172
141.0622177716932
174.39252874555217
206.32792049528706
224.80042456237499
206.76946776546185
190.5221486990734
186.7282733171947
183.53942570754538
185.3468243649682
178.75835658003564
168.1998223295339
145.77536079535503
123.5272998267418
113.17275686142233
123.76090130233837
138.9064670860907
139.91188097031687
135.89844438981913
140.3047290962715
144.23371776429093
149.2968502200556
149.38261711290863
143.11661184355353
133.3090922327616
120.71352980936848
125.90230492985432
143.88289805552296
170.04541443942867
183.62599011658028
187.89302074452655
178.47281204676824
156.986888350875
134.51639185306408
122.97871989474191
126.64257807954425
136.80607164006182
144.11130194623803
139.0681928533436
115.6059596297008
82.15046333462675
86.25519235205451
111.11950759279114
152.99123810347066
164.75604752566147
176.60426123089258
180.75949173804844
172.5643116827058
154.26906682363597
128.53533522578857
96.75032500052117
53.8974544260513
10.627435039251168
26.78374786112306
71.88765591714923
117.39155375936309
129.72904762417545
135.1506792491311
135.29802619500066
124.87122529005563
115.60690291924277
110.94903743824506
115.8598935548793
109.07399984930709
109.8409919303304
126.22037116150699
153.36384034680924
175.16297477708713
179.38264764071835
169.13699902661102
135.4926199563356
83.9029717933305
20.85904421760631
17.441131532396525
48.94061112693703
48.71926742550937
81.05715253936711
116.0549535204093
141.539911320689
151.49801300265165
141.26115144193096
127.87327049078266
134.2397031692537
147.88383072399512
166.5352102328589
169.0946264899061
163.32469193965574
140.46395717628786
110.61575693894963
99.06699774264848
109.8860883597684
137.9476244228718
157.1951443134318
165.88342118737313
167.99380653168288
170.16431452418175
178.64078684058404
182.76622883626516
178.50698538557947
165.6711768654385
165.17857117452456
185.34308040178922
207.7473983876979
220.16308983527568
213.5896877736908
207.1634211387415
195.87660849064758
192.77750376137595
184.26617762818512
188.236003320267
184.31484250230403
180.84420091844908
174.0271115193259
171.28191672569176
141.9667347368072
69.22888512112064
47.44704456258876
83.40945545392526
75.0776352028131
10.2565037538468
11.3965062517957
7.060509173637229
31.369984962823537
34.39247323595475
81.30885004067761
108.98772826637526
113.2479795829762
117.22910693857835
126.78379271386234
109.99284058084908
59.003915761477856
57.20405561661846
266.94878189432757
52.36179252853276
44.72526491008921
126.04595808191175
14.09476433551913
84.42585744964913
2.916244025176411
36.67480792487845
11.235856543980503
3.70885810658217
23.89228789279423
108.14265084625447
114.35514059078935
188.99088748447025
152.66051227376818
111.85392333010873
100.25318752647433
96.7451200991078
37.414769459055606
39.880318882954384
86.53984233605206
49.44218800481565
4.687725332507853
43.560392194398446
10.121351299206367
36.2661386980875
35.38027654080304
21.616042276820735
74.1598584251285
67.28927972573354
46.628615239811666
78.00238875449338
126.21831621717831
149.09722409642404
40.483849464473565
39.9607935600518
126.2859658308546
126.04442430398421
68.10943527032737
61.29518576410646
35.23980713999731
59.60218625124958
53.74588735011798
34.491063871863616
1.7947544921767076
97.53136559393761
20.21830132333764
61.70787802867619
165.68510838420946
118.21149158596666
121.43748827840443
117.56420518441814
64.11096381321681
26.265961606094834
109.08638741092295
95.55690436746875
123.59642522033926
85.02530557615864
86.40011872925015
65.2983721965179
100.71257783035139
64.39301663124661
17.510492209888525
37.83272640677137
16.924294005537377
30.302348086859183
39.55668395009138
245.01787722887138
386.53247943932
520.7046059995914
713.1329805508235
727.2649829634347
841.7016614651229
938.004605214297
875.8299479867533
866.222803525545
845.8931853730369
868.3193911286805
844.0854082433714
785.1311109647372
824.0759032476883
905.7550396911406
921.8764007753125
886.6463591146564
768.9986889517386
693.5626539207717
744.2315916190514
711.7070468043432
741.9494361818499
672.3843404610016
738.4992872600021
732.0430030438467
673.7150607911256
627.281291042752
537.5357401127708
540.9233732162772
1143.8365442574639
774.9087898554178
568.7494478825249
586.6413144645122
299.3714727710652
143.79592499735372
416.60526137664954
307.13021748693484
177.4039414101902
97.53042563758618
48.60766414128682
3.695506908984953
18.108506039073518
18.531722129832133
117.72172562208823
129.56871114301578
189.23655904936504
137.6418515491414
161.018882390008
219.6450780034628
201.9648123151261
139.6240723313316
199.59673346114255
295.53130086216333
627.7812241298027
681.6262202395557
348.7560762382759
335.34604155839725
11.129972762581701
548.046418260441
536.4493915386033
727.8644248936356
683.414667416859
201.83427223395574
674.9400977405719
566.4240383627337
745.4311634374926
701.3926239829175
371.92074061837616
636.391317009251
495.92731848426706
347.8161456847988
74.43995274516237
504.56888122450346
687.7845740995822
785.9363312179123
692.0413710771131
297.4507487043629
694.7802239582888
727.4148196923062
494.2805545551422
846.6928682212225
304.63400508644577
434.29560873184823
326.8035449601971
492.5265147882851
662.4502920020784
303.6351337249391
209.88114382290792
256.5104301351705
257.9112772432229
151.70727367332154
311.1612004182829
237.63665678327288
6.628073697992818
32.84000245330162
43.78524083199852
82.02090854250787
71.3976367458726
40.195272863063565
41.32013678106796
59.22424894308028
92.05602571479284
109.31462974835495
120.78591196021557
92.72879854783042
34.94766375859297
65.7497097753702
30.6357648421847
113.25922406941436
431.43514360259996
258.67343393968065
736.7371762041047
954.1373475423902
1047.8420837684512
1052.6967572861636
1001.4973392085931
908.0893390889347
796.6743142888394
590.6500707913734
454.28077609786465
548.8072243526146
520.2986978469062
497.7794801354024
497.51853182058574
499.2182450591372
328.1127981382871
160.0084592835699
282.3214643826726
155.13646140630635
361.7307899979778
609.2787373346818
695.2605499718671
807.165407746438
927.3081145321823
1017.6940932033032
1042.6954931585315
1001.1276694507961
932.5710756729223
827.2632586072147
649.0326249136278
506.2589698065125
238.0989513028877
362.14481808410244
22.08369942334741
75.01087617316728
52.669453640173515
19.424867468281946
18.024088190412726
100.25645595068534
122.02827028693832
110.9390305646458
117.8608813432046
35.127185531422924
99.27721865238402
8.068108493026557
109.40979180670638
168.19488393190494
161.8733129253642
121.7870339468011
98.73609970729507
117.31498185391422
148.33479507026846
176.72873299911186
197.39161576988994
205.6579790476282
199.54693979858746
191.15399782755884
193.1153245021464
197.94663678564967
215.81087897593306
222.30964388685118
225.50293143948608
218.6246917940474
205.41848699583824
178.8490966262665
142.52057961257321
144.52492231324698
159.07817858866608
197.86366386770064
192.8238777562911
195.04521403415868
198.15199976751808
203.74266294082517
206.878634786692
209.67646427946784
208.9028872189371
205.57467354442215
200.84920117810452
197.60979975322786
201.18096306896695
210.76568365158548
215.59737549799695
203.11312671313482
190.25543600743518
181.9183836091119
191.32766842964372
202.72028790878124
211.23120571569126
218.31810822845938
215.52271817372372
203.93470680180423
186.98255416424217
174.59837913243095
172.32921253447537
178.5890790272099
190.65364663505926
202.69586265109768
207.31936868725455
202.4068781546206
188.6860796591669
179.4091792155551
179.00890968553406
188.4598427352982
195.47629635596022
200.88940102373186
203.20021621659833
196.45070125859993
183.57080619822682
174.76164113818317
173.63382182475942
171.29095267136995
168.6132629648673
163.63526968166005
161.6919179972169
157.14931032782596
155.1199598332439
157.09596937557214
154.26610063533855
152.99800576666365
148.45224510124518
153.32939282031208
161.10203833668163
168.12103711778514
169.7849879852998
167.67740001840204
166.61344104573664
160.595964728512
151.6213619432516
148.5140684855499
154.1332679329697
171.4151040751331
155.99278978593892
132.2771305636628
120.86198043639513
121.67512472043035
128.59400761408824
125.41539236626772
158.20187203083458
127.62934233696507
132.2667580452702
134.31931933014027
144.0426171247226
152.34320934889337
157.16007680248867
155.0102941525771
149.07331392746056
145.54316891273413
147.21490065467276
154.4828882869084
160.83917760851733
165.46919681818267
166.18560871185457
167.40536303333718
168.89763353666822
168.43592037767212
167.31223359170582
167.2722648779093
170.4430270087931
173.9064573651253
175.22712844842255
172.88354616503693
168.13299035783518
162.89972511910537
160.33789346076895
159.23876823560568
158.0454458206344
150.5038871932137
127.27639628297709
66.34449559203722
39.774149295137704
58.44557237010645
112.9186771280668
141.01448749880137
144.76031232490345
148.3706186482928
155.645643460517
163.79583555457842
166.0263312040422
160.81982317886383
142.01199939845316
108.61439505867372
93.10121342257696
65.33983248789934
48.7841023561615
66.21181179647851
84.30730836997674
110.73664046320522
234.44140302185457
148.4840728126191
145.03527992564955
131.86906335074508
112.16396901292978
93.26162122837275
222.28006471194868
209.53319519052934
167.18879418127938
171.18014464221739
132.15115119411746
147.8809684705891
56.08960326701208
30.113855888279772
58.33701549871466
34.25499540672729
65.39103482350401
55.58856641143973
67.70682407104766
47.607268221020036
25.861663976808813
27.840294217522455
85.51262603870441
71.39809461303776
74.53712506272518
85.32401334623182
52.66490002995761
101.20301562937095
70.54754133912775
88.12067498979275
74.14146905436678
93.55595558013044
91.31872444723103
72.90683617864784
44.318750226947714
65.44774880878128
182.23006744790746
184.63441312932366
108.40086393080048
97.82498035580682
99.36953711539752
39.497813130570194
13.146152597272362
3.9662063147974322
1.7468458093023855
22.57095158729942
8.165352216805786
0.46849783028244474
37.6228379616208
29.69259034362699
16.748375613609824
0.9873577597011263
47.93213527688226
52.83483570506701
0.7762562047829533
15.721663067958957
112.1651770539354
135.6782491666536
31.60907412288168
33.93066878103275
70.6051318279433
47.89588068161379
37.82995327757749
62.460578693660864
51.729831426578585
88.59578666165976
91.99961667144032
134.94850722061358
228.22892906978677
306.16202363019613
388.7066970804666
412.45037542561874
413.8668072379219
385.47028098616863
400.45627482750126
459.9635750007476
497.23950736344295
436.2802942586512
422.9457933645301
483.99850303421636
476.55500205624037
364.1419562259574
356.76498666397265
348.27487792340264
322.15295523231737
391.4530416800595
398.6136831771994
406.5070949519792
435.1961147369759
409.404377006911
495.44909836345244
475.79349346285505
469.7781431232893
473.9776649843403
377.50762772831627
310.9521928451991
488.0861424695521
498.3779311552929
543.7367303159174
355.4780903547329
274.79129036624784
170.71712407294768
88.57809147217017
37.847506254731854
3.375676508831873
34.636500722011135
13.316884117205177
19.49817025194386
137.4363005471065
650.0854630408165
969.0271072970068
793.8243043823536
414.7299213747607
403.50154037743096
333.5840424970625
292.7416738277027
159.19071582971105
381.93602936316245
374.3932062518277
295.9004469058648
314.8736723456168
550.7798461833215
262.6397540455546
103.92039116021647
473.21490998991453
349.2146368286104
267.2114852984646
84.78415483886579
84.55430812465079
81.32440804899966
62.909792777544
154.74828011898796
20.036529004079966
45.7174400301908
351.1906706789438
192.68286317103855
303.09815230381355
9.958195545980061
563.0411403486992
336.1197777931326
173.81730556094158
382.29111114368266
444.3460311687321
216.46167459109722
189.51791336241536
57.39554466667323
180.21399057836436
107.5460060233695
43.0338334291871
30.53853437439534
10.906376973643887
44.56132697754185
27.16110369348712
75.16441306826698
32.01176839031257
18.121369027272294
18.21349961506189
12.208161869268451
42.21172064643656
32.9142911268458
60.76713621502597
73.17345485539909
121.78012974770382
113.2872566843825
116.08581421823982
65.35643075988133
124.6331605487216
301.5989627216853
81.77681422548011
114.58611194429852
169.09280592943486
259.81774070724447
336.06522847671897
372.9975056794597
462.41818092145246
327.67932697279593
69.07379311270154
592.7523261176856
641.511433598003
631.4679686466898
640.5352775622368
621.3795875648957
614.8048539203556
576.2597245335103
491.8232126042877
474.59761971150016
434.62588392270715
414.4284375159314
412.79752145764434
369.18623921756836
339.73877537486175
324.41365951291476
371.00651741621937
340.7408267474784
358.6089459484147
323.8340531694177
343.3040048832643
322.9587669760615
349.4004133812248
390.9819940597835
370.35788420537546
380.61959549706904
406.1329431884265
470.3710635862049
506.5163547128305
487.32328854496694
390.358896093828
514.7358322326543
473.0208102513964
308.0994422516328
377.17872781798377
67.1875910726767
67.76285706485078
39.87370521597063
79.53549532713225
47.68817497742225
46.03975534354322
69.5075755959333
65.36281457069185
119.51082736886258
70.37869321855726
122.9539498457529
35.7117315641803
86.31200373100063
66.0007555718957
32.87497699020878
4.854568440627986
29.364163612395657
42.55535738663707
39.17691955462857
48.927717186494135
70.43612630339987
98.40935467325949
108.5079053094858
84.55054958634315
55.06757098307867
37.536956867996366
31.432492654212638
19.808072873594483
45.595601174969374
23.720854691467423
25.057847716727906
69.68631818850474
81.62012454781404
107.10723485253123
134.6101737314885
147.12239072857102
153.15143133847292
144.62453845845812
126.4297763402405
106.4682870256147
101.31697118564222
101.61746087630092
107.73762979345003
113.16090554586339
115.72260190076474
126.06241792818292
143.08956286178937
158.8551467628826
161.23474928411156
155.78499188009891
147.34398458059013
148.00230607785005
154.26518416953547
158.42535134647315
156.27229788727865
151.52557197163
150.59376224069948
153.15529665316262
157.12323347139923
158.89590370041418
160.5011562839453
161.57631541758383
164.79971621674554
171.0281805997847
174.45857544615302
174.02680039538154
171.25849348873672
169.48009498425384
165.18175472434413
157.07840816722842
147.31677535787168
137.2528700178396
129.65621230772098
125.2129466623905
121.84769557501352
114.77658144378091
100.06723061106038
97.4757332878794
105.39092707827541
118.18086963411844
120.24007150055627
116.59567946815002
113.14810929403785
107.93487390904744
97.93909471714875
80.8364666897669
66.1004752442006
57.715176504228964
65.72550860025592
86.69546339410681
104.39449766995403
111.70037758541247
114.30921636598714
119.24271877614939
121.665997141535
116.36446605756447
111.17775078209183
111.77244896089343
106.0272653591067
95.17115569448873
81.99607758973292
75.96234306377482
78.79620453150915
86.28387479625047
85.34071519481483
71.44942619374837
49.1890829982741
23.256459824813987
25.640025203368452
39.09418335218339
64.6116166736058
66.17443268205523
54.0655705878342
27.076133596130774
7.086406164593313
33.43866481850819
54.001534831804065
88.26221358223108
106.7725420210823
112.36918171820827
109.58760184768221
93.26474836645161
73.95089314391231
62.09661360811856
61.21302560830958
73.98999928095049
93.60018054621946
112.49647038727892
135.83384184128784
207.38281061224916
311.0671463703186
334.8694844071651
299.3615822603041
218.30729032485903
137.8138680597359
102.05705457278458
78.97931195327959
59.18069369787622
49.90305040180675
44.525433129469036
35.644435758739576
18.570494461973055
26.92496750235108
58.3657261417373
95.83795153842067
107.62006628680518
105.6572777920652
104.81067205697252
100.47318438037081
89.34827303488748
83.08678983208279
77.10803760661014
74.2939546085002
80.7007298328408
78.01657706442455
58.875529930179766
24.546772311578877
2.6310847495745406
4.150115560679922
0.07279383658487859
6.6229004120435775
25.913830113099834
44.10438720447155
15.532640810800785
40.00674753681636
41.65969726725638
31.65764507824349
46.368116044065346
42.01264144757846
12.204174626876295
28.38947256291158
3.699555318958801
138.64225906751386
122.31242980491027
30.20124679449873
68.44171962675352
92.86355670849798
89.06609470670224
72.96505009954149
33.68822714255725
57.38454536784809
12.411896507197412
8.222682327948633
29.58764538020955
23.74762917147666
62.48792481950534
108.23854499111746
76.43358072164062
66.3814380103729
26.115522370719418
12.528265667777077
15.146526737760723
13.708997725814697
1.0956341543211465
7.242241497307077
22.9302231139211
51.06177869256226
32.762475523920784
26.213874707538594
38.340241066663566
16.05893523672546
75.18353694518976
133.4848424463371
100.19915520944005
17.11749956067831
5.102242031588389
5.268167499945207
51.71053878096802
37.495085602040604
32.387100341094424
9.956396338759873
54.80327577951857
67.2845254967059
37.4948881641119
58.7100029804044
96.45796667669413
35.20652012525147
109.72222641223254
96.92709920855282
102.85139140211265
30.611127712428356
58.86429683180961
80.51746590484936
165.29239374418603
142.83118194843985
100.45951115404068
85.43919101509084
29.61845083897947
34.495028332384436
52.9673284546692
35.29601916201739
77.39526295464327
20.267886449183266
74.48666938200813
101.58308372537363
90.21219519795636
72.78918806913816
207.51699510813592
301.81144925659896
289.0985335661892
239.3581459307377
228.61521277728662
235.64400519004334
266.2967370970912
248.09915607374296
350.9481598075713
287.0239919282503
253.2791309530876
288.6447737382091
329.9774376400635
367.3657767544969
328.01063759060867
289.7372773034606
277.49623431893406
376.41763927388274
346.05708658588856
415.47349718507485
338.61973989686703
291.8404716702237
344.63032697507174
236.47835210900803
390.0818726727964
595.6834098172862
381.6543152460581
308.95208037097393
286.9353524826299
400.3307311449071
340.64477373137305
279.16402193303423
202.47283693969086
128.29144081355855
90.8538930137301
107.58490815572299
142.0991068618291
628.1422881030862
360.9231323987432
513.0271510167715
278.9702788294236
539.5564853246071
466.23961885220524
308.12968225848067
581.6633126185542
279.86425343602104
353.1685661756626
342.1007430963209
30.981154364447548
398.470364836234
466.1647489283407
228.8371787390504
629.2538480548951
193.18974944501542
530.2823024898962
382.6391929035335
578.6672292647636
3.910380618358886
418.3387573568973
318.56656860873295
481.2453169331918
654.6631388406058
437.1370273661569
245.04855182204687
410.1007562127436
175.8832305212693
347.37874516918964
556.0166575579235
489.04556457986837
425.38894878003407
110.02595257623125
192.42009025920856
178.11668494995956
220.06576813840047
277.056188995611
188.6828217391893
175.4228657908842
253.71855241909776
277.8292173467348
309.4951097184768
337.8951662577838
182.84291752236516
389.81536380181353
346.70737409694607
476.9515803987523
831.5033117943135
839.1799524321667
819.8804409389181
794.341340957245
569.1576982367051
730.285142344181
682.2172283584638
640.5199541841273
602.7135888157211
609.7363251151638
612.7081492812896
585.6824144441852
515.7028156358059
481.6161296431847
451.9845079871842
415.71986725561464
433.60879775308155
320.43282241049644
411.86047230557097
448.442809070949
477.86979178854176
556.1524143754284
631.4565363463865
679.4927028009841
693.3684020949861
636.0773097766948
606.1270290737865
614.0061057062975
465.6638782779106
369.6872100914335
347.27228607101915
197.28513078081727
153.22537098776826
59.227354704791765
129.62713583804992
34.598180620782045
45.359130506359406
92.8661607746792
19.281348774470416
19.194440758285282
38.64644178552908
0.19295275492595465
165.37834152733296
170.63665732764707
131.92971007205836
97.71062316965384
70.91642597790889
40.99208098774932
1.8262243251971881
43.88371398023207
75.0559120633659
71.32289134955215
57.45972561305848
36.8655458570895
31.8577807593569
46.355832644024076
78.28802328920847
113.86339382780346
130.81913065338034
133.99589909422627
133.9032739084186
127.25670155079308
115.23700879725942
102.1645239810311
92.3127551476507
79.5769903048477
76.56058728383135
189.8351611349081
209.192330744002
200.76169156367246
160.4951441247826
111.93665009134327
43.46285336688834
6.21754067381994
46.158431587717246
128.4825370295834
204.2132186633192
240.3120288209788
244.6945574342447
226.44591437791712
185.9465122902693
125.36228170912204
97.83318039430321
141.48978007454133
209.05451535369974
255.0548926604008
251.74180427079472
243.65192065261385
246.6343224398621
256.3674911739912
259.41342178877784
248.50181473950767
243.6293625895279
246.21759454916503
252.39595777965633
255.96018146922881
252.55033793977674
250.7180622168728
249.07538736702736
245.73422383249766
241.56063787080177
240.48350629999777
246.33018905748003
254.81498431931118
257.253414032979
256.091388174554
249.86619829248866
247.2664589755072
248.31995328113345
249.56365701777258
248.8852810733618
242.90363858537467
232.431699063875
219.85350851982486
207.50302717555968
194.33064260455052
177.86935945764867
170.10827540868485
176.08456909392976
187.773443582426
186.87568095235127
176.5140551808165
173.84096105152196
177.37609419400354
182.72257318345618
183.0061678907881
186.2046075697537
185.17764948355648
179.55687444099857
169.9632943169401
166.49982310238943
176.0663210605996
187.2490053790467
200.68663599582436
203.67302890073785
196.8168943718619
172.40950818017876
124.96816824720565
109.62509495234758
146.84844046801345
192.94972271826958
216.56730981541676
208.0041996337916
196.7512907883833
176.852721410622
151.62913067651817
132.09946382196784
122.80350252445521
139.06542167527107
161.0270250822212
179.05819700602672
198.06155811514878
209.1875519992281
216.93180254915535
224.31372011920718
226.73901196119056
219.28636083046683
212.09133506354044
217.8733662416908
230.08319113580853
223.53070646067437
197.7837507760454
174.393592347768
177.86207105426826
204.3029760327355
229.42729897036793
239.66441315371003
242.07817217685908
236.69707341374175
219.1944491677524
185.78503484364097
160.44754538533965
152.06745737659566
156.96171836535677
168.26310088896736
178.0777829544927
194.33415034531242
210.4318151335509
222.02553975208292
224.8596547882766
225.555766931295
212.3765575861811
197.92823493344684
201.26962742697026
209.7622966708837
206.6938917559109
181.3328158368339
153.65746676401568
140.00334040820997
144.94608976406903
154.98724691828107
141.31097314994474
81.88179357815318
33.4902067524971
58.42649079578155
125.97956971217752
186.78255542105092
202.2253534984377
201.00164944889582
197.5434126509312
203.56332572881564
217.55538962936413
241.6587249033431
230.64209556147307
217.44441794451535
183.99233473542807
130.36231805594588
98.35139207861425
109.86224570164359
128.5366744815732
126.43787725224433
103.75667759611201
158.11203329865793
154.99373966431506
89.9826878861611
90.88171387482487
75.87062015671552
38.159020320579316
13.522047083389452
38.93564552365774
221.32458293783247
194.41068537135038
41.04340526572787
17.76094461198113
77.54268029297623
108.62294133068997
108.30556979835853
131.24396537142798
65.65838620368868
26.328555893668522
35.10398006581943
77.99086304374555
100.30427641869699
137.46272788809188
129.8436587987385
106.87075787958304
137.18361018798907
108.01241084487731
103.8002115758818
81.14093478125847
97.62788842423242
85.62183871962577
91.91146366853218
62.70922564438638
59.675009404641514
100.6631059162022
126.31914505481745
147.03745220976714
110.7566806913701
141.7937109996509
254.51495128202805
160.38399142954995
134.24683074154746
101.26796708174311
73.99573138397204
82.39549639994493
158.85429220102628
269.3185334322477
146.14712894238005
148.46063267065801
117.88416786414564
63.06883106100395
52.68618807218786
52.45886138911055
40.713388452177014
14.075032999473251
63.48141395801531
45.21717843316651
124.45260106820979
34.45218713794952
98.09564910599966
3.6943472851751267
31.469143219290345
8.457560866126641
8.981330618081756
64.33292057404083
63.71683462242868
45.48730985347515
30.320441412767877
119.79293036045306
200.2654673358561
4.107674233703392
149.20201833237866
175.40757719114208
326.2016154650705
452.9464215169594
516.9197161213999
488.4744834285375
596.7838512086767
545.3505671526286
564.9870099472548
533.7589274213522
567.437063486457
487.0510981903142
511.24536412193584
705.1731286587021
560.6518711467004
526.5010725948268
515.8268492695902
681.9321601787844
581.8970222096461
614.1403962881084
705.948639879274
776.5581820742245
905.4178255754853
894.7366721929286
962.8510783953654
735.7100165787554
575.9405931599904
628.693438759429
741.8333206690827
883.114594794519
671.0743992739876
501.6902517740002
227.48755099079267
233.5530727878729
58.100307028912994
346.45543437204117
332.31095592848067
322.1110779264053
368.5804002089369
129.26301127560885
1380.3132239699341
469.9561869980007
772.764495265867
1272.1917692186641
625.1256138654112
389.5856171638827
85.81516841108373
271.85238499448747
32.849300817006224
130.7635146172479
826.5528765996942
908.0178736535996
376.70575542128813
595.5242988481648
787.6171566384327
295.1412754199612
974.142734212033
393.7277911559347
232.1175646746526
538.7078406487803
718.3846226586818
791.7349077733207
769.3802456602788
498.51486032261596
704.3935630494159
613.9320597367625
797.2902973903475
521.5872947340283
1015.0989897953425
727.2636123324663
239.59463342993513
648.4233903730611
652.6601764396977
462.56486980062925
350.008541981529
43.381272934763956
101.30014048099724
92.21382309108651
278.9446559793985
275.60367952463025
319.95460418633945
245.2656642856258
201.22577075707022
246.90318672657247
185.30720477184195
149.1960410837736
175.7701522159149
7.726698073243597
235.2518952940701
183.05420194916303
195.49306870289388
254.07362241176088
241.2134024647737
304.98357865037315
323.2560173206575
312.9776855568309
472.557929481075
608.4394948300464
663.225216445945
419.66120740008955
530.5813517389857
701.0500861367863
235.69766060912866
154.08236763376317
436.53216179422213
344.03555114036374
58.2149080626848
38.74690359361898
87.52819225328608
482.369759109912
453.5776725007279
623.6427944335506
279.2912850594055
287.0629683930058
364.02352606010936
181.94168919972572
111.26651798182115
128.58076389939583
214.54031439221603
258.994976165711
322.04855019837873
331.47974391872185
410.2490442010478
383.6840769756516
545.2396103013596
579.6416010247289
565.4905814651867
526.8288638816482
170.1049655614811
448.3594460635105
220.45395888144174
213.52367719443703
110.0217446992907
104.26894634018561
93.02361771746723
88.02335265099873
17.74074770412699
44.07970256394242
56.82108327845276
267.40772980959537
159.4729874140843
70.53103385080726
17.10397450491314
24.775020584782396
32.53349105955533
22.564191757011713
26.15132994783869
37.00538208226692
37.737586714939425
30.868081105994975
11.050747221511529
20.370253839709335
23.35842519554012
75.84630062439874
119.06898131806236
128.40057724790177
144.07737822764477
156.45676141230012
154.82262724556898
138.99365378365627
