0
566.3951400148773
566.1853459138204
563.7339213310732
568.0597030302387
565.2381913244316
565.3542913179441
564.9024969027084
564.9176444772236
565.0697522920439
564.9041849708001
566.1060218380932
566.3491903683849
566.3958835572026
566.2537839913256
567.1899545043418
566.2697351356805
567.2238461690271
567.2499986148327
566.4034022170522
565.3735930345
565.0863795091997
565.2488564563046
566.1701664383504
562.8445655805303
555.4608780282554
551.105426871769
562.7082911697834
565.5633264159366
570.5893609324161
568.3175211383251
568.663683176294
569.210687223486
570.5095473684818
571.0545992754875
571.8712286404796
572.4089533438989
572.2063650729726
568.9214762457987
570.4217049872344
571.4486809622141
571.6787492940384
572.9772235440829
571.9793331952432
573.6218539159903
574.0880624671903
572.7794372480821
576.5483198863129
574.406591296124
577.3959241765292
577.4605328750772
577.8059618600437
577.4695305610502
579.012043439472
579.1017986841191
578.5927527723248
578.3198447807142
578.30437553507
579.1442820379677
579.9430876680165
581.1484580692841
581.5905721944756
582.3600364184389
566.8386797212703
557.0500033159975
552.3333695378989
561.2598938712572
557.4301227762995
554.8172536891111
554.2669168936061
554.1110666030122
553.607683877255
554.5881551621795
554.5262551023951
555.0855273027802
554.5316241240245
555.5529872894443
555.3824333369754
556.5898122308848
557.2030480831387
553.7776720714631
553.4800050938849
551.0205878134245
551.215895311148
560.6404676985617
557.0375667637967
555.8762778992128
553.8204325305035
553.305297922033
553.0801300617451
554.6352944611325
553.2255260413077
547.5223506883623
551.7963930647455
553.8407555565012
552.1244234111472
552.2175210554178
552.624052827196
552.7524705551732
553.0707656577196
551.1913903642909
552.6101158228423
553.5437908527895
547.7385793060708
662.5508533124801
576.1148242754407
603.9101241745656
560.8976967204526
565.9652228346309
551.2959845913728
544.8260553578178
548.6550931426019
542.9834367160246
544.6757264854599
544.5706151306312
549.6584066718725
611.9854386255328
785.9358217268162
760.3042405578832
744.1704645352723
620.5685893783973
599.8804747286196
551.9452125984544
791.3029512643781
870.4275540929965
874.1093201251325
894.7979602575411
891.7885240163929
908.9450861118759
873.6410726395943
890.5970662005578
927.696830064196
877.3973412522831
749.6411138232322
1082.7827505866398
1089.2532923407073
1002.7400808209067
1004.5676082307922
1004.9453178122673
782.8958865567159
1079.062294528992
998.6453765817425
924.8203225835642
896.8906509079767
999.7339607604533
991.2559847724463
1080.359671366001
1045.9429222435367
1012.6588255704808
1065.5166407594672
985.5155542728689
1009.383338621137
994.2497362217492
1044.1068716186182
997.0703010123539
934.1208106777468
926.1390783309974
970.1223485826467
1170.384726165626
1215.4793013733354
1212.8516652137985
1182.5855070450611
1250.3817430390802
1201.6293871573664
1112.7159530475149
1178.5549210056345
1204.0491774141412
1119.5612356978002
1127.7992866251145
1143.6596214446724
1109.8560796116055
1179.8375757058325
1215.001251629673
1164.6930721752708
1105.916643457714
1115.7087503139123
1129.2493502612795
1153.1201630403368
1215.0668498440602
1202.2654464381246
1149.5997986048608
1126.2908295413374
1135.3341737338637
1115.0015168852028
1124.474813915552
1130.6791499573276
1172.647982294343
1180.3725064499101
1519.6836997083462
1597.3152257880126
1516.3530565498634
1593.301388750808
1630.4929589939045
1534.9800502351534
1598.5993317768737
1636.3479542247062
1578.1207559584725
1588.1145636054173
1582.5171286923762
1656.2288323844675
1515.264797408655
1541.8127799300166
1540.5566505261588
1553.7828231614328
1587.717787601083
1546.9848689280277
1527.591904529362
1613.8282018602342
1547.7860744111924
1789.548131096111
1581.8477051279713
1465.5983022961566
1526.458111714959
1519.0800324119439
1563.6818145304476
1497.7414045604498
1468.6077548689611
1523.987977295191
1538.2908414051078
1476.1407037890938
903.242415100113
1132.0317846060168
1116.7059747187507
1097.2104922764386
707.1570729399659
542.7028262393161
542.8003541760623
550.026141735798
551.8547456773952
553.6514640195008
881.858603245144
2009.3439941693703
1643.8709294650537
1037.4961754402236
671.9838981007159
948.0468207183088
1392.7374716013016
2006.242277106123
1251.599657054772
1110.01568492388
1485.6434515514154
1559.8266584505702
1302.2090951191994
904.2146928091285
1928.3549200425002
1417.1275009014341
1219.346222315713
1024.3641588968694
1416.4619573118891
1709.8632427139776
713.1644919123133
1172.5475584314834
909.8068141110341
1140.8497677127668
1543.0000428043256
1574.9380574553254
953.7723310286502
1673.1894220435513
1445.5852304937787
1195.6664581322873
1962.4276478906315
1126.0707102567555
1063.4592783743328
1520.115782022525
1050.9459648554573
1305.7852294774905
665.6124822134185
752.4381594320074
1032.7123314942253
1027.323484296192
1018.6956075466475
851.8917896045124
819.1055577629234
1051.378800964196
966.776135105361
961.8031316057533
967.1956611327989
959.2805351913471
1005.238742098715
1004.8719091075264
943.6111488215815
886.4681386941803
910.7393094139906
961.1175817891556
927.8000788250229
926.8744665663288
926.8669635711968
930.7364934673509
1007.1779826060211
875.6432017668752
799.8040356875489
971.0600203781939
559.7823492752176
546.5817660930796
547.5062317049234
596.3688603042876
668.578732015098
559.1326675301764
568.6610609522462
568.6210982187079
556.2272749846674
563.6678811193683
557.5796835766627
553.6728078745145
556.7231007833195
561.9544925825898
590.9165609762841
602.7961726979291
554.362834234703
587.8988742731894
557.5252094447295
577.0817093919078
568.6484193803454
554.0529869863719
565.9722472302527
568.0279182857143
589.4156435804805
641.9140506374308
591.2378453251515
578.8006184423228
559.69933222802
578.4433074819344
584.3068516587462
582.3320533010339
562.0530687978361
582.712968072789
593.8184617852115
552.2367399472123
580.1921734268935
577.0126410364973
556.0284504043192
579.1713574534517
563.0336316589425
557.995636049286
559.8757388366275
569.9142908195491
597.5539916367562
715.6952451738629
838.098695256689
697.7560818682458
683.0444978587815
606.0708322563058
551.1985919833695
552.1746042382687
554.9978340392818
556.3180922126826
555.6930000025346
554.1801803904006
554.4797636504057
555.0425797567411
556.7051791369505
556.1585012482066
567.4222220948552
579.3892662987505
557.5791901200388
558.9818484874608
558.6768206976894
559.0858366061831
559.5961997598095
560.6542739822027
561.2551095235582
561.1230860445268
561.1085049524514
561.0139497700324
560.8884601565833
573.825518419458
550.676215037332
550.9282569291581
551.4811430832651
551.900611556946
551.8233773971966
551.5806858362691
552.3098136797439
552.7934529809922
553.3262823486323
553.2862062398594
553.8721917231679
554.0263899071862
553.59221750299
553.7613739378229
554.5422991246942
554.5290115786112
551.2207587064411
551.6095538631344
552.0011006090733
552.210753944446
552.8750897632733
553.9127848126384
553.7542000796873
553.68844680372
553.6209394970901
553.3311117565711
553.3816587982731
553.6817510677885
553.4759619390962
553.8247741360152
556.0094529453502
556.148273593385
553.6840036441406
552.2093390556296
552.7662531516785
553.8719796116497
552.4116515189172
551.7933877122998
552.3082500030853
552.9210484512635
552.8786159786075
553.2469622781608
553.8359803937485
554.1102012035715
554.3263116487673
555.1336164438076
555.7159794462816
555.5203647274495
553.1277834090083
554.5314129556918
555.6501789311035
554.9693931830311
561.0932042095842
560.732124079377
558.9482096965363
557.9616516035258
557.2036210773811
558.656935971566
565.5075133898767
563.6599355145577
562.5379355006942
562.4647640961126
560.2966816279002
556.768605235344
560.0551690180305
565.5557500552972
565.3868906849938
565.518457326415
565.7160895435802
564.3156874213198
567.0708646877736
569.1120672811778
568.0662591212736
568.8311556657497
569.4597093514487
564.170984556594
568.8327551551251
567.893056861082
568.5031680832612
571.3914967242576
587.6482893602583
574.5002314091593
574.7567505036859
576.6270058574909
574.3357794336362
574.3939749327152
575.8885100252319
577.0586741420019
576.1835465853683
576.9093841045049
577.7425882731795
575.2591175765835
574.9597216232862
575.1860624334206
574.6304266157973
576.3846470544754
576.2834215074392
577.2090135179664
578.1907894396238
576.6723927983369
576.5837763246308
576.321914083796
575.2597847624511
576.5633004150448
575.7308222171682
575.2290496559378
575.8832379747254
576.2398592670127
574.3256163593333
574.3815754427744
574.5403053835698
576.5858074984792
578.1590161252998
577.8611370697274
578.8032296951146
579.2669104725157
576.0405372987434
576.8670216319741
575.8228212546471
576.5520542609756
577.6887484493325
577.8751153347257
578.5572389173736
577.5176159223407
576.7802486513519
569.5340521375018
566.4143612706321
578.1713881997196
682.9072498119992
564.2686640122768
567.0748584449983
567.694964259731
569.1350630935517
568.464596896249
568.8291731237302
568.9929095413676
568.8182782552062
676.2649721699725
776.2008930953486
774.9115588431828
778.8509219207617
776.9094869177545
822.0260388154106
793.4528586903458
872.1168257655181
866.4815334459458
895.3164458545126
862.4125409731766
883.119886622078
883.0279812391925
897.8216112115899
890.1234106293439
877.059852738749
901.003314739606
842.34633054046
878.2637574084653
861.0870360859103
888.7156723810906
908.9982617896273
907.9676119959104
922.1292410319957
907.4579847602076
884.9457529894923
889.621710304322
901.8372713040221
907.6692298761592
946.410993247806
979.05969713425
1107.2261633304786
1118.7799677801402
1096.9690835326767
1042.2134868979579
1048.7229661863496
1036.7962792779856
1003.7813399839487
1030.3309727368498
1042.8024013911952
1076.5204189131725
1055.7544371473932
1052.157474282273
1099.1586197086729
1037.4178391780981
1013.2747634117998
1113.5608688553214
1101.6153540615205
1105.7879753349305
1055.4992049865416
1123.421897371703
1066.1366031118712
1063.1729457712602
1054.7349862600997
1085.9022153471049
1082.9681608962203
1097.0972724515543
1094.9458416468215
1021.3198643064944
1050.20513855979
1012.9903919651002
1203.5711158546262
1302.101180503808
1217.8585652738982
1235.444404877044
1207.2398770512243
1210.4955817676666
1252.7023701547698
1170.8313816846023
1244.4090469411765
1206.2176650604172
1225.1169314151973
1271.2279796849814
1305.86539228068
1280.3209947445807
1280.8890618707799
1284.8761087842438
1371.0440058675374
1379.4982640917817
1238.1020967670167
1331.4814280650055
1300.315783746684
1326.2837250882847
1330.1648064922647
1342.263318796862
1324.9463002468508
1390.4458197328295
1440.0104345906545
1362.1069793029403
1412.8698440041724
1383.749745669568
1211.9535700328192
944.4548523786157
936.9734196683547
989.2588648763146
918.6181309005281
884.3791454293068
565.8956085342138
567.5683314045568
568.8516756932411
569.3766437574515
569.453619726198
584.4686314293078
922.6379471400032
1643.9891652854149
1519.3917987532723
1766.3771504998954
792.3758937561914
1083.5004408822244
1487.825161117546
1208.7494623241485
1118.0000830807753
1279.8547261415026
1160.9268606147286
1421.7446036980243
1070.6878793335939
1354.1157512773511
1035.979736230908
1052.3512793919006
741.2170124546609
1593.436802190722
1527.1052526519347
1139.4008374311463
1277.74284291265
1304.839873562977
1587.7464948663696
1173.7090025723692
1141.840980224338
1194.5587716381426
1389.525900657085
1420.1299834303911
1516.6258110258675
1388.924880339577
1246.0862206608629
1361.7651769882937
966.5330557981707
991.5691021308853
929.5519702076034
987.1326670076708
935.9063463631354
711.189375466987
569.819962327144
566.6528905920852
568.1521803329945
574.4145940153907
575.732845793362
573.5229573614943
563.5239015202116
550.8254854340881
558.2987443532131
599.1804508809761
584.3200592219318
582.3797169289775
988.9695852107815
1111.55779486697
581.5507788274524
611.6362543137515
569.5141084472984
580.0005255785659
581.8059229024511
572.6422297173079
583.9906879653225
571.542357031383
585.7555532655516
592.930669469345
559.3907866134244
582.1927750118195
611.1460986304245
595.0533222437706
619.3037158705114
557.553893850645
573.5082205499219
563.8257131424011
610.105100176327
560.3487904009099
558.5444804952053
561.8928413127019
569.9738012916953
562.8455542722426
572.1486788694522
565.217387021951
566.1284240726277
563.9773078226128
570.8651871378248
685.4387686375841
656.8507315644861
777.4411459284636
645.2323189417887
899.3935710943264
779.0396250232604
917.9908308141922
889.1488569626646
872.601830379806
885.5942380934991
786.6012741075535
724.4738745916804
650.7544830053241
560.0645942861318
560.3717879996918
560.3488969058451
561.4132173630233
563.0508507014127
562.1420313483322
561.8051797970311
561.5996293679435
562.1407678226873
562.6997506477182
562.3219890111434
562.3558808111328
563.6927132936007
564.1999859319876
564.0931352139365
563.7378466186138
539.2686886786712
567.873087817924
568.3106028844845
568.8587749127532
568.7164310453638
568.5867885030577
568.7437157151628
569.6535125890837
568.8916703113024
568.9398369122285
567.9604964702979
567.6043626617328
567.9434941742536
572.2010009815576
577.0921520879127
576.8599531641662
576.7303867603304
572.6663753176036
570.8356332552064
570.1062531738185
567.595069515703
570.5261469140341
570.197873829514
570.8147564264034
571.8641110723634
573.0019156275573
570.9161817060449
566.5484902407352
564.5168544919227
564.1073087151244
566.6477624265035
566.0184678844539
565.1624680448504
562.6142079510981
563.3737245986458
576.9362065953144
575.8355260517085
575.2832814077648
574.2655153300049
574.278934495504
573.3654507180838
576.4515914680424
576.8460999017059
577.7406011858402
577.7994415684875
578.4636592003558
580.4539540065866
580.0803531119508
579.9172167760997
579.7569882595137
579.9619779549023
580.2100214475831
580.7724540830901
580.14262297448
581.0475499587661
580.9690416405285
580.605260014651
580.3766374106522
578.8375433121067
577.6177378533004
577.704253789708
577.1196222455593
581.7275253475707
583.2383025331774
582.2758407572692
582.5132365287914
581.9106966627928
582.0583183434147
579.482919394975
579.077150596723
578.7747021864922
601.8329634972501
569.7844054004288
568.612051670207
574.2000938037453
575.9648026022716
575.6530336718924
575.7996227594513
578.1971991422481
576.0852772816446
576.598649871456
576.5273321986916
577.5854967846334
578.3597884939552
578.9015776376918
578.2334160195279
577.9817115575169
576.930971992952
577.7039249681479
578.5785912184294
574.420466186313
570.7495467394469
570.7676817289131
570.0138741233279
571.6321019663947
572.4762158071503
575.6817613230586
579.3489390622912
580.0964120300657
579.7185659566914
580.5652174661635
580.5994374191519
579.993419602562
580.1131396959987
580.9961667794622
572.5558934834282
571.5692419159013
567.1924757872835
566.4495906571476
566.8474663095993
567.5689326699886
567.6782774430498
563.1232704522663
562.200087430823
563.2393292200188
611.0746899613147
586.7709771410075
562.4961365753337
563.6959862928541
562.4684565384407
560.7871066544178
561.5567815081525
561.5145804618002
560.9192591093151
558.6354626350883
669.8734658909168
854.9207011649212
848.9560872575146
828.5937921076359
879.7522351276939
867.6251759117654
764.167491698364
851.2564560742396
853.4748346909716
858.2636761805256
944.214620210185
920.0468118407172
868.1646412724276
876.8143421632418
870.3884108224493
898.7235304784327
894.0233630318373
892.5377168838177
921.6122903466049
878.2757817926431
899.6017983653196
926.4942467081049
888.6706637939462
900.9171915856225
886.5540465078789
881.4099396032179
914.0441573293017
902.0517894157808
897.9705777262222
873.6172312870087
878.4143827775184
979.7297431306246
1046.6707087014508
1034.9991114343304
1087.022628015306
995.648247618586
1022.5231751156958
1003.8178688280055
1021.2237114548959
979.0388618651581
993.6183024389677
1029.3679340853575
1086.6631471153125
1006.5129132349175
1028.3279171400093
954.503666009033
1074.7110925259938
1064.1533449580572
1025.3502342866939
1044.9810220799675
1098.5597522741052
1020.0954934811409
1032.2702438520798
993.7781003033043
1067.0374498780604
1021.8602775888287
1004.1307859650525
999.5801791803311
1045.0412670204294
1011.0247733230625
1167.176206352153
1670.3497164886987
1489.7356492297802
1472.5329061308355
1461.801220592238
1332.2922166921844
1413.488591622883
1510.0078022622495
1444.6132203236673
1437.0947218492722
1522.1386491611904
1528.2409291985075
1560.1024136826784
1577.9769867061866
1506.0411947001605
1458.6379019796739
1423.146900615424
1447.0357371277898
1586.8079384291993
1579.0290110393478
1585.7792336406621
1526.7772552444878
1552.7329614853222
1528.9145010322225
1566.4301473598769
1562.038541662322
1431.3567720321169
1542.619905826408
1518.1729411722974
1357.9544494495779
1434.5105395963603
1302.1629555390998
879.0431862038232
869.8507449535266
1056.688548901611
887.7116939810348
799.5038849803072
806.0690146151845
562.6951201823381
564.5786217249325
567.8229870237312
572.7462032411797
563.347793391232
561.7320488197768
564.8616167516667
566.5196798786574
569.0888860682546
563.9819030566404
600.3377721806743
1673.0908788610893
1515.4605371589898
1667.5616496357977
701.9991866679404
994.5330149278566
1237.9556866329265
1519.4041713751028
1180.2771817167265
1288.813190909117
1194.6069244227863
1179.4034253655545
1555.063246622057
1034.7182251455813
1572.9254289487092
1013.4900952327104
1008.137349446199
1459.278467520299
1287.3710388547631
1020.975603936668
1346.7689800347039
1261.9593720113178
1069.6820163980822
1607.2278738661041
1552.899503910828
1237.7282374662716
2047.4817249715168
1364.5949543555873
1345.048210155273
1940.6828467293383
1254.0190335269922
855.678487180294
903.4659050059587
836.6931824731012
850.6528973119409
1179.057182335462
965.9806181477996
793.5146810848921
811.050474529771
893.1393875411353
977.9242057389936
1009.8615666976362
964.0341678636415
1038.987676358148
943.3669090985671
907.8848124003335
959.2103887099279
994.6904570781583
995.9672930848606
989.217256491217
971.2485112864878
1233.4226568135684
1093.0966161706745
1367.826676660369
721.0813730804405
786.9730582399498
611.8182244902537
594.330342894606
632.4750387029355
602.3553958315815
621.1094937121217
929.0968639701346
790.5755200737079
803.6003602511241
818.8996301198481
707.7443073237243
660.4941096371847
644.3292775548507
891.0101003236497
814.7524263714947
649.4185321389832
608.2625490936322
650.744746163406
826.4976461323038
626.2012131228768
668.500814853657
816.7117059488837
613.4732246908139
700.5715081262955
624.3520877729874
599.3897363730177
660.2327803241417
625.4958846998601
602.9137693295418
626.6547983983315
611.2085807078778
598.8212657455499
600.5456875993268
662.644631871419
610.1657214583813
743.3645754638974
893.756868067132
860.2648468257514
739.8011434867947
875.3457247710946
845.3327778810065
897.0622324322067
908.5916910220348
728.138158027084
640.3357188904876
739.7410878693744
576.6152026890475
576.1354903730366
576.8871222879901
576.9798664673306
575.4460241690869
574.1489472990488
573.8700518934482
574.205969478781
574.4956504203805
575.2204029665393
574.8785569968729
575.5709763178373
575.2375861733211
575.6271485871167
575.6755237316911
576.0358921152222
574.964902392701
574.88842562266
575.5107131054555
575.6643441510806
575.9910962917929
576.1049925529503
576.2083549001197
579.2373657601784
579.374737232396
578.7961413667741
576.5472748157836
576.5022060346124
576.2611700892187
575.948087166651
575.9162322599208
575.4417667583128
574.6464892605275
574.5057201748679
574.1798078054263
573.8449027090843
573.2719832810816
572.5301231556122
571.8434269352676
575.1162937442697
576.3050171463817
571.8700030594181
569.7108330787066
569.983532007234
571.0874050580516
570.9997344932362
571.0969359035039
570.4403876864257
569.1419113200286
568.6728294115553
568.9038179055241
571.1436861436016
570.1029372691108
570.8981583912129
573.1460517314513
575.0584279187365
573.2455056156404
568.2575354806489
566.5213305944309
566.6823446312316
569.2746869413078
570.7904809567946
568.8165398891637
577.6452343759448
585.7125395562213
584.864851473555
584.6446739885056
584.280312807746
583.8051637145105
584.3925017976673
583.2278303943799
583.4320894988526
584.0825701781234
583.5861844480903
584.2603855812182
587.4941828263302
587.4571475802892
585.2837969987255
585.1881057005637
586.550749384866
584.7389550307602
583.8185396474639
584.5099532657824
586.7862522443446
586.4986261639316
585.5318221406728
585.8937033459177
586.1900992675539
583.2435826095654
583.534228481531
585.0192688598821
584.639306411656
579.8712093555112
580.0986826312875
586.2887948440624
586.5899832480695
579.6638172993805
586.7282216700619
617.2850869139409
574.1912984010329
581.0005349571712
574.26829957807
571.7471717161951
572.6124537003307
571.447951022374
572.2311952887769
571.9721587111175
570.7869179034861
570.6880954700229
571.1046786006827
570.5894915311603
570.5649119447527
570.3476098080894
570.2021720293573
570.315697954857
570.3314797569285
569.9324528721229
570.4210874192574
570.5466135495168
570.7373569540026
571.322826868838
575.324865413073
576.3836897748665
575.7119901147836
573.6766319978328
574.0774187930779
574.5229304314194
575.4869931846515
575.3089448307479
575.0977491990876
576.5690280782707
575.0537075822732
574.8759711846454
574.2176648528233
573.4941341280627
571.7619462046173
572.4485412864641
573.3265408945658
574.316880691576
641.6008106667653
617.5295334009958
773.1040500531059
624.8914587944539
588.276173085767
581.837346364187
758.5326285822417
790.035901897849
815.0811907742064
768.6659678716288
818.9521838276988
787.2839239308756
782.5323610730883
860.1836510953943
949.1988073965249
869.9281881429671
850.1140112832131
870.4184384419069
819.170692053049
877.9650043142733
832.2338207629322
859.5946469830269
879.4122251596235
860.8962526492222
813.6337012831956
825.7749115773155
836.6621608290667
821.65000974257
829.6155468388007
833.8327789636505
872.8786526406985
830.4255039195656
849.6770393600372
847.5472341930985
852.1441328369759
896.2714701242363
952.7190739547541
1011.559366973906
1031.028863136805
920.9809238593631
898.6500788973239
967.0479883043528
952.8744040863716
972.027158499721
1024.9396191715937
957.9031422349505
974.6936510313695
919.0591964574692
877.3060185741875
893.7281461356037
950.5931586577656
957.9355621084648
838.855640622624
987.7017749276299
991.3841563560229
1045.2550731880685
1002.7291698795044
962.1234325757512
987.8500448354687
956.4663717182983
990.5213926538789
1001.7456256868498
1012.1067047185842
1030.4568007467522
1113.449968879174
1061.987802898572
1346.716468194198
1410.9429435968339
1352.222507115216
1361.2229697494406
1382.1312718079373
1358.531469629312
1402.7307317264483
1407.8163816446397
1370.1007609770886
1354.997188698928
1411.965182258876
1392.6412431927142
1454.6063728753525
1288.3787737017717
1311.9695832763828
1408.2824305913728
1429.8621907778668
1350.8960374700912
1398.8890208897735
1445.6762598663938
1308.6591154635623
1354.6563007026043
1377.9147588126373
1518.2287026093145
1320.0412811273063
1425.8656462798986
1416.7445269464909
1351.9872575236857
1380.0515959105876
1381.4434438252633
1156.3188333903524
893.9623076304805
945.8491371891504
1093.0202054328963
852.292438082773
684.2228517167947
582.9197796007771
584.1527776599671
590.3673001359497
583.370101971897
582.7121506713562
583.9515252987677
931.6255368415326
1323.4797627009611
1086.3416681400226
1634.5356042468602
1820.3248260615542
2214.800879435675
905.0831620998412
1127.6151051677605
1248.9049949127966
1596.0342947692084
1472.1804762503925
1552.3865915865595
1373.3502380508842
1276.2925016888673
896.6471872651689
1036.1759865291574
1599.642724613942
1441.1673917600174
1510.0089113784293
1365.2320732318146
755.9245134942798
728.5376546391316
1363.8114176970391
853.3551978672997
1327.0770542481969
1126.555147277176
639.0389404926694
1063.2954858305238
1272.173874286751
740.1862044995103
648.8150662035835
695.4484206075116
898.1126002871267
913.2061296521002
1250.2711963850918
929.8164896536654
1037.735551796355
1191.3548160539065
720.1628491748348
676.4119994048932
660.9092010927044
590.0812920165503
724.7526370073446
916.6583803105082
727.3414787393102
1467.9454423663376
841.830160703657
972.2389841128237
759.8505893098137
660.4849465132817
666.4173554168852
650.8639051641874
626.4905503913201
617.2819452097898
629.6086393689455
621.9789315787435
628.9257484446531
624.2548139456954
635.6516238979987
589.2397499691596
620.7486201958502
581.6309157226451
628.9715678414907
605.002399194026
582.1844662474979
611.0359127727353
625.5199632258175
586.099388336473
584.6993063141784
609.9607080916214
583.1750316364908
638.097741341336
583.9414327385342
640.5913657633912
589.2481545280299
585.5103604791947
631.9410931436879
697.2115921742346
587.3890373030332
767.1581814187701
762.9736214800515
1056.1147225385662
909.6560762212416
931.2292913163409
884.268011537905
868.7521833730203
887.918159263534
867.6827246071681
725.6683077988904
571.1073898259417
572.6972968024203
574.5367741668834
576.2715217052836
574.2217690634413
574.7820690171985
574.0080735980409
574.6089129179438
574.924836094229
575.1977117863509
575.654889193863
575.7887269077856
576.1951536608997
576.2224996069905
498.76157865485516
537.0665225257113
538.717254003656
538.9034381622465
536.0757946147479
536.7972937825239
538.290828954409
538.1172818654763
537.2298314673925
538.6112101829813
534.2763155375676
537.4381242894581
539.0756419686152
538.4786063068254
538.9751715498764
542.0827926619362
539.9999300963296
542.4479322678817
537.6867519401198
537.6355449877265
544.2785450961522
544.4999553600381
542.6433321633688
535.9277185856511
537.3484616102747
537.6988546086882
538.6353921409634
538.1948476066486
536.6770271055618
537.9038238018929
539.9762893830656
542.5331123341307
544.3496013715621
539.3558353907405
538.7086929107408
540.6043722235527
543.6560390080199
544.0739467523412
538.1054281605823
535.9148588268837
537.007995512174
539.5648205946621
540.2454391918575
545.9242247447298
543.0595404201579
542.0906059905772
541.3653039513686
541.076749959086
542.7183867053848
546.1842323733699
547.4427095784941
549.4073202567977
549.5184958603975
551.446870359897
550.9702901219548
545.9206469163016
546.2070023440374
546.6180153520256
546.0637190885612
546.437269055889
546.3780357867339
545.7835334660344
545.2838687843785
545.9970154654317
545.3380882030626
545.1535161418565
545.7827418711344
545.1601567500851
546.152498308307
550.1867111445871
549.3244404259947
548.3421255034947
546.372318842439
546.7302692407112
547.0547540321725
547.0044998964335
547.7308701725608
546.5092904437628
546.4791425896304
546.3019546619922
545.5128137914945
546.1048284150604
547.8033383624033
536.3188623082832
540.2187214013818
542.0612595256605
545.8186171266123
550.5544670062375
548.9346822353622
552.1365572854593
552.5469100178856
550.0624820717544
550.0743302600325
550.8626921779785
553.3605971707923
558.5912609854274
558.0632617934851
557.8054583384917
560.9462631055534
557.6333889541579
555.2391301937522
556.079416893242
555.4344016647983
554.9079531827863
554.5050612269648
555.7376292594402
558.0828386838346
556.4341709521209
556.4981045109982
556.5683000812786
555.1421361071831
554.067280103902
557.4621165062869
554.7119054434141
554.6478937247346
551.4833162111694
554.6210883068006
556.096682070392
556.1721778878543
554.5217556583272
552.9465250141114
544.4248904912595
548.491825901659
539.7991586488768
546.3024821706216
550.837418845387
543.4803645019956
547.5880137942493
546.2540029371377
658.5641584841674
638.9158472416459
731.7583849062793
687.4438363460607
669.2517245523054
668.8589953166955
728.1207005391559
711.6958660292905
675.3957430554303
736.0797582317157
718.5017070170176
719.3035687521276
756.2529916730779
697.7767500052435
700.626494485193
698.4647822561067
717.8394720814476
710.7136234433981
727.405930464229
684.3557780019139
738.0346797799559
747.9146361325566
708.8493240503451
705.5366244891641
705.3597343872218
690.8998227161394
699.4231036165322
685.1313243955159
714.2717401396055
722.5993945371197
720.5612206364149
755.9640727628004
736.5723285286069
725.1223892152866
763.501931918074
834.051392450725
745.7941111647567
740.9877693362274
743.6986992922427
756.1052635024414
789.2529149881043
808.5804303918128
880.8574384041609
777.9112081571031
755.6174123564543
793.9716897323627
811.4140004211412
788.5761051607375
808.4207904700597
766.7449820901311
751.3232933705597
784.3654067236816
783.9248077557189
833.0346771249351
737.7260258454578
749.0824916039114
844.1783508490846
857.372874883343
809.3607081392827
805.4240388977197
1031.4913639141384
986.8599696067533
1049.7917587948882
1035.6609558302482
1093.0080170353326
1045.3260964326646
1053.5270428613562
992.0300029919332
1006.3372260248191
1162.4070673873903
1074.3507705471666
1039.9457800630073
1070.0098232387686
1032.3143357391282
1079.2705025026025
1056.689763708633
1087.9399415356886
1141.7066898924536
1043.0110055896532
1054.3269116960614
1118.4099387910414
1098.9489398838055
987.3828254861462
1091.8982207149088
1139.2399559225555
1100.7803323100943
1180.2548857178572
1040.8330260781172
1127.7233905118615
1149.5443867028264
791.114420945304
626.5164008735246
781.4767540790158
885.2531032895683
804.7272566773464
1073.4957754454545
544.9979342854671
540.7319203150616
543.7407267990457
542.8214127491697
546.8914928932732
542.8858144423818
692.3346744821699
1359.2284169259365
1606.6496166221273
1075.934645451193
1744.248398479223
1374.8101060042382
1076.6845663697513
801.8785765894161
549.7969744852196
1107.8295505074202
933.5028439823992
996.7980200464677
1120.4491947595398
796.366048789045
1245.9343599843378
1060.8079689565734
966.3496652778288
923.4097697841735
930.6478699892007
921.2756273393758
1074.2769608171407
890.600506596878
888.8645961381404
1099.3665031782239
1082.574093524449
880.7542965568902
1120.938557297594
796.9689519500062
906.7014441207544
1136.3192203051553
1219.513300499219
1142.0608867552182
709.2548806641989
819.7451387526834
725.6188382672821
841.4663819809272
839.2053906660642
828.254371980461
821.2154799065531
724.6018750650012
712.8249223490083
751.8423781971588
729.1948826272476
738.29489395401
735.6910510349614
720.9216367822507
717.9858685218474
730.9143723694536
745.3237328755097
746.8302840918977
753.7509583874848
732.4969802865805
714.7741702038632
712.8593068371365
803.0470125585632
716.919371285987
762.9801729088456
593.5188028216526
561.354167497563
617.4990130722736
542.2816801239619
549.0607135374087
550.8500097494516
551.9687326528584
544.581671987163
542.5252676119744
615.1785115691998
527.878913071557
707.9621553323319
536.5053088225241
636.2682079462709
542.7629672339041
519.1116858596997
586.338106141088
781.5149440865523
828.5626255055897
763.1353116165592
753.6815117337728
715.0474437518376
674.1027942796662
671.651870141036
527.0554214948047
689.7342729438731
538.0152816227337
535.2477404269908
535.2732360266743
530.550159543947
535.1170226182403
578.5221524558062
541.6588932247435
527.0005851184267
659.9852433201731
559.9643912266833
722.6358061423009
524.8161499291616
652.0490449523766
573.5844057438716
622.7055896312413
524.1588715706257
523.8818734253271
536.0735562593409
527.267525766798
619.227456982944
529.0549312438212
521.8165490581598
517.8688623878809
592.3103989393749
533.302758505879
647.2208312061621
567.4177178411209
550.7734545294733
550.9360916722077
536.9492510232436
692.8643667202332
669.7297507661679
726.7918384152044
723.4825430916537
730.2084562247544
718.3341386058139
719.115182742612
709.964079264874
706.7582539854225
628.0133324335604
539.2818317014609
540.5490051103197
539.1549557190438
543.3296030530673
544.6856995468215
545.2996079341574
542.1575747649338
543.0057137190199
541.4956201254571
541.829625802332
541.2771219528707
540.6871978875038
541.6671741517956
543.3318994691267
543.1715732935543
539.7189056328689
540.144890952005
541.0722569112024
541.1795367214573
539.9468628457341
541.0324776661404
589.8073977449019
530.4642853557422
529.916617397311
529.8266088808978
529.9264463588675
532.2528219742447
531.8676656758518
531.7070605690423
531.541709829113
531.4125003863059
531.3890436601076
531.4514274916855
531.9976342264647
531.6518752060049
531.5391450605398
532.5206180256112
533.145136962212
532.3838152280791
533.2157571088206
532.7479072684819
532.6183966970157
532.3034149726171
532.135374233254
532.3022757792282
532.458301553593
533.6361331400947
535.4124177370132
535.3849517483648
535.2548590946592
534.7404203727772
534.7734118452696
534.3341516820988
534.0740945868938
534.8613758887128
533.6792298432815
536.0664020534675
536.3734752697765
536.8928761101212
537.0399375003018
537.5143772363314
536.3715799307818
537.5945066377903
537.6085123460755
537.5939776550306
536.7333768188507
537.2747759786898
537.264099838845
536.6297872753349
536.1660670899003
541.8419633199898
546.4742590440056
539.0803117444152
539.2057826299304
539.116978596882
539.5979442133541
537.6950955803864
537.7513875793817
538.278085801895
538.6116784404514
540.941074225289
539.743561302794
539.9398264427601
539.9545489516412
539.270647734332
539.190381448257
539.046291855791
538.2120208497771
538.9061001619356
540.3258302927345
543.4539601119818
542.3255484942086
541.3926660012355
541.350054555831
541.1422918647913
541.6307393531338
541.8099278459889
542.2989870015222
543.1077845896748
544.3073736492505
544.4574585973368
543.7872637468098
543.3552457988563
543.4139553296174
542.859847318473
543.5385975642514
542.9052028474202
591.4608849111222
548.6423177648595
549.9589743671771
547.451119732237
545.8535692941938
545.7948011531565
546.3385609175087
546.7618696024214
546.178092106241
545.3890080689713
544.3125423469938
545.1631961570674
546.2257680051496
546.9215134127053
549.1254800274353
550.5597062816273
550.6772837920408
550.147969204119
550.3068261383046
550.6442499682478
550.5283623402161
550.0644669516205
551.0472724473511
549.9351611592383
550.4329015684165
551.4577193401846
550.8247260042007
549.4729523701791
549.999135021834
552.2662952026851
553.781936878832
554.6006429706541
561.7541497962317
562.9383176743684
561.645665468642
559.7450342799465
560.2755973221268
561.0656108009672
560.7801274938287
559.7465467108044
560.5132413482838
560.2914992365816
560.3228321829175
559.3816770113026
559.5453534251506
559.902073100641
559.6976853918004
559.4294646142737
557.5468313323133
626.4150269635109
524.7514424704171
587.3085933021221
539.193174005262
551.8593960392969
610.4360003595519
557.3411378097575
557.5065497603775
553.9435759211838
599.2267310437841
812.4107968370693
848.6065332417423
870.8444520435108
820.9189772146082
853.7194956891982
799.4479284791197
867.0345886361725
748.808506627934
900.2321609869647
896.0472468723779
896.6337537923861
1062.993163365861
1007.445001174311
969.2555498729237
916.0268153403651
937.1375388486199
882.0896209029968
921.5610958051792
926.0827008925967
943.0345490830591
918.5256863733699
933.7961217941468
933.8316637723825
964.0908538037456
952.8415980178504
929.325331544638
939.287963624727
942.6256528021647
935.4338303817194
1018.8279636311779
973.3054409057221
941.4344185821702
962.6341593342734
980.6098010313145
1041.795402633565
1007.6046251027863
978.6964454185868
986.9626838779053
946.2315725107833
963.7430938601417
954.5017318007666
906.607328969762
941.1954132031974
915.3857216162027
981.6187879358067
994.2469950829592
1038.7156318841737
964.1667710048515
1001.4389120590572
1047.1343414516198
986.7385976278947
1021.1636678978829
990.9917257071085
1040.5142720959939
966.5551411098999
962.3053124861483
968.6517807113629
1001.6705098512035
992.5688866658376
995.2394053027188
1593.2757304981249
1615.1071928891868
1501.2232783708494
1591.0934820461773
1596.3056030292216
1671.504427266232
1586.3621622913845
1190.4857517822336
1113.7227078831531
1287.484377477382
1490.396977303925
1637.7135509587704
1619.9895754383444
1607.9229584861866
1539.5878162379934
1466.4005451367677
1616.7184801747
1634.497461379711
1611.771653800078
1552.5681127891792
1619.749634385473
1560.3919231421344
1574.3842521691743
1647.7405020748377
1566.475347945954
1486.0344358195791
1577.3085987408683
1588.4582925845755
1599.2533367870935
1585.4146815591073
1386.4373307882163
901.3776757778927
889.7896863328319
1211.6864112200583
944.5830882036661
959.737475920998
539.3241958143803
726.5468862371316
555.4558361736094
557.4058989515639
553.3521006804624
586.1115477061921
846.1875768578991
1555.9729793497324
1391.793102342597
682.9868030940463
589.810663468992
1394.318716556311
1346.21120150618
778.3884370864262
901.5493548996028
1196.827035847708
1396.4670247024635
1012.4246111506445
1636.7345997793084
1338.1061188024103
620.7797430077262
629.280207813665
1083.7107890140333
1167.9293581344427
1460.2694634379639
1358.4332254779622
661.9044742998767
698.3266445892797
1095.0696584267548
931.3888162358311
897.6694051201958
2102.9804894058916
1612.9159060430263
1530.9261336830907
1113.3361922862732
1719.7070333185181
993.0150415067209
1103.943707863971
955.1644151022082
1163.9950415526098
921.763861686417
921.0690636890971
932.162621018885
943.7058783908404
1044.8283550725303
954.1947015806044
945.288350689482
1025.6587553447741
965.225072388633
955.2733587901953
950.3369293431343
1067.7815059299471
1030.238622406365
950.1731946908642
979.1964179769486
1021.2116845348505
539.0224815424967
624.0827743184653
554.9496023300226
625.6927947635389
653.4558491881721
594.6902272589268
565.3332829086132
575.2392762971405
626.8928927657332
618.598737379451
612.9058926479422
816.3895599580255
979.9663346642049
756.440551101771
724.6201443016189
715.8055278723923
743.0092521149072
686.0921801608109
697.2414438471474
566.3283161219028
565.543907392438
571.9489950783425
595.2354296656139
631.2049156301906
583.2206756035195
552.3702919020457
611.5026533946559
617.4107656975972
683.8874309437181
577.3864092707454
730.6385330217619
564.34434847008
601.8923709969664
671.2153084291308
636.2902036796636
641.2294449139381
707.2217333404874
637.9714242075993
657.3879535318716
615.0381134901941
621.9218150540682
660.8553990749103
658.8119201935622
570.0415932356278
870.330447851397
770.8207448016008
941.4088054823374
947.6824389230177
966.1985054770704
972.4271361852251
960.6949393518433
936.7498268817392
629.8794665279624
529.5386089636489
532.5324569072636
532.519581657718
532.3593212418232
532.0565938568
534.1519305024472
535.9283522598703
535.327868460072
534.060814102252
533.6041591158207
533.0365212642089
533.1178382155568
534.2005850475291
535.0952473549117
536.9436142489194
534.9412838857993
535.4455281629882
535.0644051366096
536.663073050358
577.4948029363333
562.0138913470779
562.3762393758143
561.6812986370359
561.5176394678557
562.5828912502351
562.521813431191
562.789907597586
561.7848983139437
561.9844840326746
562.1262041357323
562.8951357486295
563.5134561434016
563.7078013943221
563.1269499812645
562.7899723792192
562.9758267488421
562.1338564633594
563.0845541546133
565.3568280119395
562.1446218470921
559.9822944630705
559.3395471303548
561.3798549778785
558.8841636595176
554.2984587495116
555.9058355679806
556.381269859277
555.9285678467917
555.971390948215
556.553294129607
540.5167285393385
541.4821752694231
543.1049337072724
544.6893821892813
546.8162114905634
558.4006575102914
556.6929984775512
555.1368843366772
556.2887776870359
558.7259615878751
552.7306952608311
552.0999904493711
555.696971381405
563.4788423460087
562.8663813246748
561.3384202179965
561.6638268506841
563.0032608190216
563.7772939254265
563.2384629069389
564.6120566270482
563.8865771041338
562.7844355308539
562.4966083833452
561.9463758440496
562.5441993717046
562.3443434865864
562.1336047652007
562.6088624435504
561.8354389056701
561.3190091813508
561.9798670713626
562.1227818810133
561.6875624523535
560.1850268708065
560.0948257726418
561.3018727187226
562.62788435675
562.076426285427
562.2427946028849
562.0310123530685
562.6218631691909
562.4516406127988
563.0260837106692
562.6733672293925
563.1538541909465
562.9939034813385
563.3912478670115
562.8079254276213
563.7934982228827
563.2101363224434
562.718463501158
564.5064165529928
557.9692860832876
555.9662937071637
556.6289996000818
559.2198080925399
562.2624421390352
562.6708865467714
561.1765657632828
562.3066745554634
562.9922635228207
563.2837303990908
563.100796641669
563.4018801976675
567.7239341346033
571.232699427285
570.8349804420986
568.5113601839711
568.8012393020879
568.4587717713362
571.1725243872464
567.6693592018588
566.4351212153256
562.54016513328
565.5746261259834
565.2388620040737
567.029009607841
564.5725479584553
564.8546886170054
565.5971405542153
568.4745134212964
568.0200543216512
567.402680696959
566.9539816305063
566.0269008959282
566.4677451549758
567.1250711549678
566.9162869671392
566.8459127182199
566.5124650694936
566.7256087294426
565.5947041313733
566.7284045736403
566.113131622379
566.0181088769101
567.2077407606142
550.1925097382833
553.9437973207032
548.739729619278
549.5372572339145
555.900437903887
545.8932503318056
547.4881578737343
549.4202571292332
555.7578711620757
551.7335945891398
554.2900175613344
555.5231291133927
555.5164655748109
549.5715444949257
799.8872610285465
724.6912667865163
591.8313034949742
840.1351540454734
781.2125808923189
850.7166231455805
843.5821568806408
830.8033526237778
892.4216445273679
862.3074893891124
886.5143336636078
901.2474109189362
900.5706942512799
960.2668939520955
943.9096454758072
900.6759063897883
919.5907823146844
927.1524315223836
933.9388543813981
983.5672845606908
954.9414942860468
936.305960840354
952.5769299167085
931.7904200348622
894.0785639026868
944.2873102063276
972.5511042747772
939.6481574493254
940.209897199998
1050.354225884079
1044.6480086449592
998.7517357577839
957.9526095880182
965.8586395691765
995.2916742099256
921.3496226146832
1061.7319581422353
1133.9188637798495
1079.3053389487056
1065.7052591470203
1076.4124059246774
1090.4447889796536
1059.3392650766675
1053.3922107526146
1070.7252751890683
1098.2396835338013
1113.901102533896
1142.077933157855
1112.4159886205462
1086.4437091787213
1073.7186659759143
1094.9415923216409
1105.8161081494616
1066.0951127239339
1076.6990706075878
1121.3950157960178
1155.7460802142461
1141.7855315149332
1131.0751614976168
1073.2394523156065
1066.6223625663479
1061.3046214264598
1092.115935508352
1073.9924884809259
1089.278489644266
1099.873429162989
1329.2030073733804
1458.7274267869561
1409.1515560313267
1333.8650623958097
1369.8987055286586
1385.9815949582794
1363.0892672770249
1472.1614870336687
1549.9360208806943
1544.3846296930747
1574.2518106758278
1554.5635105691433
1552.6433149703398
1450.3271336951661
1591.7507103786504
1499.9947777211908
1511.3415676111492
1544.75308310256
1480.247975128536
1524.5941318585499
1478.4681457241786
1525.2563009062724
1475.036088142767
1586.3318071237002
1490.31770450777
1526.225955386291
1491.7581961607223
1517.804311196158
1491.594754012341
1477.1122272081093
680.7181373412888
834.9631800710831
942.2205916542285
890.7539864939147
1029.2461229777275
1050.9782810315414
699.4075861472724
558.0809373351868
560.7639422523042
559.764121947436
563.8243393591769
567.4202081453641
562.8506357102849
566.8563441870665
566.0820663904011
559.3503346765026
602.9265533750391
579.9741602355085
618.7942515048056
945.4831307645562
835.2915618963106
784.2855164617948
1262.8330060537119
814.821286674298
606.5536042803238
721.3305280665742
992.2685191406534
1173.4026112840102
1585.7780572690237
1041.9810438070492
957.4414681353436
1074.4995892254365
853.1104111758915
1395.5482441113404
1016.0439092416592
1315.5644817549335
1100.122808303425
1268.402739712724
1376.3965380692405
1150.9289865894743
1213.7064767692766
1298.5625947003248
1596.1742368937619
1494.6393363865511
892.0159846233843
868.3681763312075
1194.694912633776
1307.9549145423043
916.9218406919714
741.6380753859754
768.7525802214416
699.9122032243705
928.3378602973656
1137.7998560190035
1144.395209506382
1107.7323450136776
725.7592837232718
1069.5368061262898
1046.2488651151414
1005.9083796128363
928.7337401009619
892.6949352466539
627.4470102701126
574.5210454118222
595.7596160972734
558.7216864919175
563.9692575469669
565.243440312754
565.9134135899163
558.0830182418227
560.5235141917884
563.5347627818029
559.829421528748
563.4712956951545
566.2926654147175
564.8393196772147
563.1097123847686
560.2444005594474
743.9182380498713
822.3637872454117
601.6152567296149
966.2684947815916
722.0666834368375
589.7857166261585
569.1886731426542
566.5810278896305
577.5983210348563
592.3385059560586
574.6841372976735
590.2462477182836
704.3315076130999
555.920604047576
585.1421097606288
599.840922512864
585.8900987363605
552.2833531256058
682.029438377807
726.1463384229855
692.22266630254
742.3023592255521
807.1302553020092
552.1562837755051
548.3568127330979
547.6887704423987
547.7600473888123
547.2939845705056
550.5908227121248
551.3804443082157
546.9644676321093
561.4847161800632
603.1215672373378
561.3671156151277
714.4594607948274
582.8252826078304
830.2168966728517
786.5228987742779
857.395842816458
843.358455196491
839.8590555238457
906.6172523019993
937.5332809077773
929.1851674864048
887.621860294791
754.9403233410495
606.8908864580895
562.7267454637388
562.6232772613542
565.3230199807398
567.5536322971291
569.526890061047
568.3863530999284
567.7950793864069
562.2385071909767
567.4241723448777
569.6186127769132
569.477193259091
572.0230099402577
571.6982293421391
567.7894515576868
570.5356109677235
568.670549411342
562.1997512958955
563.2609181780413
563.9751414156591
564.109344898635
565.7224471997885
564.8473514346466
557.0631627419483
556.718626351222
359.26193060747613
401.7741466347147
402.15400336529757
402.80656465128067
402.8369852583242
402.98453169409095
403.7815283716084
403.77287567154866
403.9910635171604
404.16336356027176
408.2954799478244
408.0666508943679
407.8333166960738
407.59588894743416
407.4295449810501
409.2740017922903
409.45252037506185
409.7751505470978
409.51380752164454
409.7983925758978
409.6541953972904
409.22057073629657
409.36302265287526
409.95542980207796
409.09196366797914
410.0492649211254
410.9422328119846
410.19921867211
410.10482576826735
410.60059343215516
410.9984348759098
410.7884828505344
410.6141385525909
412.3458885789593
422.28990405921843
420.5979943754715
420.9275925492883
419.72846237576
419.1777434015917
418.2947485246062
417.6895630903494
417.2271476766059
416.9469705358326
417.2843553938191
418.092410932943
418.6249631419369
419.22219236093446
419.37443168416297
418.7221170122866
420.10850032260294
418.77635298971956
417.56826041655944
415.10243754688497
407.38259291243435
409.3563131670745
416.6494468244097
420.5876948867923
420.33530509664087
418.04152053939174
419.10830709106466
419.89721434210134
418.86654191755787
415.8787644020462
407.88341701701046
404.5956590755003
405.53458844533344
405.63658451895685
406.1643464386339
404.4790838424495
449.6240494363554
407.47679832782075
404.7796957453332
406.0577856594382
407.2216807960898
405.78175102223196
405.30813474779376
405.0999794066158
405.237626946169
405.3646431244662
405.55681073020554
407.0031837274924
407.3313230189614
407.05082239358507
406.8880522887442
408.13723280363587
407.7956984741211
408.1753588635833
408.6601041514496
408.3998805039865
408.674266105565
406.4312273186176
406.49257903158116
405.60017824514244
407.35231989175577
406.33405257596434
405.97346453651204
406.49740515719134
406.46775352264245
405.9845129470203
407.1128384309548
407.4423557373584
407.7715160410659
406.3327802262999
406.1689435192647
405.61046163658085
406.60198171819565
406.38536649345764
405.56997528441167
406.7701715403095
406.7182455089007
405.13340162988135
404.8356662413151
405.62957127091727
411.830738917961
425.7026937625764
409.3153746989647
406.55986554341166
405.5221271086395
407.2159721352289
500.04467914634193
405.072643548364
405.13598436168263
405.14837438414423
405.84048651708906
405.8089448128876
567.4461077561916
628.833764218188
612.3877204125841
654.715875323017
682.5327408889405
706.3490751541704
693.07895848364
689.2063721386803
679.680540040373
614.8121860714018
656.2601820487985
653.5786711581325
739.6159852869789
761.9951834034653
721.5635982312175
737.7188963891742
739.0289735525255
731.8465615091711
752.6834411121198
703.9612243351246
743.0200160294535
740.9599477209696
753.1169410913814
734.7968067091115
755.5376910128712
780.4064622187188
751.6028294211822
732.3141822966173
717.1756152735798
750.7323625193231
900.5297013407567
968.4049512690797
911.9069235461784
901.3754210128184
921.2798718264442
872.4512827851495
885.7948395573469
941.5110693936892
866.9228519120372
872.3719482182034
867.416061828286
906.2376040297061
894.3654606394557
877.4392213128176
890.6214217147585
918.9646433789776
972.0731801902898
988.2806013404647
970.7877254790781
903.2113136211105
984.064955180886
1042.9195855915088
912.0520521311296
909.886824885228
931.1441038264413
868.0132746751024
845.1916307761744
868.4746620653953
888.9029709392187
911.2711374076869
939.6538218452224
998.3104685845892
1049.2114674277725
953.0023404655169
925.6911824472056
1018.7363931855241
1048.7178932352585
1110.371247567722
1042.1250737410148
1044.9015620696582
1079.6008055558746
1124.9084871145778
1019.8284404554295
957.5496296373738
926.7503821209084
1050.5626539965065
1015.6994797777575
1055.5053158736052
1053.0099483902184
1091.011488073737
1080.0557650491044
1021.3733628202297
993.722573748073
1073.1141798721626
985.087929218656
1024.210578017616
1038.3729300102661
1007.79480555581
1030.2822477050556
1036.6223497263309
813.9552370130627
631.4785748138281
407.7282364731762
435.4464820177613
419.465546026105
404.71974666067507
405.6827272933106
405.9478732534637
408.4808467350663
408.4687740886971
407.88317123214193
411.09183280613126
507.5736778443696
1329.4628528883638
1477.8102099694229
1654.9539866553782
1383.0094557902394
1205.6536146367864
495.71942551102205
682.6571162316097
810.3159614632775
598.7470565712031
715.341670543572
710.3536183544135
565.6465873043319
821.2253366510645
863.3270726052067
1103.6931029784005
495.69827090571397
754.4171251161675
697.9744998243666
930.5730745416984
1338.1197593224701
1692.4139492024274
1027.454021154172
725.6185330188939
1051.28490982048
1233.772626871842
697.7990867048945
744.4109018628349
642.4077572668191
886.9247692301647
494.85146755604165
662.5110554864493
999.5569224227845
893.161168146647
537.4204194707535
733.3673441829272
775.0726725699649
800.9891763118485
713.1140769565534
726.0700391787428
775.2410815029905
730.4648963038608
777.3890987789691
782.369454629991
731.454892276827
809.2091737291623
797.9253996431971
727.2433947963461
755.3136296850129
764.8522549117115
738.5536076385563
727.7700762360654
777.8167655496225
735.7804471440356
501.55699712078916
489.02187241265545
410.9419252208109
420.67113171667296
412.8910735597074
674.3025684397942
475.34946774500094
421.76197538345883
429.89579978569014
426.4446991794088
436.8661832484191
441.2023221389819
442.5709799556361
524.4258372806212
940.0722596593978
578.5857158833068
463.5406340206318
429.9235765036508
449.1945136705051
424.2693372157727
438.42541541773966
435.0187231970576
447.9513520284448
430.20922801033083
422.1142804352058
423.21778177675037
419.9139081500047
439.9411085302136
458.83022386788724
448.08841436806364
419.03239609329967
439.2785657387148
428.08974713693254
441.60850685768725
434.5085722008605
467.03691787586877
422.6195019779536
422.22744518774306
420.975008360314
421.89814244489656
421.050197921657
432.5280779098546
478.2741902393977
439.43583585189145
593.7338944654027
438.1420352646192
430.3654204637798
511.8077236856631
410.78729566159967
611.9639416845102
729.4246805166849
700.5166718018214
502.4810466370728
707.4028197832708
740.9455062857054
762.1807084712812
732.116158707129
731.0225344526227
690.991069070449
452.83960268307163
443.4785135322009
407.2598569821267
408.5532922339911
408.8441455077022
410.262833058249
412.0352715315515
410.16957900785616
407.85669131150115
407.519078213078
411.3133253470572
410.5559790407939
411.11742364082914
410.43192691289045
411.6521484256107
411.5338694112731
419.1091082815302
414.30507329089056
409.9382225676082
409.5223207635471
410.4050696880803
410.00096477102153
412.14892654323177
419.7866636927093
398.92545599586646
398.51279574348234
398.76809481909146
399.2506993615454
399.81269081773195
399.09854117286187
398.69829317238754
398.31436402618357
398.48466682523673
398.4414335078945
400.09438050188345
399.1572237852405
399.5564537479089
400.20867146546465
399.72177358028733
398.78279427424343
398.14204319519615
398.0095198455091
398.5897139345944
398.1117900148394
398.1369575936823
399.2482065585041
399.6788905119002
399.6280052206148
399.01211845519896
398.34053036528354
398.79599552030857
399.2021365662175
400.45161837197134
402.6736410239893
401.90056269058226
399.4942381053945
398.57372167372745
398.4740183957228
397.9498554375139
398.6468918246585
398.530642485131
398.6235894015958
400.4963008918459
399.9340570620144
399.6815284091121
400.7772142759523
400.49444985430733
399.284910088216
406.8344624771959
403.6959496559236
405.91538593564644
406.7390030459176
405.3115347345722
404.24573938162547
404.5988291860566
404.4968867090712
404.502232766805
404.5188529480268
403.85834944996975
403.41791514577676
408.822690861027
410.46039028676336
409.58100930081525
409.87708908522376
409.51989178656623
409.6770990236375
410.08084558603844
409.66928173436645
412.1340838023581
414.0696229903737
411.2564879145493
411.75177384381965
410.90944888525615
409.5946924464842
410.6271325646076
410.49450121356057
411.52121454089894
410.70766983755766
414.09077338831946
414.387938970084
414.09386303610546
414.4549804502139
413.38780331005484
412.70360826969176
412.2961968247597
420.28508245396046
401.69879239503143
401.3847185858214
401.02902290648416
400.81531512370293
400.0222195886635
401.62138264422737
402.54399974655627
402.68231408300534
401.77967289675223
402.09728668760755
402.0750727502818
402.40615998113407
402.18440855049516
404.2685478113008
404.0681487562085
403.6285414699684
403.01572933355686
404.2148687539056
404.3546114809437
403.8189902369127
406.745590365537
406.36605346882465
401.80823713440316
400.4217331200592
401.74373386829416
403.51746687601656
403.8545755724197
403.80199400962914
403.10338308120265
403.24039015163004
404.05856338740824
403.4950873443466
403.6370887428262
402.6761208318159
403.77986138463723
404.42482933632687
406.65296745217773
403.51453919286456
403.4400142912452
406.0281405262262
404.00729904771066
403.7510208256177
409.8762401026425
404.25933200720135
407.0510713876483
408.4257136415544
487.6428924106502
463.73608107712727
405.30611364603357
460.29948099603683
403.028138011263
401.9523048933471
401.6403160610762
400.1250828819787
401.13568345525414
462.1644585288445
588.6730086795021
565.4720329885143
486.5359063841535
527.6373194074033
557.5153330701139
590.8017443663474
601.8279231711651
634.0866263023881
563.8831360978205
641.9421747469846
626.6815599471322
637.4900299000781
640.5486915784525
657.43881495592
652.2230366188849
676.8566912113843
677.6116092942939
631.1089950067735
618.2538556326228
599.1748609269437
626.641525268233
631.6996176407537
624.4371048435532
657.9589003165715
612.378369037214
624.4103538168923
618.2802778730231
678.7191256929768
683.1850532310914
727.3855736253408
762.0889649090136
804.1983274288501
719.5926717313395
752.1952885573544
716.9101684642521
802.6169002739873
737.9288659983931
755.2163075449538
760.7582239631587
834.1772543439779
871.5489959637648
754.003772402318
739.8352800296295
749.0629895372974
800.0764206042631
759.769920498897
814.6296570597908
742.9139817746799
802.6091079854637
754.0135133636329
764.821955153038
826.4929715031677
786.7177157793283
802.3002984098714
759.0115147768704
765.5882365862512
794.385654911777
789.8544621889088
761.6076816617983
749.5544807511542
954.1877049831552
1047.017396468976
1003.5135716347049
1040.1686755805501
1020.5184232310075
1029.265472696043
1015.0117341404334
1079.0540489115144
1058.709056583277
1024.3103723378779
1010.953921806455
1092.336104371942
1102.626903803825
1075.8181472913968
1133.993710617621
1069.7728727422948
1047.7585693135954
1035.2191337609152
988.9081952684184
1020.1694311797919
1010.9194781212499
963.1201595800776
1096.4708890907316
1043.9422749755572
1020.0198682354553
1063.6497272120364
1125.737080305503
1037.2002202297979
1070.6481323792307
874.2341861888523
532.6785883097026
695.8894279207066
696.5571366953968
672.8426058550206
474.93121695550724
398.69433204955646
400.26974447737416
401.1163512800244
403.325806316032
400.31454467077424
398.09030995406835
415.25514045620724
1117.483780343949
1111.4965454319479
1398.2155073159533
1145.1506733424537
1377.1127787563166
1459.8273592704127
1440.4207709936263
480.75573247006963
763.6375645894046
683.6614484756749
706.1354593472379
1071.543583620907
888.8024442280304
981.132165438726
1032.2536088742102
707.374954091985
703.3562106385527
592.7545565475309
942.6637880584225
633.1275117989562
796.5269422269372
548.9164602429537
946.6825805702961
846.5886623418065
682.7538848199545
966.0644371691619
886.1276332906808
738.8035482332252
1173.656711095128
856.2130306154022
634.4418923265872
586.3071028495411
578.5172517883209
716.2096535863172
714.2376636620209
642.9546516512188
496.5568702690724
400.81366485678103
413.8132757880238
424.3502506509905
409.77379191905703
466.74355708846537
525.4199210033112
596.3966892129326
867.1313517619681
702.9552008671018
865.1228615911239
781.9762783724912
458.10169883210875
457.2358126705338
458.64154281329206
437.3601408542292
640.3680797129041
420.2619966606903
419.2455023216858
430.3441932639775
431.7174712078051
425.67937126296755
418.37865053353
420.6450577079215
414.37494275475495
427.922046449784
414.385888848775
439.36686527991304
416.25400919490136
548.012293348168
425.58508313106944
404.4068935187139
421.840160993145
417.35836513266963
407.79959002534997
409.89756387132746
412.6327233312446
414.40724316189215
444.79096902227917
411.1091116318167
442.93949822788835
443.6459868897395
404.07514721361423
458.6074109262139
449.06897459908174
565.3458962452994
473.7674135793655
559.1195113958695
555.2273261351638
540.8479157741892
649.6410361595741
661.7943003006358
612.5595247396352
663.0369731910835
434.61261831347633
409.1038143547494
400.7295673840716
401.1395847729029
399.96036422729503
405.1584194152113
413.5999054132372
412.5938062830218
414.48268156250737
413.56639155497584
416.1850126320622
417.7022600589225
418.7126730476795
419.6879981931565
418.00201945753673
417.2828934870052
416.63738392945544
416.16054777306437
413.62769600248413
415.01209960039125
414.472786682326
414.70182124225306
413.757638979262
413.90784112739016
415.84864792944035
417.51911938769155
652.3977572916077
626.277805424213
624.8392532837884
625.1284350591815
626.070839102171
628.8003251434537
632.6615275408283
626.6411414137135
628.5241061940826
635.2982395830838
637.239489971877
634.4283953244252
634.7111895912624
634.8589720979654
631.8374681764685
641.852428317165
631.118218522973
630.4779419422522
632.5276404424235
642.3529386876538
641.2204828001749
641.9513315081601
636.4564829373915
630.9855425065037
633.7624179395748
637.2495463653236
635.8240759624563
634.1673088172416
633.8013166264459
640.4810407471203
641.4404975170419
642.4763335316125
641.3359269595192
643.4018739948897
645.1005720519981
637.7022987796589
640.8232919932833
643.2606519043263
646.0732023559169
647.6865050150112
640.8467157720102
639.1714875397141
646.4372886086078
644.3894698429657
644.5115979590254
644.8423660452314
645.1202728234886
645.9577666589312
644.7397136119318
644.3910858426226
645.5155218234282
644.7223377795398
644.6380823371397
650.3912145003039
650.4592711432066
649.9614102966901
648.5379173926838
645.4426582720318
645.9604753329374
645.801579399872
641.675661537451
645.4490272452703
645.4181013310234
648.9109779908996
649.9900229005723
646.3786258762402
652.8845939434182
648.2099948534272
650.0516188202068
648.8341453384306
644.8522901607055
662.31791156439
645.8807641798539
645.5522730037984
646.593788255214
646.0481949209142
649.4843327582889
644.553818373893
659.3583099984189
659.9802923643933
660.5495964440081
659.173748383871
662.1433237594232
664.4402547692953
665.827032661291
667.8924346737981
669.0307632993712
670.5206598856536
667.1266972731246
664.315248331167
663.1960920625622
664.6042452861122
667.2510069415782
664.9365426194965
665.712363624154
663.0995266048699
663.0720284838551
663.0023005317626
662.4947623582434
663.3139410854403
664.2755366069546
664.8576003183159
664.5897043424028
680.048799857768
664.7880159484001
665.6274858597342
665.2048061815659
666.2633988505474
667.7262929277977
667.3452107121416
666.8894233051482
668.0852673794473
666.0703729632297
679.538044492742
675.2444256939486
670.7621845570458
661.8453466649712
668.7333878934605
668.0509017691322
666.8673328670828
683.3475241763449
676.9292472926206
673.0188166319458
670.8361980675775
656.8389881359469
664.2616801155457
671.2980099847339
664.0082418615115
661.9052157845636
659.5591910227156
665.9241807996832
665.6900606877309
667.8708288750156
666.175863360578
663.0744815185219
667.4526448734156
664.7990279966564
662.3281099187516
663.8525423264043
663.8476630374994
676.5966331348768
655.7819715721744
654.2407458667599
647.9618757468202
706.0613880937567
652.9879559115793
651.5382583097387
648.2652416325865
657.0268931170895
660.1134389209017
650.8395451369497
776.2094920238931
974.647787901955
942.9293508893408
809.3171968467498
796.6710130141018
983.4879635062989
1011.7315933568127
1037.495194418395
1067.065998344864
1055.2036938203937
1052.972797370448
1070.890770358204
1078.3748294962036
1126.495994397826
1090.2638802836439
1051.2905556561168
1046.6955673358343
1057.9998523711265
1036.282689515317
1066.3989415418528
1064.1629325774393
1047.7015891179603
1079.4889517675144
1081.8429718178743
1062.0545907236337
1050.2971563182134
1072.8758633762893
1046.4652886754943
1054.1460031015356
1069.6666467304326
1162.406866443355
1358.5440732001741
1308.6325953112814
1323.6976046402676
1273.1087680242097
1299.1098969605696
1308.4207571543384
1391.7575772078142
1371.5935793120257
1356.6146624060498
1342.470047929402
1318.1555556192761
1257.3817604171581
1243.1779255768506
1274.7760376458305
1311.6632481061815
1297.6053758130488
1353.1058414071715
1282.0600367694142
1289.0660822589225
1217.3985807981653
1270.4814834446424
1307.4068940210336
1359.3572497149116
1268.8570878442044
1255.8271313673754
1229.1118533521972
1220.9788931521484
1245.5534786151275
1305.4229447458524
1515.2014607774722
1630.0057538914648
1802.8328921596485
1794.2988211098723
1818.5324046798264
1777.183524146967
1773.1654523235438
1810.9558879515384
1718.3585709160288
1715.0627080628346
1740.3682524870492
1674.9063108469336
1632.3063580418075
1788.8787839145148
1713.5788144055318
1806.573942920379
1664.6433797173818
1722.4220564154548
1662.4407706262032
1784.6693470484415
1766.5866817242895
1861.1329290568747
1780.9047626772694
1791.9113524491613
1835.3477813329378
1833.4490992362835
1746.0546337874398
1752.1188725265574
1778.3242886917556
1874.35972162725
1766.8762093126197
1188.643778417913
1049.223780471178
1074.0461281285634
1081.5649519079489
1134.2775941108557
1023.9730905716619
890.17318028687
650.4626826521503
626.3378946945214
615.3726314302854
612.0056682665961
1009.4883539752354
1974.0885243691105
1712.8577370260318
2098.0431624873568
2062.911268633628
1862.0943839646475
680.546174661237
1131.8282861542145
1060.3839224422873
1695.683720684926
1656.729414805572
1280.845017054528
671.6717094890977
1131.8738125230686
1042.1726615383254
888.7267555163213
1305.452766966986
779.6901746427475
1144.665415523119
884.0116018976582
1137.516451265973
1182.7405829607083
1017.3956603191942
1018.5285041050037
1209.644313157316
824.419478785494
1123.2266408018008
768.4945075863528
1100.0275203546323
656.8317893390628
848.1221916366766
1400.7769547297828
953.0579055127986
928.1991475727949
1035.4756962650224
1044.5454558428237
1262.1317282255884
1060.6262660265543
998.8129017311849
705.0088304821204
652.5111810902004
632.0345353865135
634.3462032072014
635.8246801590421
634.3767594206954
633.8230177799248
635.7705595049424
642.3899362390828
824.6478900794024
815.6706084275309
1036.16852769985
1333.1802072736941
1439.8800748090493
1462.9587522793136
1479.4999333000965
1548.1437514937647
1468.5022609376902
1347.7785520839343
1118.319141724157
981.0405324574862
1213.1764707642583
1271.0126592586203
1237.8743033027542
1351.931422505272
1390.0469926253468
1327.8500445886395
1262.4067018990875
1323.2553113480146
1032.9633644444082
1049.706046311503
1242.5576118327904
1262.0132989475005
785.4426326659996
1218.4131788336022
1362.3720088981736
1294.6998139252746
1399.974596768101
1368.2459723201646
1469.7317078970732
1445.2572580703122
1423.7298187419924
1543.8322753021507
1501.8950958097953
1317.8700223940418
1382.7086796334636
957.1541228136414
749.188265054341
640.8102679528934
820.7597932506249
977.2004644867294
779.5896948454736
937.1194175832924
889.7243836309053
989.0633139970323
977.0016058073106
1033.858878411579
1022.2904933348003
1052.0031198987708
1035.043171808238
849.8305397859892
633.1059661755373
672.307272752023
666.8982497175979
635.7948312213896
636.1890793391688
638.3603519360239
630.9544609055523
637.8882919544363
642.5070636522594
643.1446290301018
635.8775021334836
632.4888582252114
630.0247274926962
631.1781170922494
636.099462291267
638.9850853720097
633.7445428137828
637.3607509744627
637.2653950565443
634.2697233016131
635.5873433225286
634.278247435454
