0
29.911911745481177
40.906542880690324
17.101915373694908
30.514538090729843
32.76914164048202
21.643701797223514
75.09618728858851
88.4355308189605
62.44269281408657
22.88698358006559
14.86120927891642
19.411691556651874
19.634437639200712
22.327679268140344
21.829056552563827
15.892204102807739
18.19498061386139
25.782991600493972
30.180869229401708
28.821858419330965
22.04219990190819
30.609851179354905
67.14150382937976
101.43472448738459
59.91094836942921
65.10162880742104
51.12051754530512
57.13694911690027
68.09956221247023
71.28320783637224
62.18508533609946
52.13082692397347
57.08478813039676
75.60592370199623
109.89630224031725
125.35089714958224
107.97035866295289
79.25987401646745
69.49868243253798
99.17015799254028
167.7233349313131
227.51488229205535
210.99531233100544
151.55821014227007
94.0749227110822
74.41074327882609
74.75477452917369
98.56492710169783
125.28686991598039
126.23350540884269
113.05865270668266
118.39191328246164
133.52254129091153
145.49015460810398
146.86814013935685
203.61343722754702
186.48332338130837
161.475963933701
137.72281297157923
151.10591668080946
190.10743432524106
235.73754803222516
30.1228563270638
3.7935033248867285
21.870935785989502
28.32973973487441
64.82051854736466
127.95391834566078
146.63657273727398
153.6248875343195
154.16044916853957
137.1211122378221
115.60491087904859
115.20932420259396
127.28397339694794
141.2139826540403
140.6230357267777
129.15927775627154
84.38807918416529
41.126941480984385
26.300768364385192
5.947808049426271
7.554580453487006
41.568220362726606
91.00567405037742
146.56972234813293
174.30099071979413
167.45299697403846
140.12581045799698
97.8471602584865
56.94794269818618
44.10022490393311
57.32556680726913
93.92705608334637
124.49446466179563
125.08214386422196
117.6382568093826
94.1726009832596
75.922738472439
76.70747949326113
63.31714133693646
30.228913726127757
38.920817003473644
222.67535757625785
244.9441694779597
330.5648119085467
54.53586246463726
37.57453948404566
90.49904022865479
48.11639076823968
12.95487619381845
10.056365673230971
1.6600639515245916
3.9458286891567695
22.249202641974648
129.03185371891652
193.90270254581526
180.3044611166988
156.53949883744838
60.17934429734157
17.247034213801612
41.429700074542666
230.82638190517048
233.96453549579473
202.28700923635654
196.84874081106568
148.546575454238
148.43049959521738
98.61715214610365
191.03862795111968
262.91656148423885
190.0717107489245
280.8798267088447
266.3210340106648
219.64115213053526
203.98764756705918
210.3569334609806
215.16586476771909
129.97287890473592
149.7961626878838
85.89803762025349
69.42721195644242
77.88803119115812
192.34636743736326
193.55495738137324
208.95483285314708
154.27821517424888
95.51294592859767
117.31303718961101
176.6699745492981
224.08590890721746
189.54749524294812
196.24137016192026
115.63204079554077
111.5509854622419
16.50193482099428
94.36482761872833
98.83589610823947
87.43483575377832
17.067308558687046
146.70421805227477
135.05779506129932
76.36146958103052
172.51188707676806
82.95404175325734
140.44925744165334
118.78722837447094
171.6067853235445
98.28431304913511
55.25962364179952
99.19193131956251
108.20655705907427
65.6025717260959
98.14943162491193
131.71413158636665
140.09295725134336
119.614606546667
88.52715966169137
104.64178077937277
61.29410141567314
93.39943512751154
39.688726295034826
5.4897262471056365
54.396145776736375
48.071972841175125
13.3144823807595
142.0324270467745
368.0077047858433
196.00640339027404
15.274242571876357
167.31483875968752
192.35313676345368
217.3289437185856
191.64833442291456
315.1390031093265
254.79009183801486
133.55636819076517
144.65168136394368
250.52558315675992
287.2719561334818
336.6783563234269
280.45200101309456
276.2486368992347
175.12416388772886
293.14915090960017
229.04678591280708
236.62565185587255
308.97882813683736
290.3277952565718
266.6173588749673
256.887674948553
337.105051839779
362.08831280408026
251.0651535132763
321.1574189856833
339.6523936139106
174.95730412358284
135.56749983910754
355.128590732249
338.0851387347909
219.75487305332672
36.90854196734085
9.613164769425907
246.49483384704433
199.52282210416467
120.51775047161937
55.20007501477386
40.06646633815916
0.02389014267737366
431.3430697426777
460.66308102080575
653.4504569745254
53.7920159689196
410.9644307002475
39.848793872150964
241.41029572142747
254.98972079712803
436.55315956943946
547.6353883709523
491.68754819261085
473.8039464894782
815.3797706504674
689.0663879012336
438.9135728237002
525.9754536000653
586.5963273114876
883.12250019366
297.1687629444011
544.3878732123326
655.6656464313958
815.7478320676726
602.5411609183059
619.5398497470269
684.0451332640994
837.9656209791685
741.9713213861596
313.6994917316772
501.2105609453042
749.3449213012682
450.7023819339672
936.9449355435522
617.9665406040469
645.0734887540043
698.3036535449062
388.7984416039508
367.1424050514811
141.37301214053514
105.61431750344991
34.699912837962756
3.2848936843543015
35.14458967447081
31.782671941117883
227.5226589565118
76.9412746488581
176.48422332330153
156.46154639758117
169.67577499125412
265.14629867592373
220.13592145452515
187.9652888479775
235.42541976896428
231.87187147011446
280.43178612431484
211.03107217680827
214.3613992707551
206.43168776723485
227.19967453611366
253.94760544928408
186.86438999327686
487.94392904597805
299.49845868707234
65.03364015932868
24.711723158961718
45.48219239102457
137.6853893260336
380.6935976063512
446.3837248092642
423.118708930322
325.16451518827785
352.2361044580168
287.0059282662435
256.6751315956561
298.13770412218287
208.37638143371282
187.29610768652606
86.53936482479708
11.73208956123699
78.76765337958705
63.32545888673258
91.8408092492839
124.71139131233872
16.9527533452233
50.13402021454681
67.00048395284875
14.93573767227008
69.00480158274354
124.62072873469697
113.24929657775124
131.7430003074021
79.08659908831828
70.452411944436
179.56852590028632
127.07627387573802
269.1877743110449
323.89486672307305
176.42536425947617
218.6059426970537
2.5619190004244956
305.5142341206074
192.04335680355803
88.47079968129742
50.52856962648502
74.96025048154661
133.5806622443231
206.42681768917566
124.81160736407514
34.179896438296396
57.712837348593666
134.54509762662485
70.01267836971715
236.0585855966786
189.48644808376974
139.3681128113061
103.64962246755061
77.94434443016797
45.668256858872894
0.8035277145444866
27.719389502878983
32.4511076261245
24.440694419468798
8.993114762957362
20.54548348743566
74.85457520210934
84.55487415896192
64.621545651193
28.02819247510439
10.331129605642559
36.230750924841686
54.09612341537496
50.23367418623536
50.26165764214238
51.484838602182606
46.438976376783444
11.605048240871838
9.674540147367509
11.54885099300219
6.592923237116224
15.883268744540885
21.034785421913398
24.98896486876413
32.5805339896412
37.07554922837619
39.025493441980984
65.21929862592833
104.67912671525119
133.42928219415967
149.80091416221364
141.9383689249762
115.98988050206253
78.6789872090456
62.540268156292086
75.43837773236692
73.01221286908725
49.26475200008542
10.353808869794591
14.908258294133304
19.773090871681973
15.892272082431361
10.977963546347837
8.068247879138653
9.792313536071447
17.752224955170107
32.63886092382944
39.89609238913806
30.60104081836937
15.358100439873624
6.403758847817585
29.004676143899644
32.81993434059592
26.456240691934568
20.5263755304793
20.558610479026356
21.566050758102506
0.4969098550082549
27.119312664852032
32.50690704426046
1.2180343813771515
44.226201629093566
72.69485612450268
70.36858613690686
50.05908263593636
44.12018997295212
60.97926252754445
69.1581676158126
38.8450357746558
6.935023230329307
33.70110218309219
81.41756635391815
127.78429644253444
140.05856261383394
90.02790860810259
0.3243963704474595
114.25361033431506
196.26701817633307
183.74573537541892
127.62479362829316
97.97778279821239
120.93675735364604
166.15141824373393
203.90577188602202
211.30552640141713
240.49781610776733
280.5947840282997
301.1703962992548
289.50625204533094
266.94138481061975
248.54846431472038
233.46373632617644
249.69364842365917
267.3969323273491
278.76964051881896
305.76499618939386
322.80403355649236
305.8986853407033
133.52203417236683
30.704923880516105
90.05315886568405
119.83671812000586
132.133704152191
132.79642822104324
124.87918794770127
112.02615882108944
108.86751953261643
128.57771672451628
152.6976010968063
156.5982422603841
132.48840745660334
106.17817047896932
89.58411066990203
82.21573018769755
78.41077109601844
81.89725165041006
91.9074437230999
97.60385725758249
102.91892891980876
107.20137524507129
102.14714197822508
75.82787627115243
61.195023875088566
83.14762312155648
125.76210696101833
157.03729559503654
168.57236968348548
168.69532731142266
161.59182665344662
149.5159920054777
136.50013852400588
119.21941906010363
103.32060008948434
97.83262186692843
91.47655648777697
88.30038832366455
99.93472341637727
128.13077464975225
148.64947644717307
148.65952831684052
136.7192313518022
128.90860985116717
129.59722544879048
132.6039789549049
121.84177619991374
76.64734770646413
177.268987547704
157.0866214862569
100.01054896998176
145.14122412372626
156.13639775590315
138.90372123765235
99.98031913285729
64.58820478240489
52.087508132008395
48.473543473046846
279.6984909318832
215.2828823293852
174.33191195302538
107.32653574736503
76.35726614308828
63.823243491404355
17.665289248681233
71.48905320654751
85.8058315437579
95.50656130124412
84.20487984832062
115.86308349450303
28.430120002278045
14.653278785933367
135.36532522948744
187.0100240580132
173.95029338599716
139.30688687268707
100.67075685307088
118.6523116887281
138.908226317536
189.83787971003107
133.00708371803898
92.84613160390836
33.58561484174413
56.301063601415535
142.0838752146227
179.1681279985662
188.388528014156
230.79899341949624
173.93869952399746
142.209006032199
22.080905753962497
95.59266003282096
66.26565055426454
2.524582217007719
0.49039453870864236
124.01698810361131
85.86442338594111
23.159152944910375
48.71258391201218
48.65688589145293
4.809393779860557
16.237780545379337
101.14799012105323
39.09582797280177
128.79383878748672
18.108793793941686
47.79800525845167
26.836919002047807
22.862002184742323
78.31235690442327
44.70813715272641
143.00505614277165
148.1131596571862
81.3032372749077
130.9271428453585
164.1166018817347
183.89385339169849
88.71705484050358
17.48456885440487
293.082722944579
35.15042889760571
182.05111852915957
79.46332566032083
64.6598128050698
258.79078653749343
380.7086234693834
284.5243107239173
220.07118186114417
264.06508637810225
168.95813512371546
36.42976387470026
456.47372638141815
41.19739870117951
4.5149959503587525
100.52272873151469
179.22357917275554
91.98687160144073
131.63811474895329
256.6955725200719
228.8182615403034
190.69869131441533
150.7335985997347
208.99825387289434
60.1691232499345
376.8345549825103
28.364377036396945
375.84529883011123
100.06138932425733
34.38518384633039
277.7430590320273
272.0102341307984
75.95236610134907
81.10831798102458
49.31131803168989
147.44522815681626
278.36242617096866
142.74202476288826
40.912946787924284
5.976634793347785
15.714584621195854
93.20495848760913
184.27847807381113
281.433536174692
216.33056651172114
21.787856656321537
117.25231302269322
264.9713357559815
136.5321431735897
80.16370375388692
402.8478899670163
372.55800099955945
535.6338228135642
707.0374087275527
420.5991883725235
485.9041414439753
692.4953402102472
1128.958284121284
884.6723879636709
663.3495365200365
296.3884266641239
861.2266976473252
452.1936946673527
1099.3548980938785
755.3817669014584
759.8319359565526
1305.5494814827648
692.4050414089072
797.7623349203159
275.19303970432884
14.600358590308588
602.3190334257756
606.1750938918169
888.514139489432
483.1636959224836
514.3120386310587
332.86778955601426
236.0996462530694
152.7968506815987
337.6983106597162
230.9674196566957
139.67792889030363
82.90593699280953
74.9181200565136
70.99625403558696
36.03239867499178
75.7321314374858
74.27685989999407
14.424543170592074
315.86575937903376
421.25272091293925
390.0617179051726
204.94819469125082
112.88846548855918
35.16736724913517
79.86015589719932
169.0578732643894
109.38608874230249
149.92589570630457
163.04099500209372
160.49495362345579
127.43122541676371
22.95485259928114
6.939021609075098
86.9109488144959
223.48900675361347
217.3948332184848
25.21054434477037
327.63485967903625
529.3801421469254
399.0612149858589
278.10667257211014
311.1435565226533
247.21446243812284
124.97233758993116
177.47553093033957
15.837654866390722
44.01113786341875
60.52879219812871
94.10136075607193
13.780724307510354
5.172300057752864
92.79937144016367
138.13647620486836
91.66460568143293
329.3867956491699
56.83253877793322
41.075590423701215
131.5518431009051
171.50281540462993
86.09738830509343
98.71138439207925
125.1044462117328
34.33100901254318
15.815001295428601
282.6577734064162
204.06520388824782
144.01788204677985
107.53353097512536
67.9304461915533
28.34572119014541
10.274798615443558
43.18058482360851
69.80240192196425
83.53906600997618
84.38194587675412
74.49677458458882
63.75341462311451
57.282855680860166
56.605140393880504
63.122001541030215
14.380027714503399
38.399995420365315
22.328424285840242
13.634804485048221
26.142230438360286
37.156587154255305
31.413085790852108
22.826234424066172
3.696150390550315
7.019780679152063
39.73423031419128
83.2002111618416
112.35869163434177
111.51896242112218
51.61842816552627
13.035942519968899
22.065600655877063
36.88941411508614
15.782009661802476
26.768485806207877
58.049566125574415
34.88559549245258
13.169557934340276
6.039542903092524
13.09989807145763
36.24920207199705
58.43177287736279
56.86365571840582
22.17210365737361
12.755738092177296
31.558782032929344
26.577212030836336
24.719370421123187
47.15313464493556
76.91397588451497
79.23392846899941
112.04366393173416
111.44017897131101
133.86517139974615
143.8692129787932
116.91153078408774
75.85700994319723
47.89595824656925
27.511004322141105
24.659357965862682
44.306607388984105
65.07645816946984
75.33297071323858
57.855026029169835
47.872726546886895
40.979713300868355
49.5302872565934
51.551750700254104
36.178313476840174
13.761539364712803
8.103354168188446
37.98264512233766
74.1307973229944
96.93156274094792
98.06904115856133
95.12212478875364
63.50634124083314
97.31117873907056
53.37678374551899
46.10805385021763
32.62446417138716
42.68999504031052
65.11661837963715
88.42295455962608
123.9230430840343
172.04123499318518
226.43033930808718
5.183188963688281
0.056533804815444455
27.647732245156647
49.98640093061283
24.176957425267346
19.713847118057288
37.40531849148044
2.5605827783052746
22.969404657331893
11.268959600588971
3.1853255579518986
26.57037848962301
73.24807678725858
100.588979307226
105.51161833322226
112.11596881539361
116.81940522825892
113.03709490067428
99.6936110524822
99.02921953575714
91.31737752906622
111.34010066913334
123.63507723691873
103.67452054536625
74.98928837677704
88.21019908006588
83.50953511719746
61.92245240759797
39.0644132727266
64.27338613230796
109.06456285711818
134.00785761887386
116.71688473238868
92.02992003765843
50.66851507639444
59.59658964300735
97.26844593282829
105.01626250805276
76.9303406259155
35.69120553404673
6.242352012795891
32.22330553824543
61.41863922824746
11.150169659440053
58.56818338774656
161.5965327087846
63.851200404367546
4.533071320050681
26.40909659722803
63.618183188057515
125.81165534506829
142.81466951191067
95.04405101014544
19.930452113503065
327.2130939482299
298.4357151217192
288.6435612980131
301.41109351841806
267.0264547889676
222.60333397142244
191.34516329249482
174.5688339926661
158.17816836746852
146.42903518091498
219.81523843215678
202.26927127117074
144.84989637386013
123.33901580548661
20.69473550949681
30.418042720675885
27.208389283434713
79.24322488786481
117.93363446650812
145.3510129739509
187.6147461152982
205.62503400230332
186.82240976135222
142.10823743181106
119.63510883085848
105.66138012579665
65.44221313681487
37.80859386555801
46.50994548793267
69.15179539817018
138.57360661030862
209.24241824849935
314.53982692993736
315.81825451274494
317.8426257506918
184.23441439874443
80.31014932453832
78.87877111839089
87.36460550540414
40.38771865353647
5.931470083674867
2.6222140294073597
1.4295687256962992
110.42941688430324
91.02221011095116
84.05182678395818
65.95084525035622
26.251657387553223
16.881897502802985
109.23243636687948
22.253370386760253
26.76860278965478
74.48526773535355
121.09011798024198
144.35452358530415
167.62733410695182
60.66839694777809
31.28340696496616
14.388618285458051
81.89184531015144
101.3621247405465
403.33529418261287
218.0023939783241
61.46041896065367
139.53603892070032
24.872163807058996
170.0127180424745
100.93463747754618
257.7388636039466
114.70540471080199
144.84581881669942
100.47350143960989
299.97904677682686
319.1240624371535
90.47013278034069
107.48832715178469
218.30120747259343
190.76429605879912
148.9935981587273
54.38387461273078
117.01236401037181
193.30947428872105
188.87018135962217
352.2554616725488
87.07697663558702
81.93134354813401
191.2689126385494
257.58466994323385
204.43551945663262
49.87798660491876
72.98220852402778
408.3657230255401
438.91501103451697
410.9778658502793
278.42759620649986
124.55107573358191
330.96867279894104
475.98101190528587
474.00541641081173
322.7033002659323
186.07484747720463
64.83974797851306
7.646827696358969
15.438394688974824
21.04099033240965
65.06952501190489
17.39276782339465
86.57948914838869
223.88130588689603
299.12462795775605
432.0012536017821
51.79108360500538
223.1627520357015
266.9353121412944
75.65912530971855
168.62082712823758
396.31529232007847
21.60096882346852
85.5648248113373
357.9508369860889
464.1905366464521
482.51368752247936
300.9083264261192
767.3189544309289
129.25264945169283
557.5442446262568
355.5495395606465
698.3232947228897
474.02194741448466
441.8930731787473
680.0704207910052
580.7988798001304
838.9515863804643
83.50193819334004
476.0738971341266
648.164353603042
32.04994876479668
783.1672257176182
273.5647507117744
144.8499498695901
130.6556434085794
260.8810837358187
287.78560174951053
123.1517745801616
205.23273094559886
300.3043106325098
167.7443408048921
66.8377756564148
20.046912752204662
83.01422590091636
91.61992708578828
220.32432712650973
216.6372508688952
149.98023318649314
142.22970778013314
20.553760563016567
113.79440180190545
147.078268243318
51.48065389480689
392.34209836494244
134.91852692241832
470.3999350252258
143.80469231298594
33.783777924739525
155.54920407169834
69.93110478885092
51.866137616974356
24.552846554891858
89.40166671970997
273.7153785055932
322.4700959169245
267.08963396489935
202.69460420565815
140.1148307847584
246.27284995782202
462.3626038322134
282.2305490890685
49.8780104005541
75.23481532859228
14.128735608029274
564.6113940072806
76.30305745824262
542.809432763973
328.9882820804122
46.26131656972325
80.46922014320307
152.63739563671436
162.9759410092222
120.80660732566412
75.9142359929474
150.1685207432131
198.45287517903876
300.88961248031796
212.22581238518842
37.986322514338326
416.7391300553403
686.5698582395099
374.19746353900734
75.49275711938753
59.90149705000226
162.18071958995222
25.129843087930453
98.83827963971851
22.180409970717278
95.6907615345267
124.19320102705922
99.34624388519956
91.3816282367153
277.05133023960065
218.00311816331146
165.14679297036798
130.69720951169683
101.52839785530693
61.8293537923347
24.02553542932145
4.584555958074361
17.92324693175368
59.241019571845584
91.36470450035318
94.22065592961792
60.862571160093125
25.60247836710562
25.135623182367226
43.37747187426595
61.10856032971515
2.646714768469735
8.968388185254014
11.652267174125427
4.102834477507599
28.76133705388378
44.0121008506768
63.29141938339376
79.91840256176545
148.8461446702998
163.60573193041955
121.81212148551742
44.82864597044568
15.696553935443376
29.87865271227531
42.65450894438902
48.12310910892626
46.33499572356027
48.22018934731898
54.91359724500393
69.10314318534688
104.72654344301452
130.59982033041985
104.13077170221305
57.04409614093146
89.96778383020245
102.25963229226505
99.28588015569181
106.5039839004533
124.29093207428383
122.55139108421213
112.9405806275031
93.61311575517453
79.43660188555367
81.55474390560971
86.23992788347579
97.18140564461658
117.4998567180424
104.40162622479778
96.61266887201225
88.39563964533852
42.78700125662755
9.982036579126145
67.14405444626252
60.43850020441539
11.190526586054148
17.04786417883622
63.35412786267017
78.77248587905848
74.50840152903027
56.58362998197646
37.694222271819115
28.878525844823287
37.34500841755249
55.24848230830014
77.06293254197101
88.56665323679408
101.14368270841663
148.82242692468873
160.1674241953785
173.69236445741603
165.68629132254296
158.20340768760582
144.4469024857246
98.61595723004217
99.29757854379079
81.88937152584123
76.6096015276475
102.43456814168275
102.52344224741626
113.94253549386667
156.07814189819857
189.35605508846828
196.6612079025636
193.36314901037957
151.58967857219608
127.20602540949994
98.19529744128766
102.20139377543444
118.4364373521741
134.50385299791975
169.62679863474608
7.52504427450549
87.09309291356038
70.68453211081567
50.94589338578385
53.160159504023284
71.16659540132036
99.92531107258839
111.3038672552567
116.44766515118329
125.85103961653545
140.1962557536841
146.2186011841044
144.22798963818195
143.7211000839585
147.922075406744
152.0652328895539
161.3551436380099
168.90366110369428
173.92334793662502
175.96661213594723
181.8933792533726
183.5626075151253
175.60647612564264
160.05164878449688
138.40654232436123
122.09307060719061
111.37837931932967
107.89193268390557
102.11565620554916
88.16465852754294
55.71056784725033
22.38967607908876
16.654040978931107
49.614545109997096
101.32969438302399
125.75009542659978
130.044368335708
118.49877267347097
105.7498975735582
93.43239721235773
59.56098930542862
111.0909146805455
169.40263818471806
39.97245929539122
102.20167028085211
19.473169393246394
12.267225914608503
61.162718561736824
192.2920367382369
121.41313528625062
135.17316222659917
140.43273958513612
80.22297064340069
146.1575970799979
110.41236439965996
319.9504821980398
24.5480332595007
66.12628484080392
133.14930248478458
7.5461048410279545
20.436729300616207
84.51678630976448
140.39246185768695
130.40744309221668
105.45227622774837
118.97348542974851
77.78636009736135
20.32683913572862
1.0550462559158404
71.61120245909342
90.24885053174091
14.579993865127904
30.17410732832616
16.67721855377465
18.07607280678667
17.055697028708323
4.300708842252334
71.8145689827586
86.04489847131993
20.69515894529536
54.20808301418879
50.623972353992485
32.66619244947492
15.53682200598314
33.05230163104625
0.45499705449151406
144.1206261463667
7.172249179140863
32.08799806866375
15.407283992526118
33.68531344935832
19.162710463443773
35.16866694260966
64.69035596807316
187.75459482536667
242.35086774289925
16.225401896610265
1.8116535821782236
4.088484404323026
7.361228155313256
37.120649729135266
139.28302900375775
41.17092758350441
40.910631541491284
55.39017368277007
190.6516737254226
125.55573563641565
261.51143219515234
634.3209008334909
312.9283509447421
224.25990089881407
60.0320291046296
58.39773294654583
16.001679915105115
174.5032882480823
193.01850283918384
187.3343913160577
74.36020119444674
129.94876831589568
1.4928234432256886
373.4612165531678
418.04208745627807
119.36693101314768
80.64572568466906
29.77629941777741
276.37159022528
160.35468881967518
32.79695322480529
124.81706016937756
11.053406725113746
214.39537345858048
75.00139270234263
119.44852691029087
276.7234987440256
146.70123771687827
359.794974957372
151.36071893161875
124.01448605982728
533.7549478898256
426.34455167038664
286.2044817490473
164.55230499538493
142.7968433148393
444.40871076897815
332.7455846650869
193.8591283807193
80.69999613124878
8.177340255987588
19.691969732759446
429.51057925343696
563.3876992218234
124.55099707881197
195.00895228656282
214.574399201049
221.9121068169154
49.37217082604843
31.018305320267245
4.819170145648513
199.6665440739
221.4544426655475
262.2126715958741
572.466240013234
272.114130690617
827.1923484957982
688.3465086512165
409.7501149210009
822.508226852767
271.14226905725764
415.8921365217568
493.02401745634165
1088.1436290259267
467.039745979788
568.5664524980334
225.99256451350516
331.1006189558241
869.3862432708562
705.3731462409208
105.31379991534072
541.4242943380981
633.821682857459
441.51721867309254
175.95488873598038
46.78867449689278
82.66673613749595
93.96637545710166
10.181212095773844
1.4037454028638194
357.6537152689467
42.52831048097448
119.63856984763208
279.5767266517596
114.7999734286094
421.23216305024334
389.81625089643023
396.1640601084641
275.3498241622872
10.480145649376254
49.23853330457155
44.538406881802075
176.4204340951983
84.18352054842694
40.04289340411174
43.47616720541714
95.93014770833634
248.6674334633883
374.0064491467608
377.0347841109542
453.97128699030566
482.7383569568384
395.17853143898617
488.4667054088641
476.98459788822186
610.7259880396101
721.6729024232196
797.4291553111201
738.3474615706727
758.9066967247918
680.403364407871
607.6091876661599
568.6665539672853
550.7657295751751
498.2592363779455
429.74996808482376
401.9352251631958
300.06237965374044
278.2674201620139
196.74957821953853
178.8856557759259
68.71473417905054
600.2159433928377
256.41971021603297
10.916332772474561
54.9639253594753
9.40521340749956
33.09914759177775
14.301487684045924
24.821850684177548
143.92794950194968
469.5978868441352
308.6369897590364
188.80514485782078
157.64016075104354
201.55286095057653
209.40198083006908
164.46872156043463
123.99290715697612
95.68901518963992
59.449885750420094
21.893590827291746
8.637541088080297
19.400954911741565
7.941135907041087
0.12721702073548613
54.63947400678023
39.24694672957867
22.729729096135884
19.16802870667766
26.747768954078765
30.365270719383204
29.576312454042807
38.13403776581242
56.13699494520381
63.01019500166234
54.83132042459039
42.81455416068707
47.70258772619769
16.382079903481724
27.97113468482422
24.088892542575763
38.42540448673719
63.25762910550827
43.506697528864606
52.791461072029904
72.96560877450486
71.90150405201797
60.786904810527744
25.20631210874211
5.143309475970625
43.22148286512572
49.99631315798564
35.20745751358527
10.840046361472957
2.4694918612275956
9.146012990879171
10.194599881175463
45.5871983101394
66.23469372327497
76.55355321909639
66.4669418027944
53.76374946193101
52.12979095171903
32.0788172384307
22.3151695513169
1.7247737849995133
2.279407785039666
0.27682323640124196
0.9154917895459107
6.865913137708219
11.578259312387672
21.814529951769998
17.443051752916176
2.601636903813244
27.971110743135398
38.91413541411845
39.1659252268733
63.27629043716638
33.398721634071876
27.568851041950893
29.18053887667031
24.12116929732491
24.654456823478483
21.784966659225802
36.96288911597247
7.961086096745646
7.217499244834187
6.0352062848260175
6.062114069905306
9.142914607599948
36.65012015900976
72.2826150503534
96.55554168917217
93.39838755530542
58.240887882838535
35.62364792616853
3.4876935427168405
13.03482047932664
10.622498107267234
1.1710844611938
20.90060830536663
27.214223884436137
43.99120957221112
47.09520430269498
54.265203615647636
63.116809882847576
71.60447746351008
12.225976266516
93.38733931654855
98.448919973008
108.0286741858057
119.00178715941001
130.36584426227932
136.61459395836243
133.56217609955843
138.28848094581355
143.25098838445717
148.50452515245325
146.9930478336945
134.8390635296176
115.89920549665152
96.06938279912532
90.61765168197388
94.87431116231619
113.83955162474228
116.51709892593942
111.35381640893422
108.78322940187502
111.36818764792974
116.1987532677498
117.65170513351046
117.08054632547618
107.66269196284219
94.11959256693387
79.17452216611775
70.60465160409723
68.95494574527538
77.04463623734637
105.11781318628795
134.04466256210702
155.6777528244213
165.2140295773038
166.5338899409195
160.7752029920502
140.92065122936157
118.21482529692673
116.65961729833447
99.9734551557491
82.76505589055432
129.29491414266522
89.85186851444803
89.42495087742856
58.34740071542711
75.5679857099201
248.89797857026468
161.05661541930647
161.95246625921345
95.92776573217463
107.81146516281524
23.423331132277553
48.69058342404492
9.271232036350284
224.32053969688764
103.5635117545703
78.14712555537176
171.04170401746376
148.0006973494044
145.30078733279902
136.92032964013083
132.6223081203675
75.92092651491237
48.89660254306614
4.9723222893236425
11.819114093473559
51.266874080737466
70.63249931792188
62.192005897941385
86.76796759438048
24.797504360377502
54.2670123608209
12.767213070041635
1.1678498787305216
46.97177660287218
44.6464923912381
39.6446426931268
20.155925250312976
47.1819754276122
51.89753124336596
26.69939603786736
27.2017035618195
23.82488496664746
146.56458539891707
180.36180490707613
201.38229871980207
161.81765664728698
155.6378028196408
52.854006530496235
28.479000325208858
29.251547529029835
20.492872587694478
26.433175756088417
68.07256109281695
90.36395108441695
82.40086610093783
5.218490353582297
65.3194668058544
67.11835938421245
108.26026682022416
88.95513514116249
27.06935767638572
61.86449452358249
86.66539180494465
124.42889305787321
49.841288665245884
125.87710927104126
101.37796665776136
237.629157820081
94.93286857884277
202.58337498993683
394.19927728585617
230.74323137119973
297.7919019821825
240.50310903931995
180.71943047593595
69.8976617374708
113.46729803955827
193.94591480478903
290.4545471428678
440.46614326766735
452.8465309302394
320.4489780322406
99.85618204855678
381.98739145879745
542.0672385537139
379.6100621091871
363.5055337615131
364.14898557315973
463.19629417334113
375.32266454472506
399.31226553198303
432.25031068853195
374.2185932954262
194.4655822264872
164.16786274685933
554.9809505209142
637.0436031332634
431.04396546119017
262.73746691626786
108.78354547623576
24.705877919865998
283.6501716660298
220.46203645315995
163.0859974321569
124.70268457747255
95.71422426255958
124.31625524686592
59.872391450181794
153.29352839348576
405.7035405912641
55.1178609199045
27.73828526278544
131.5723826525243
69.95134082243158
361.33344983956556
632.2866130071276
406.4287109493181
276.0894046685959
386.54607840518895
173.70711716913456
308.67747847709836
273.8139255417809
399.4664769137049
353.4697428823223
374.96861092876463
223.33343776294237
490.6868301923281
670.8929808093748
596.6350988202705
769.33425585471
714.5672245901322
828.2213681194124
820.0071448457489
810.0897395232486
585.4174101263952
487.75955950779394
573.6827057229897
561.5628444115663
420.92285654169075
348.9859568574094
450.9661443067299
358.5922943446179
245.88407159406313
389.2622171726325
641.479547828421
243.29065587424043
172.0447345209758
43.27967371091188
11.036667139212796
14.44972226655841
48.11952637473803
32.816237434487334
85.58279687364916
36.17755826042492
2.0485675800068748
13.831567509609613
1.9487314332117194
37.91781237016187
98.89738779364484
68.73767098807514
104.743738987303
167.9228130902933
167.26724532844855
103.17814735863908
178.8948427990082
15.590263806225948
199.8618799035944
74.19702587352782
19.191563668584024
4.724330831709608
0.25777932890952115
41.53009927545935
100.55431753000983
329.8262297541539
262.38295926123794
22.931432471646872
29.413158680061542
156.10211473232778
197.29699652357056
177.63002174836254
409.1339583813714
422.2136827176615
417.840464934936
402.8884136145658
525.574227639267
580.1000119526174
468.2013645379021
349.4828239859421
290.01678210586215
167.53347689548264
78.27730577548914
18.244636031384175
10.963827110231932
26.147119309961
39.4713235517828
131.19644562708936
156.70442185691968
322.3469945225794
194.77711501882925
220.40753403866302
226.20717353689406
136.30700603365187
58.637010346751254
35.70083617625198
66.18684832014685
83.9574326578836
141.60044561158713
172.54198188145585
176.00431062169548
223.66256595849586
343.30949571593544
418.9349226210952
407.3375500801495
316.0655642294022
82.30986948385589
474.3743349697269
470.23728562498263
366.3198069920257
309.54932740807027
141.24406379859556
81.12935661560311
99.62908364110524
46.24131341745215
15.651108758436067
12.00940544936816
30.185906813678343
32.37644562396986
5.236244383232474
49.20405913642105
100.87845218216682
169.879689998922
142.07687803075714
123.22360219160532
84.96700530772074
48.460857401597025
13.058341575126349
6.285873968863314
6.359042281615359
10.514730010998221
6.989554795260517
22.97213689776021
12.39847871837685
58.57889451078722
87.66259325516472
97.61197358201349
95.33149668060389
94.95403543943604
104.32187493049838
113.2392028945282
104.04888029838202
0.9687713578923081
17.902520073175253
2.9237281899260665
10.913566857009357
21.187477605376273
19.805807803134712
10.26942770150714
10.787449299039679
7.041185587990697
3.7529898595575446
19.718560519690868
32.47314154218918
37.806408965205776
35.566462706800735
31.914778888051217
30.441028224790387
29.553883610995115
31.186865186813236
25.0173229582133
12.145815307117857
6.36014814243299
15.592485089043691
13.984124769712025
2.1307986188488144
6.909324755484761
0.41246857857555597
26.451282963793403
39.25989917951108
37.26854359266957
27.964739143738143
15.766527543979862
4.725061962008965
4.540347964788793
9.258061139363292
13.815451996379181
10.613142032978544
8.334166791740756
14.230891753578874
19.719485300379972
31.234426839525725
49.94196895722854
58.77627006516127
88.21452843071978
74.80057686461015
69.32324194644849
59.168422260521425
59.28213702113868
56.41990896958936
53.870013308159685
53.17913049853854
27.295567902098014
53.50006486689506
93.53726464464978
92.8330773730147
98.26487131740328
98.41061847074633
92.82510040075579
79.95836916715899
71.61279456505451
49.9508242963949
65.54816755269258
76.0768458364015
86.98304297059616
92.05878863246278
90.98804268686001
84.56657250182775
78.3603128448928
78.0844973888332
74.26163624457001
37.89030109505086
39.08930638607569
46.00554351581707
53.02770573325677
59.9003419467453
56.90132875159367
51.66945534289209
53.89813009749088
61.45148547635779
71.55940907891039
79.44646913841291
83.43903152417357
90.47105598719861
99.25316606667525
108.8644738069791
126.13484622517046
139.90030401798458
17.66714357223009
53.43866784168381
85.94380452052843
98.75229692165584
115.02475058532644
129.2442264555338
139.23435070953008
145.38387083243498
150.41730870096575
147.5854783081419
143.74566728482273
140.91827912072637
145.16511268526426
150.47901866161192
158.4362295071797
158.7157359005053
148.81448193328015
136.97315249089775
130.94130735329276
134.57084518875962
142.3051044247552
145.4353551485438
140.63755624269805
136.4525530684009
137.621975575568
142.3291373911934
141.3339968463281
137.18423857065426
131.23409583474546
134.16823163220818
141.46101987111376
145.26844624060152
144.14443518390664
129.8253982945751
121.86770976579612
118.08853885018812
126.00191402457097
137.37312026554184
141.92115783132294
140.62652121072557
135.08286535061262
130.32308051322434
125.21017001314328
122.93620451168528
121.46203060843425
118.23914612095854
100.30583400632207
61.24872376336327
8.847288726269142
21.60609736525106
126.43648960272776
343.08879590684444
241.13884264715693
294.96066784388466
244.75798153970436
30.704989496867825
49.25573657331819
11.521481274438145
8.275760929878288
183.22811135002524
376.2979269648614
406.56724171995734
200.57589324588855
113.65388220913701
76.48595906207208
42.862416257175255
61.198339747733485
81.35846856706769
6.281752576456711
44.531099020447414
152.05457386804085
190.94341244484474
140.4608580880739
177.0609643243015
13.577339528024595
44.72473625669454
86.84970723144909
36.39977168567964
14.495765169518677
61.51641146362522
93.76997032727422
98.06069296550118
73.35052583654499
130.92164841857777
146.3471251311788
275.3341809258004
166.7108900866723
97.57585819918052
44.77017226687735
175.4248553701392
136.5679017373975
78.71446062484222
139.05248780113152
17.450058736565552
271.6784903670002
25.31935857046483
50.56349784498684
2.067533052338831
18.552742302809065
21.72585253611237
18.573624641411243
144.72846790552512
116.58466846760041
47.364400127108524
39.47153997462965
37.71932697959164
1.0625782351557973
6.0454144287941745
21.28583431987886
2.194821505053824
132.6241503575261
15.95015298597184
129.86634027058676
62.33450730040147
61.97263126327175
109.00622866376125
63.11414230696846
64.84706756071012
67.86173537484592
130.4972716213283
489.272391761903
345.53153888416705
862.9851927388688
337.47748441471595
166.50129214043068
211.90933289516624
257.3647015867516
266.7861275475598
213.34866720847003
3.649739987040448
107.80374007392948
172.8705917370619
275.29771693749194
52.86967725465752
240.46026501871506
274.99777539757974
138.53535069522218
391.3138827833302
123.05646464877736
178.12653297859742
205.39747015316766
150.51289423776643
22.66676187189364
50.18384377212283
60.512734562167225
174.39293973103622
176.12454143820128
57.25422675581672
42.19231871957004
51.38109979827914
495.59232348742694
630.3392541190268
444.6980551474321
251.03688379435084
101.90619939529097
442.87792719103993
631.4161521262154
123.13372868236877
251.21523720849524
222.71256107147866
251.8823761218473
10.135733973416222
417.816474284877
521.2135204122842
343.08508729630296
180.92292184463554
238.2844999469205
304.1303254612046
277.11592570834966
375.1833821773465
106.78418228158603
52.79620040837881
372.02999134072934
126.66924898822299
385.4607502178544
421.445214394138
1019.9123780098512
431.5763755715127
110.63503226637181
59.001183934603205
181.30215500973054
496.1174249082884
725.1581539803856
358.2682630577592
443.01160208510805
611.3404875905538
278.6550165880285
252.8818657291829
420.7953835477829
128.475588854664
360.48119545355485
665.4398164958449
53.726427972778765
369.83192489369935
134.7604682778922
241.2811796721203
164.08671880917632
124.45474516586034
63.57640274320636
9.090838415922804
136.0667392707768
134.78137393762074
227.6232266224007
206.1845266585168
70.0576760586498
80.56853729944817
163.92931724500045
190.51324215432066
93.44692038331766
173.0727199629015
310.40595841154914
143.22106386335224
196.74296438165265
74.03953590023548
352.2853262352507
32.736244923479376
154.44357792964877
384.98049369791715
210.12365442480893
189.0446659764666
182.35314880222268
30.86918282542706
205.03820441483276
430.77140824283276
339.8073559076006
403.4828125628494
357.9364257087261
358.33772920958245
340.1525583855039
268.09037139201246
244.32727157900058
48.135964455022076
22.906385134039738
31.805999690107456
295.303504420973
133.08546915511602
415.82079855166194
365.4762779107832
48.225184275361244
58.216320968061495
460.8322618573916
313.7288225359159
424.3891437329131
315.2820491383552
251.24940636919587
101.77266625912557
43.61844877049657
152.19505174508822
69.63533052518596
226.65813649585834
179.15140660278803
420.78494519522087
607.0241327975597
282.3909444551972
428.0097103760646
440.1949348990569
118.89623105274211
8.212215957463172
167.36639093779866
136.83110172139607
198.20796806536077
111.17927911532377
223.75511973430457
146.44169449962112
152.15609621552488
211.06848753076514
239.09525334170496
252.03380889620092
256.00744883542484
240.0727873179656
210.11159294392974
181.88285102649257
153.96732833296437
126.98346094817992
105.28326091140605
99.91240795773973
96.46220404379017
77.47613465806381
63.93349385525153
61.72851540096053
81.56916426290127
21.630481638311096
102.3874034044502
42.333313103138835
88.96805036795041
105.4694836330878
108.18414293814374
92.30932599236218
65.80158220917656
53.9571337545413
54.27941851745743
66.2903927787874
74.82250733006299
76.96539110085348
84.3523086090371
78.26429398406532
43.06795433461622
10.778675297113693
4.935839862353305
25.265314116512855
37.48419238880473
42.983137947844
45.318020925159374
29.083600063887104
64.11356694849036
74.87612617233702
100.78464076777038
149.6425752724797
145.43690824505012
158.96159510725357
149.25517667891177
149.04295389429285
155.2494191048609
149.1468652360111
86.03133195325194
92.30801767906308
93.07672070712601
86.13225346399076
106.88529252840357
119.52784861921089
117.3765544538042
89.91955164158827
83.02821793337347
82.29005657471157
82.5492838702666
100.20642927352304
129.33474048741624
93.11060922007124
110.07140574193897
106.1773332497865
96.37895603986976
91.90893609868476
102.38157465605087
133.80222605839867
156.60065229847044
145.7034251977438
113.79856053082398
79.83304617159769
68.14722916876394
56.033350115497456
55.388361713825304
67.27688952676726
88.20141672927207
115.27226242087141
149.77908996278154
198.33012432310824
226.14976637734503
201.48115777951165
148.6423926670583
113.76584183670997
101.83286036711382
96.53740339654934
101.2174431686268
112.5205715982915
121.26980672011018
120.46062906637809
120.28630521598461
125.29254744319223
116.66100011807538
100.47374915890225
71.57415822048154
54.91221586192438
56.065226623632725
73.8075850727871
109.96928240238469
171.83377978480155
218.43221891202472
217.00818792427322
13.819557407149205
21.934724987751167
56.76125845062859
86.78511353503183
109.05946810684384
109.82181223628618
97.68618950074398
87.9870438110994
96.32873830212509
114.77913652715529
129.2388163923007
128.89359012876952
91.6012985382767
56.785805633983216
48.8703080707362
48.06458894839591
62.827324759915996
89.87647815798027
107.52447244487416
112.55957158828909
113.78784243757917
123.05001804630177
127.94776359144305
130.8813078210136
123.0925887423677
112.24422538301508
119.20518775899706
139.0616185449855
158.40066906008389
165.05835322662892
157.8885739942936
148.5058011301266
141.78229442302637
136.19172755293124
134.39115275616064
133.93947575879093
131.06615327410617
126.26808912280285
123.80239387706769
114.86954693111619
75.21056372395554
21.49270944289043
115.4667305227008
132.43021953025027
68.30667440845468
24.812953789799963
35.13427371965156
22.189927615281363
32.55339337055068
18.479882852283026
48.74566805454356
58.96508050568508
57.59045929312157
74.70844964090043
88.66318945871893
61.90453054396022
15.827954499575753
135.46587358922955
362.46610351269794
100.6783396779008
93.13682467013462
98.76592016599011
68.83792618154212
195.11646605763565
92.24231204609782
166.21481059023768
57.023447782262906
84.14219602977187
139.6536678552469
132.83849173468855
51.817436616943496
165.17504370586505
201.81918166168145
151.41318386147373
226.92241510074507
67.18423228771405
22.35710880845602
35.709936769978185
23.418135650567706
80.09630986244201
61.16462779510675
24.170493598766143
196.00293913991982
7.732519383270642
117.50285216597479
22.72142168855271
209.76554191562923
1.684877614203515
177.13132070566962
84.72152604262294
206.14930523044075
159.52550636967965
74.1178932424765
27.80923854987384
177.5894407074643
19.70984405993829
75.84184146803386
29.7546005929662
35.95366621613675
7.733672438389021
31.69271359870686
29.951431777874177
48.990119539351554
152.64599069113115
152.6364039150776
46.19685160663607
219.19132120523375
99.32935467491961
51.58731899857139
36.94236012292936
47.486582554834285
71.78365782690389
2.0821294065895017
65.99986591539232
50.79479233024426
119.36694269278655
28.788566098258798
42.236627696035384
92.15139760859518
18.226947521933198
161.1095345846345
36.1929556367611
78.01307082585208
105.97467130744076
45.83530647876182
258.69527119934764
130.6309093150967
76.14746893551046
250.28029139717523
490.69302580866815
246.49566813915249
380.541944280719
403.14534724655414
351.94485017018815
427.6311390575386
599.8621726084011
397.1474628289377
507.50053181678663
948.4779714266422
639.6809452160453
475.73065685310166
736.0990025990195
477.9202168377021
313.54840565256086
550.3124949005066
651.0970773861748
706.4334344530371
554.7174016801011
519.1273008421929
604.8975667105126
462.14886257112585
583.8844526717339
58.034707764330506
669.82905584949
869.2558551552595
731.1632510746628
620.7626616169331
402.4224571944104
251.551805467868
165.81495826309492
452.25576648456627
305.0005676927694
229.19638878590536
137.84945057002125
82.02176699669587
42.943153337595845
31.538887130211947
95.13479211194573
185.38822647565974
205.89238461622676
244.2765354786825
118.66821291667964
186.81251692473973
254.2270457539737
367.45722411510053
299.48264573743916
169.6708227967939
205.45638241718848
703.4953121441755
626.9341115666342
321.03611770008297
252.6867565811674
308.6307217646031
744.9281666657297
456.6002726269246
719.2441436408312
463.8564764998523
500.60556572792143
919.7022970995839
1020.7327823933393
854.7369259114208
807.8985116260021
877.0594626105272
901.109470871718
809.1934062900212
207.09278018931468
329.8125005032732
388.9113757085745
826.405651238856
1009.9347301511356
628.9699977909984
770.2761382145392
632.3249206248481
543.4208203061215
404.743905916417
699.6748671532711
392.4600177697414
58.3457724910229
330.11104279348774
544.3401043681597
483.763362389996
390.84255859268626
302.01467619073037
323.4200925703343
179.91151341643933
165.38261440174244
282.9022874597192
267.3089066648271
19.463446980404115
44.27813256280774
27.269778805796875
52.064283317817626
13.56765575484917
54.686429114107796
10.786982113993759
33.05355157163973
49.69972247775718
79.94287256434228
82.04767312836196
39.301309640679165
61.59914929454726
134.0472539971919
381.09896626702505
256.8815971474693
3.7664465460713927
196.26973580970525
246.55331415217756
363.286359175853
395.5995690669033
411.6616570377305
385.89954603206047
300.7273934144446
62.73144849552227
32.42827714752093
116.15274602496675
153.57961889352464
175.77686509743967
119.34400663393285
44.416131647441034
438.72141348862317
31.118492752765974
26.24880810868069
503.31271178393894
17.547192175564533
170.29119698567297
70.24451021235495
1.4281328469201071
125.03264177443634
186.67106587878015
333.32308843165697
346.8755188138573
238.6812689079734
233.32362089321032
185.34099649188352
392.2557771596055
244.1213896234059
298.2865758529075
309.87990521394386
6.755999931164865
77.59410274862137
37.31986484663264
47.67195636142924
2.804794854490069
64.29017291229559
100.13623633210068
36.4941229987395
113.47894283860933
41.22297911375472
270.18076061804726
160.6668235249536
73.30564570438685
35.567879224030776
57.69177453415659
96.75020448279861
106.24528492220429
81.63055567500686
43.54471895306318
15.698531634498408
0.8422883887088801
4.096618521708081
7.4265378336400545
12.921348341013015
0.4857521411166772
16.919365418408233
2.039597701688024
5.82605037815307
6.754525583882071
1.8198543125863011
19.365873600223438
51.27240988882198
69.50578829167961
83.27759253707995
17.691814452180523
44.49018780184443
40.22622355938458
43.362460754013256
46.52383850105559
52.161437758550534
54.897394881343956
57.66451191180954
56.096391120921
52.400468288429806
48.021308446448955
46.24932162987727
51.12894283396841
60.7096739056135
62.915081549984336
48.6325159687855
36.69118549756098
30.689839199267368
42.33617433709716
52.389619904234365
60.288310392681126
66.3409136757945
61.533567546326395
48.26337979242777
31.43010109126041
21.09858424452179
20.78492545839734
28.744971162858008
41.4940871727413
52.69724980678944
53.41039724963261
47.8112484280048
34.05971790551732
26.452482302249024
23.559388930297388
30.707161476893873
39.88584216408469
33.53652349204211
32.872917397222636
21.553817329003266
5.255237219044886
0.9554131645292046
0.47154918234298293
2.777712344272487
4.431880148386767
9.898507133076095
6.114774928563435
18.036734535453576
15.108153703621412
14.465183513386535
18.496535907259045
14.093974656812549
23.540164231363292
12.457125167538408
17.72396862559026
3.3676792863141145
4.042569219274839
8.246010747121204
11.799190509547032
18.448188824259518
24.920305663535572
23.621993532781232
12.741935452778222
7.600268720550162
12.90221313596632
41.83026777728068
49.95919091618336
46.65814270608689
41.669324658176464
38.81336305011945
103.35002874883179
90.51391552132776
87.04828883855225
84.42274783460539
98.26367068078736
106.48725723016668
111.47996505928603
108.28599141527167
102.85047231624611
96.25025667732689
99.89042224172198
104.22914193612277
112.37528650097693
115.98957352953934
115.70030238938043
116.8117696635725
119.51873674537066
118.65140080741449
118.94325475283597
118.56854024752667
121.13006240135348
125.46063477452003
128.14228720542673
123.56291108405065
116.98752303322888
111.95652228340904
108.13629280110587
109.37191912930504
108.49572214958857
98.3083054742122
68.57178456254456
5.343112813929224
9.769762492088432
17.968124444601074
73.62945926660302
94.48029778472062
97.34376644683022
101.97690289869092
106.34000943915166
117.39787980662763
119.26235944868324
113.26827187022613
90.8460707635694
54.80051186006972
54.546084620532156
0.3816571921548757
3.6024816501451937
22.801865825938933
49.15359665810456
135.01101989188197
108.45293857652746
102.40748063896518
96.70939766918599
79.84346176934491
58.604710626838425
105.02360043683865
232.6343131016937
179.79279937352118
259.68253793804706
221.42176746822167
140.74763431848442
132.97357883632185
129.77767832692257
44.84484838802109
56.12589320148459
89.56999993620138
74.34980723412798
66.67377746095588
69.75770090171318
76.54638154388181
63.16532206675083
23.04905211991877
76.29213543263836
93.84811800610169
105.20283974153574
114.60769788437119
82.10713117570185
48.358776998284156
74.18981852905688
118.80333763966644
97.52813540572026
123.91747943165865
159.58638866571016
106.03371649357814
83.31433843372895
98.0415432365736
214.25743594678033
221.9347301205496
178.73893136698018
123.19816100185449
68.47797500095055
80.38568917290877
29.394250400729675
102.02401607091849
50.17211582332243
16.24396191201106
135.73068838050187
87.70264604735257
51.57957262415857
43.26802429099064
39.848476640575996
8.65715350178084
35.076786691695816
15.334154097998521
0.1827855218947434
65.78832433903699
56.659195893605784
177.57865498042906
212.0270199179521
88.1222501648466
16.711416939339756
50.13778690928086
46.636510333723095
66.95559665173687
42.14039271164722
72.01162560754528
9.450768302904294
124.27154059849204
36.461407308533126
46.6479361432182
160.60981431967934
215.85009011215016
150.7507211504062
55.06161631536497
153.44312853171914
401.4969803752849
299.537693918709
292.70308502153557
166.4100282003833
404.8379142511966
327.35595499769613
258.96730183639056
222.5194135723409
277.48043075678083
182.6625771283093
135.3724965552808
272.0521057974697
335.6715264079147
216.34002756436098
242.71027996692942
236.40134321446703
319.1633051183501
183.94130410621506
388.6828635480924
270.8823176902731
171.8362958798832
357.2425945868091
595.3909962035153
550.3209912010473
349.8033223008193
308.49118145129427
196.945580456384
119.18398553957479
73.85868085570775
21.680352967870533
23.758744651223026
31.54943411448835
2.077147688353989
258.8367933437369
321.17238244101384
306.6580491510107
150.70530995438105
33.32875402549564
0.4563620593970654
327.2761448888519
70.84722606981995
2.5741712131300574
46.25817936011913
282.4571260708216
83.99832803608717
130.39808707926704
282.0465199773962
342.10288667680504
253.91986972515008
307.53198022950664
356.12779496870337
333.8579731424195
370.53242877215405
319.643223533589
20.093033002390257
218.54742348111176
207.93741387088141
84.92094088050374
262.67613453532874
402.8602319440083
183.67040580780895
320.3939381985957
271.01138297896216
436.6500137438891
87.38280952073319
146.22760629126924
413.8455292692562
282.9366927758655
230.17202479181594
156.776742885138
182.44124392946878
112.74603909513291
98.4207623278221
68.34348356893247
1.6575654638805872
36.07539554545076
5.8466994228684825
75.79660607893663
8.73685729925694
11.655806204326836
47.316137847110326
58.01662891900844
44.09450502501454
57.814668633340375
44.09801920985626
95.26777603099379
117.84075183703419
184.07458137747574
166.50382233275099
144.55513212443748
7.94051449566922
55.58789880462763
400.26809488470747
327.45172800972614
369.41490538376684
274.25824850799813
137.29694350126124
223.20782031233864
178.8690151856439
105.58146898154098
33.58122553478847
100.12618291094373
30.92152231372779
62.96066680093054
63.782276099513865
123.72546848101229
117.97840215998133
91.34908297516176
218.14712022865956
41.49509725668156
66.26379311242897
168.47926865904583
149.16812388407106
176.5196374530126
194.07839625950498
193.4109927258096
226.19623075172728
140.14317356006723
144.7817255457876
215.76302222904906
298.1413180935871
223.66802348901524
158.11781898954814
306.37926774568155
267.7264703558544
305.7200167328117
215.00166333909362
154.53069791672203
142.03569357176377
78.42260224045333
64.94789188099185
81.43981906199497
19.967980949516118
5.999498185116522
44.851285291429235
392.3403669851409
107.96604879172185
177.0211656403817
102.13392678819321
6.1313438962934015
56.56174415515818
69.7735650062591
126.93971376721254
118.80066914511826
107.02777322451425
63.78974584504658
140.59406775831206
185.5563006082706
237.92341210036577
216.3682813464699
181.18991119703688
144.2930282899407
123.93008033633032
116.58057372340102
116.16552194725713
103.74909863488264
79.51773928763905
54.98814399292482
53.34687209127287
81.33040009618526
109.35880649367616
122.19768856650373
132.07223675174146
181.00690051398897
197.63073885816038
171.92845595908884
115.64580872609014
93.74558532440508
53.76917741034214
43.14624860047735
21.628645865297898
10.349763467101326
9.080682755633546
21.18641632852095
42.71522327810575
57.060135156482346
63.879559502126625
60.44457618210734
52.656014590970784
52.877969692451444
45.6904976959525
31.536481042446837
13.9961451034645
5.3803674783555095
7.770864679010401
15.688936508120804
20.47130014935405
17.02346719407086
9.798652770013916
6.815965369640878
10.385473981098784
14.607379603489534
15.112617624226914
12.688861910377256
8.824919628764178
6.837554368997473
10.460477887450878
5.5698912290859255
0.1427488188747077
5.400929458034369
8.32073263187226
7.216449555040072
5.0547828560226264
1.9648116225689876
4.25595399119382
12.409022892111409
22.452531377714678
33.4863459328989
45.80433596700772
51.41846981092584
55.5185553765175
67.83452303696163
79.02315131707351
52.27300915413312
76.0909851402071
70.30550372637637
70.99374254375098
76.12764947232205
79.81325572553325
85.84979916781774
98.09746912641864
114.75259047577109
129.38767314076821
134.219768645803
120.96814005828455
96.8637841229355
83.5084508082441
77.29717782383585
74.26025570140533
69.53765518921531
70.55610415975138
77.27753238887618
78.9873790711458
80.31523392245893
89.15947748359437
103.02600230061819
113.2237351069428
115.81702636023661
110.78141558786675
106.56782677702867
109.61993331995859
124.93433960669793
153.84683018039962
169.08008973974395
164.88141703712537
142.21400414941107
124.67663692056479
126.93809510741775
146.53115269266874
173.34531541121035
94.67268550266562
4.581862091323899
41.2075760590796
64.718674240405
78.01473989757409
83.05039714943729
75.02787324206912
61.03284023011145
47.720037448697724
37.465676656959374
41.882919661293386
57.055011261894265
78.42509798691464
95.33298892343356
127.80047139609815
221.56991327139167
301.3201501261761
305.9985415990417
253.38991174286934
164.78893568303218
100.29874211909117
70.33610680188207
46.078689248145224
31.202537005497902
23.876319475192304
18.13441829760899
3.7735848444179396
6.690676896835498
9.785263738260312
45.77804775493854
77.52238799812187
81.44803960573603
80.71076933426849
78.99404120070301
72.26584194745175
59.49188051806726
56.41462590577112
48.51034717794715
50.84170253295264
54.71120460261517
48.18795284507445
20.404942533319797
10.776935808285998
30.141916849646975
39.022772156272765
37.2381359790499
55.29486049840631
73.16188170298955
174.3434126086961
44.140945865234926
0.8177294124222954
12.573260458051607
6.7119665563708395
20.301328668538986
7.464226028570295
26.829746625098608
55.438109601738404
106.84618529735678
118.88889147541039
93.07953347844654
16.99180986378849
147.44713648355162
147.3366248594681
96.70673328432133
71.98849171923348
17.40110865175916
2.003098655345866
23.73394380730133
6.4990030473101115
9.179625042717248
3.2043622523432305
40.02772498060301
45.20593290487386
83.22200728816324
61.02688100722753
44.82609114135994
8.922248147341975
1.318069038437443
55.966388299147184
4.648363662530642
32.592775973949756
50.383262212014756
28.631105458889806
22.903111440819885
11.772856022013684
99.89236047713507
24.091134162048547
69.74221645003126
53.76930362087194
102.00607454849296
6.922762756556494
30.452804536989788
8.703470898973592
31.945692321688966
20.708866968417396
4.401683370466799
1.5953091420906276
5.263671588049192
37.13384651450633
26.08226321221082
41.01957190065923
114.387511906226
3.468270268305332
95.7858540387524
23.41330946737162
46.84513203145218
79.08593299043127
130.82691292171444
195.00193382068403
159.68091266090016
93.66839681178806
117.46395165876322
34.76370578127069
6.584901321446409
67.99469255157976
49.403236891800134
131.16153742913832
8.906769476417935
47.927780133794386
64.26004690948503
9.062693698544763
150.34956986239558
147.33872980055298
218.4515205863156
303.9753311699121
265.5165429505947
40.78465356338188
59.3752375789652
188.0505465430665
137.20037724674535
228.23311331277318
200.7388754051983
236.50593395636133
244.49027649697018
273.1350784921053
344.7850733921143
213.0435046137004
358.0676735817376
347.8452051513385
300.99551972559766
309.6087614747389
276.24944501420896
305.866315037666
266.4198798912239
248.93234992773773
358.19001912747797
117.67720678681167
538.032344548468
480.87981133615324
370.11724005276244
279.1207903893112
232.82155621401262
418.91439464919273
351.56576281197584
277.36459085712477
209.6773450840583
125.34704352189561
116.67375330209421
142.9979254373239
169.63294678484453
256.5936676004442
112.45473639784552
113.61817776726639
133.75923402380636
189.58652997893364
192.17196817242382
253.4288727909983
410.86322997238915
425.2315595437723
356.4875914799653
305.1342161160005
510.468257729701
542.8979005729008
562.4813739138835
490.47449778838666
439.03113965085936
676.3121568143933
435.09643047898976
406.82407816635305
678.5124866991305
726.0338614521042
449.37127839826644
490.8227496231149
685.5896857189117
373.41866392976385
219.12071046112044
413.08640068870193
276.8518787000145
432.0465864917056
357.5246334435142
488.2814294747312
343.4864761563517
313.5094274586777
157.22926315341806
260.99972410060514
313.5770290357175
336.3018169651558
287.31229707751515
67.06824585525862
225.5157070782442
268.6163015226351
39.57378579063095
127.23394936115551
154.2140767776932
293.2067046822864
380.9149727803068
402.8702704734602
454.2765850461392
485.41072260072906
488.71651042786755
444.276827729989
429.0640738882288
320.5927198532221
327.4101496574791
297.81825487899243
232.93409765240256
244.57347869842988
271.280477731381
203.69059716231675
181.30741701734814
139.8064568994563
296.8727803898514
193.48987310934604
60.59869246446124
53.24655371632309
6.990253275765099
58.49315951514268
449.1474424643096
104.95509179611827
207.39003538108204
235.18720584396522
337.3877961771592
293.2622896575091
641.8661071568928
334.1846626648288
639.1579410975194
99.53708872124662
35.888648465340225
354.61137718036423
273.3562893152558
3.3889757741306994
20.525295611427623
13.294791421980335
24.99589397269483
66.75059413257839
15.384558021692328
64.77745638161218
71.18182248036442
41.619951600814375
101.95993598807195
271.92495126902384
312.3320149337614
258.13056207862024
254.73806677471143
239.78192766204648
198.8562839126742
156.08270315266705
113.63633227676601
96.57698466759987
98.64382389860916
117.3346355614267
138.24442923406045
138.21220539828533
117.6381044446263
83.66636026103143
53.21960537943403
42.14364630531267
39.49137415242632
41.403033987729515
50.02714363206226
63.56133209306316
74.03786886178634
86.04540066324557
92.14820285787897
81.2204479827727
57.45186308303727
30.446329619465132
32.53422791227899
87.73718533667869
143.46884879917815
213.65667171084073
187.85564375976202
152.75980319780336
103.99425290504041
39.4423030758947
29.526697160227627
30.637724045382754
49.953832757685916
93.86764093910631
157.6381671382955
152.50879753288115
68.94683921902572
24.63345538260478
0.9725399372978814
5.927768625530462
8.857800957614245
0.06916744118359475
9.371532865501308
21.167209045989125
7.5485397498926545
5.852963708913364
26.744893785390616
18.44933178551628
29.62160409760321
27.40239826304213
12.851165774942729
14.04069837319389
18.790428837307786
7.422063546882043
13.134315411131013
16.93590076228753
9.462446903977991
5.355147335377069
9.430281649697406
14.637814459559138
13.475604939979632
10.611135478198378
11.95832369171859
23.380484081604322
29.4880257130813
40.87897067628478
55.56870594940284
68.96869617344862
84.93278586650837
96.30755701682295
100.59289921238803
90.59652497593976
92.68872332487001
93.51553455184774
56.63286372270261
126.60882056920133
100.65730456494504
94.59670369603623
96.65518489364729
91.28527095778577
89.11484036569743
94.399490204644
105.54065696984958
99.90680869868072
83.24081542339104
40.677005160244846
32.09644877134167
51.035446419007144
64.79137173212484
99.05376956814365
153.42319309481366
151.20405742402926
89.53451843505007
72.96246267006978
67.52243357051418
74.06422379019699
86.55466054973465
107.99894548756595
120.02366738639631
21.64046486971108
65.14099257836085
76.83609601576597
96.5759151574016
112.65246202444678
127.93417853874178
137.8679748478736
143.91413611999354
150.4306506055603
148.27290637742
142.17191782346453
139.30568250051556
152.79952127143332
158.72440324499973
141.95360009400423
114.65578165056252
97.76215064118605
110.27914859216492
140.61374640093493
160.83422530644827
169.23420357698967
165.7614068769983
157.96104261007537
132.23675092225812
101.1749450186179
81.39472589906586
79.06648393706831
90.50417470246907
98.27166901586554
110.56186574840734
125.16104752499177
144.56655732712534
151.3774470229664
155.100728596858
155.65390084541082
134.23787913288436
120.76593974024456
133.43906344752008
144.85669925917796
130.56062128042754
100.25344707576579
78.47762789869114
77.04710454084596
80.84721113540172
83.90285862223863
58.386173634815464
14.811232606831368
32.317788448401416
11.72766686540001
77.68835393008953
122.78077874554401
132.03049461791647
129.54636396009454
127.23276136029818
136.98551333738527
151.8414095191572
159.7570737355918
156.85588977165935
138.46774333164683
96.71184051504372
41.34406262769744
31.583310005010958
56.5144857346217
55.270054566685815
55.26160859486663
62.21620432663508
194.57880705010473
80.33666395790692
16.31554166933779
7.471804355399513
34.17442175037024
75.93543003592026
119.58577144206322
145.70909895974262
232.8887006375943
187.0054765877146
119.11571249161523
31.897177192415484
151.80044096314998
103.00530184114734
239.45446211500644
106.85595699571297
18.306224342489372
8.850416222326203
68.33307317942194
153.95694856791908
248.48658384973282
82.10075190304724
78.52326756769537
115.0580170985487
121.61434395505694
49.41213912015917
59.74608549300717
158.6545895670779
83.73114311239692
106.73641110050562
85.30039539935797
41.32190373551123
76.04994882106939
124.02814373465219
83.64978095180209
150.37026919334357
153.732102274025
189.3162669815083
200.56052868317533
51.70950439982812
107.37780318630325
96.30281419619314
36.234966314835674
112.97424624776363
84.11589281841088
66.19751655362825
18.13347489407556
45.70413187157578
79.53092700603156
54.29566524301413
58.751545865976595
50.91667872325161
67.14598511923373
167.66883671946925
34.76174820131109
158.19300715493227
221.26773740861927
207.54003221126436
69.63481747949754
115.58836089075749
42.013136528758196
71.5541122478885
92.68250118517312
113.31436636649505
160.12838799916608
150.16615972545856
74.13255536647989
64.8047074340061
255.34401364713972
218.20619057868385
118.93736847038167
33.057248766518796
41.33552163862464
280.0550335876817
420.7906932371195
455.93529044246975
318.439286523939
294.44850065404876
196.91709425544036
336.25086855546556
340.9281615589073
356.50554856405665
184.924271076193
263.97391970239346
270.12229125650606
304.09548565283944
294.2796839421428
92.82518517051722
204.24260882382873
196.9784025011072
394.14605189678264
401.3373598860935
494.6643394824048
672.8079606978201
680.1814476982393
526.4116992272036
416.8254751420643
417.0253185111753
954.8432873360202
848.7070574522877
687.8427042689616
475.5856677468753
310.0089241316432
294.9235288472689
374.8965675702242
500.66662288661007
367.100498101996
368.842718762264
435.7610591637517
51.471465129200396
51.37565107032583
202.01168199062863
441.60427998117257
410.41721717558994
229.7412739104907
699.3640772094193
96.73719722454007
311.74325177333776
699.7789911591751
467.963093246221
955.1031633375999
981.8524729273704
446.391722609731
615.0206412360326
827.7930679473261
572.9040950880728
835.3761938581738
852.3874788776133
473.70265070635855
868.8729649600675
1003.260640576871
587.8378722218968
801.3554628471112
502.94650359878756
852.8205594831111
316.971136404507
276.9463066585881
663.3621570814105
975.8470594451592
539.8781306908131
464.44602941848507
624.3660431643164
650.2739636035055
364.0480007457538
226.0126263078639
72.30075178180346
120.45472477936096
122.47606511025617
386.8006007007099
394.2110723840045
416.84441702005415
418.43143031064596
286.300904895534
263.64572146433125
236.90010892972805
210.97817873107488
252.56995534676287
222.16186453673538
98.53318427262707
60.063701073788025
12.344962906139017
400.25094497969394
411.7024339454431
269.4827886123103
461.21309596349147
373.7598867245156
560.7112098215055
453.50544267303826
554.9821998606405
181.78934659692914
15.1144364165973
90.87070058687482
20.043459305504257
143.86727941241475
15.401663774984627
175.7733909618148
274.4607101295617
205.8676377757838
59.41836564045843
154.4135406977366
35.89393082245488
208.56672967805503
145.10428668142572
204.85669504294742
70.75766741746406
134.75474726846733
181.55605332608957
47.92980045516492
14.851686389776432
100.17170933872035
162.25844682726188
198.09746191893328
110.24476884248975
115.72545189100038
604.9956255875711
627.5082162326867
669.1474504483785
626.9417998365925
333.21069188411605
225.94170377984187
224.17904980660603
171.2730902853947
130.96367203441218
119.09093816379959
178.08072648790835
71.99536281915289
40.02164242872959
43.33625853138733
231.7017355845844
407.0021012341302
243.10564309607696
282.28058753254527
210.3982064824283
176.30365778900142
177.3613268601723
187.72180506338896
166.4527695851786
164.5389119010565
160.17997358460218
166.9754577499225
212.95499953929544
214.05367973585885
176.49995169119023
102.40723856968708
94.65102229109243
86.80042617340814
62.1262758399933
57.54683842883287
74.9636052012998
95.8692926284885
