0
131.96675084710864
138.30849074925146
103.93059178397243
129.5679694352906
79.18292292698055
136.1687480316849
185.32253316676162
186.4978442941922
161.66782326774882
117.75457827047205
85.76341736354698
83.3302219821424
79.1523247361502
84.11745707552183
191.06803307758526
107.78627083907372
95.51846886245335
89.93207402126131
86.87730707448054
88.29823477550167
94.42837785888514
80.51382889957586
52.76942727625806
4.097779330566766
43.227650288823156
256.509428113342
156.62768130699732
94.96296046851165
95.82740445633897
72.44143217585571
84.08571996287208
126.89020432288675
93.93197698723031
75.85230311251235
52.53621223296108
40.167100898995045
56.72317265538504
87.16174088374868
85.6574715053323
50.94774212543672
30.98606771962858
63.52426934373199
42.190848584224454
25.46466237717351
71.01051517003884
89.64727789563887
77.45977317581634
51.277025232870415
26.1585307948622
33.86621012523415
61.89547739145115
47.47222396436075
28.236024720340367
24.782193076796034
68.81923918985649
3.2854909889524606
16.202461645420726
48.614435394737995
63.63791704228788
47.04970935879169
2.839248609998151
36.077411815661094
99.86708789970237
34.16097802947763
47.285405968667476
51.91976541675933
107.26098280840017
157.61270897167185
172.58432785342768
180.26846464039596
179.34655227665604
157.8648569750822
139.7405517738875
141.91141548956722
160.1034119947924
168.2363656104858
166.25524103673888
149.97994087962303
102.56817332990431
70.49930640445552
54.99172033149006
31.65826189814527
47.002438515287906
84.26209433249022
138.0399322617733
190.63566798971772
209.03097528165858
199.14503716425395
166.23055211471643
126.92445682111145
87.85175434119617
81.40615904486151
94.993180554135
136.61223037945024
158.93323088050658
158.60677018277755
146.8934671499864
119.90209539910194
108.53584080883053
110.52376050610422
92.55819574444718
408.9360678198551
370.82037149118275
60.611588896010176
19.023847471468912
179.96801984679837
151.3957011078205
102.16848315584389
107.18586178650662
68.48207947332793
47.92128298307057
38.8159998399027
23.55277201400446
7.4257366852118025
53.23055852898551
9.790541870408447
25.42913188835462
140.6382524955875
48.64527878354852
141.01742074369395
98.53852911857797
88.80989730868305
7.539344146520762
64.36000689379432
30.493065243929095
74.71486754215357
110.88770809633127
97.09732223171022
352.45504225358127
31.622812736917012
79.2659751982809
135.67074242168815
101.27637307338603
30.095960479541418
68.02466437362727
48.59144640887337
157.52887324780784
43.1920270781992
46.310534711423884
163.10866706422735
213.61764094103557
225.62692946118364
131.09504069239665
122.51093280412886
124.95469041992237
102.46020398817188
179.83537606247614
202.04689370248934
196.46892122280008
113.32689786899482
97.01068758304939
102.3905142184309
128.0887575843591
161.14376985917716
192.08035488180474
231.633958789144
258.30036836529916
261.1825707083458
272.10503929568165
237.25426985355762
217.07930270560644
203.02809972286434
219.94764478264221
225.58598925822696
197.78981572659177
157.1508286057242
163.9824176586418
184.39595290736895
216.91997443833338
270.9333105463851
233.07255143530108
253.83654393969937
320.504324903584
327.5146705338881
252.65011392011377
124.1361776283378
195.17663254464014
243.67514201339225
247.36621386739273
209.325402100475
243.29187629633066
283.3509348743462
319.4828086907969
309.34818972617916
291.66885099667445
318.5452241523734
136.04746826351754
220.84118147176537
314.71682334339175
425.05549995918216
510.60589817753885
496.19514152636407
576.4046153253732
727.2402830555665
796.7353930082996
550.2819737971786
508.4803024716323
492.98011253024424
409.0945317974181
576.0686324217193
529.2898812709791
390.5002323497472
566.4252660269426
524.383880690255
476.5755123803806
456.17321242578896
470.9256959439108
396.29266593437615
394.3153691984371
456.87056005737463
467.0633117834868
424.41793002783743
458.6910020551429
389.578318414829
511.8194350479314
362.2561901132972
387.67430113318665
344.22372104056444
376.4227386137395
526.4723905482875
474.39209433183646
419.95734721214023
190.63912858627918
239.7455484978318
232.62846096908163
150.73554458405442
96.31629978943351
95.42977882515692
109.56282056159819
504.37497246202713
556.997054696967
544.6237486670824
129.11476321154214
526.4859336751375
130.6859278225827
477.0982022413342
533.5546884366015
85.09686943425322
370.96042190125127
660.354523694331
484.15274699209385
738.356923922918
818.9519404592727
364.8929871000337
615.3761645417685
1052.915719830784
1001.2910480539969
225.0115160317016
725.6325080501424
800.6411884296002
1108.8900927936452
837.1699490661729
426.65837238537597
273.4253476274371
677.3451491534499
778.8660257014085
597.6151171230426
349.3107119899571
297.48076852480335
308.80452336378244
1214.6994120725562
378.18326880578434
701.9835654793504
569.7553526286653
359.7354702969867
835.0867168755091
354.89438810712215
468.851470425869
311.66701877897196
374.18584688711076
215.03349936290624
293.9366039936466
132.5486521645488
122.18718747449873
247.43248649150587
120.9306246318223
129.84450760080745
76.11014188342551
88.32095489991036
120.62523626631025
40.23562441923082
57.940252879327545
55.00642296343142
75.1608549259056
103.28031660564739
58.53095132350711
91.82736480077472
120.95893830437763
138.90877893252332
16.268241408579797
231.32988154318105
31.480967892088756
20.879462196949305
54.59671187985521
18.85984692472175
96.48835078688205
186.5729590678941
207.6931378980929
254.91493710786563
263.5792380957088
289.08855423819614
310.66993674005346
358.3073350997669
391.77845367183113
364.7336888977594
456.50414303369485
529.7045484550151
549.40306450996
581.5301434958648
439.47374918269804
649.2117583734422
524.5666343707204
542.7068508493116
604.7360885783855
519.8289136801963
541.341926419748
464.90447408388115
532.8327302955772
516.9866556209493
476.9688376405189
446.7340241478714
439.12522905324784
391.2122511713118
312.7961077181484
280.69281047641323
253.49223864629369
286.6534945688195
324.0998879955496
347.0185425138462
404.7350078761682
455.981252222943
490.5826234971422
487.87065902816437
417.3094671048625
286.5949370114239
287.4272057972979
225.25724115886862
259.69321527696377
189.32277212311396
111.87126064173128
112.12400529917949
58.43646770385834
44.30902072329633
37.63555056547551
43.4820807364041
82.33845448987654
125.99845868605661
147.72085951685324
149.2585275862508
136.42293489326693
121.87182730014968
80.62546822956068
45.74684242864089
55.76109616069914
69.80125705111067
111.96245694611355
143.82311023012352
171.67929940264003
182.8620320116599
178.2763210079289
180.357257512126
179.52590163976447
176.29448068475807
178.27063457871503
177.13393942688822
173.08067965913426
153.7873788100198
148.7766974254435
142.84398292775285
139.62831922962545
130.6866828067445
128.86926106802952
122.65978589408468
88.64316051374948
49.99620539151584
25.909129808551995
14.139699228245831
29.30665547531646
58.56454380013679
95.17240640593121
105.18926961007554
94.56113980612986
102.25647838388704
131.8638973637763
170.77969116480477
188.23932193600052
189.1770331253249
183.7049773401394
178.6733969077676
176.85966677048344
180.66249177422668
190.77947965113634
205.3154586100025
208.0243485487179
195.28728077407789
174.42511650762685
155.34951560909616
136.58348665266692
137.62622724304475
144.61850129017506
151.32652064156622
149.13261316387775
151.77721180135057
179.4193452679778
201.57010436201898
196.8841026610291
154.91492284125513
114.92398674999322
92.48951625365908
103.99322669037889
123.14645057525411
121.42639044399249
103.85435335012608
104.46826609858692
145.3274177252095
188.64390642729433
274.54553558194596
248.63002756476675
285.9608952236748
286.2680862573683
216.48927931157192
135.70429019471152
19.295370018218932
35.31831651812445
3.681165172880469
51.038912320717884
64.63776604926272
27.55921062468468
7.921710118700219
46.10380257146181
51.99337084128484
94.53999746331164
124.8074702043046
134.16845429833558
109.88500637204851
97.83095227751585
82.11406812070328
78.32209367631157
90.11655676823426
112.95810380144468
131.45755229401692
150.58573058054424
170.06287679750534
137.14559000865262
2.9886601833454733
25.7446608325792
51.577916607898885
75.41268576499198
85.1127657453614
82.91777528051404
72.83552099220873
60.6903550979319
62.746046020526876
87.84996463577482
109.98708496600983
107.32375824531522
75.76721985941055
50.77429423804517
37.39091967400486
32.11788905250796
29.666691832666174
35.55181272643614
44.38304425211311
47.981114569208955
54.07667189420107
57.88924721140597
46.33092761133173
18.853707356457335
15.004155022929126
41.89226262691119
87.53707966926265
112.2853559455126
119.5246793949807
111.04958987999669
92.95950831406032
88.42891587801898
75.19169770230877
55.974145837067056
43.80626378650419
38.38693965580211
30.46859367378505
30.165953653524298
47.17754448310376
76.85292122268709
93.2431603850402
87.97343455162132
75.91553923371129
71.56473266904459
73.4616006990006
205.1474172193673
127.71453571690205
81.41921734316395
137.106600381077
97.64509791390702
137.03434820503446
166.0487025434959
169.4610610250898
144.5335932206845
104.29743389865178
184.33923155534626
67.92694968094685
94.10364930712251
151.98626264716023
82.52434702212861
3.974683021832334
81.08151444585326
84.93688032803914
107.83395019038721
90.41387971519305
39.86591085846521
97.29281444529033
69.62874312740166
65.28269729230351
97.80269437559105
133.6043350390962
259.454128924732
328.2767365725922
381.1765536452792
363.36081654589657
325.2013095461757
274.1217854053783
300.3736170723266
311.13380626731464
358.2367044549135
334.1786757140021
300.8396409942352
260.3810533160979
206.33772209461245
351.69060253656744
357.61674103424934
365.6140226731991
394.71940933488463
344.29009479522335
365.28249256785807
361.7930220931586
394.91335812952855
312.368443800613
283.20089754592357
378.58900324554156
415.12208279196375
316.8509815860066
251.70586774952494
173.17909976401188
263.20691498804285
311.86489645796246
326.8781278979818
299.15148059098397
226.54509662027635
219.55950966373007
279.3208053422986
344.05548484056385
289.5761116492454
272.5805637325302
230.77089459045055
158.7478967470197
188.79313162246797
193.52451123598814
200.90815636851778
16.014348877409475
222.48030916626465
223.02278482260647
264.51730089049283
110.48595308614449
56.93213563240647
26.6374838929587
101.66619165818179
144.4017293879158
268.70838330507445
248.7585282280029
268.8256389256644
128.51093352271369
231.87272277697934
160.60683161473457
226.6562685547301
315.83302654190925
172.10611817197173
261.91331446245545
206.930693659064
168.75363651838165
202.4839999224655
210.27376896381406
155.51040093572556
255.07905861138852
254.15299792955534
277.53300768920167
215.95897025564614
267.8981098303318
186.32777280411528
153.40412467362626
193.4523888523729
230.8138789783095
103.21461451463665
39.87071345656159
560.5142846296137
520.7406249811128
325.03998510534325
325.34481527770197
103.75365854898303
294.48238438544706
215.36421903775863
93.16419681708533
3.1549207430142587
21.095301576849465
34.8396860501357
260.4907452576765
392.0328085743479
492.92135561413124
134.36569412972267
106.63976530545438
283.215397144661
531.3316260594722
420.5824984626188
289.2144668019905
712.5338377604546
672.5186237470562
663.1291769838215
579.7576408121352
550.0371908579659
780.4745298604298
504.26702219668323
1100.1525403515038
297.80646872532
818.5254906135542
240.3936497967452
1075.359794741305
855.4667701206472
800.1354710037988
355.8684573118867
742.6033183347099
958.6140543857857
892.999335422621
232.71982889766332
584.6276430109695
235.3843185051894
184.8494769566255
222.32069702651256
631.390291364421
694.8886614715932
612.753816306995
320.4680413327035
411.78784967900435
196.0886034295604
344.7138851662343
225.45972856703025
132.31442082793893
28.9955408205999
26.315882437930554
12.400459136991799
454.24905892441075
191.4753202406357
26.37820946102636
156.8600097540933
182.32594524691012
263.56412987903
321.50177615444284
351.4696206817903
619.1473618659714
735.7523272686749
860.0622547055241
916.9625906119638
922.490844294589
900.0844135287153
879.0819285097709
826.3820308760285
733.791435025871
601.8298646053463
666.6275672938443
613.8107253336591
482.07580008318166
397.0296361798492
245.31127858823982
248.23540028007358
240.1592691994685
293.7200943493248
323.76148574086346
421.0424746625851
499.03147866833325
562.8814447369359
648.5463276607444
760.512648140283
835.5699247830742
831.4442603797038
803.1708766228976
771.5511130030866
765.0332596278076
701.7112631420516
611.2503709046795
461.52966049771817
243.90116032876938
60.19271636001986
28.426911974768473
29.082803335671088
22.126830574883115
110.59207053628484
137.46060633810725
75.05111168676854
138.6581754343497
86.11745031314638
110.34439171873896
32.65578826254563
19.017996546940367
52.568151332790364
92.72182513201057
131.01144349699535
167.23772223371196
198.09545725531694
222.72376962544024
232.60531403831817
230.21559216411276
217.91497868997214
299.92707919925516
201.22906665772598
204.5362588862278
212.75897859141622
172.1097238411001
271.38762659472104
261.3085005638362
260.093635350651
276.83176910875704
283.07122582350536
276.0986847868701
285.70177128427724
273.94804270088696
262.87612947684636
229.70196890826656
202.16240327958587
185.98211085183868
207.4940918267588
242.02663441630006
289.0476672321141
314.92630417963915
328.12703266806557
294.44108672512584
250.74861205229632
255.94818784160617
234.40526607869236
266.7869153521232
222.26737089152118
246.50080231957162
267.7109619198012
287.7703114761658
281.30879934367795
282.93276329531176
248.08664429772153
238.08035571246614
245.23205033744915
238.18459415606463
215.99353647127742
183.6421364300653
244.12082358335624
149.6894534878025
154.56784418567338
136.22728428478496
138.21376152995072
151.10780861405055
177.51340411198248
206.98991425602662
221.6532036296278
215.45019211562908
194.11709468346783
177.8861467300846
175.80520915010993
188.37651976187698
194.69230431415855
199.7816693119371
188.5525571591519
193.40302718422726
209.6467920209427
234.1712346214474
228.78737860187658
191.78837245637112
161.75660996681324
145.00869263641067
151.95176627148476
151.9626701238198
149.42129947367266
173.98148818757284
185.64613547687804
206.76599230242448
209.6303522795492
195.99482733668128
176.09570888820906
153.23657468161997
112.2425218607703
60.577377451970165
38.546549096854164
307.57085949082466
64.82575529415169
575.3096324416069
85.67817553191242
32.5407558645104
1.7481822213569558
9.22073269662451
40.71417458732594
53.95825430523962
35.04447811105376
31.34023720782517
67.51187428758101
109.8039435327297
129.50486126200536
128.73284712038298
140.31586469238988
143.6393971375319
143.99388627852892
130.23556247453354
125.61038152088571
130.45864812050525
147.43048512136363
148.97532177155705
275.99808435517554
412.4747180114477
114.14574893505988
118.22203224351273
89.55676899134602
80.27712505737622
112.49849494689903
154.9791948045709
167.66406760856688
140.89454269193806
111.35619864715409
99.50986674480862
115.34289515093093
146.20312784973595
140.1302635606334
104.52022106644677
63.91748494228693
96.34624522679633
182.57978928242756
178.9382525383096
505.27139716291947
301.1058414389987
366.28399955773534
245.40686687144978
128.9170776015211
213.69341301312647
263.3279541718227
279.0810918120444
280.42616361400934
203.554511963677
189.02311271499963
310.77921158470133
227.90146241149023
197.74771802915598
141.3278615296731
292.454701215465
19.687706228056868
113.38501289540568
9.277936751431753
14.664846907600804
119.30878925056857
163.24297976086257
233.0906691171392
6.23121870032503
233.6113394937811
448.306781283491
17.229702816238614
141.855123008374
90.46969189464312
66.54710634834555
31.25818307170175
3.7618162595903186
25.375330441565893
22.10580927142587
78.4718713778492
219.9816248415384
81.47467756131016
72.12107892574386
57.597046567896655
142.74450080006307
50.55429928125727
67.31200233341917
102.93833864740111
86.50274740146733
34.82817368240569
240.41328914945655
136.00253233923547
183.5206660552534
373.58926105365003
318.3239731217336
236.31890438327844
161.39643563515335
352.86680504052526
207.4993282028529
250.0117866882673
244.5131311296078
305.6075501366
232.000089249893
360.93099973605547
285.93679258937766
324.18427468446976
255.5614791593606
277.29894533156573
273.93752303277836
161.7032021694846
180.73686086571
171.7365829845312
292.31694067692763
240.2469917932175
334.19903268548467
376.8675666368298
73.08495638756858
111.32915699702994
265.49345527731157
327.25906520994886
493.21522558662696
617.0905844410429
528.3357318640428
586.5756430973349
553.9048569541103
576.4673594523899
630.5044768761004
595.8616048226361
630.0542441392856
622.012338657159
641.8192248604109
672.9648318083825
575.1622872992077
641.2329695910832
640.5260795466854
525.2007877548056
535.799958249182
534.5131970841253
632.0214933975917
687.8246087549901
734.6286099499935
659.1229567849891
670.7621556275355
719.6994518533259
556.4988830134082
470.70252665316366
269.8647820642084
416.78156801945875
427.4115372219785
305.4870664228529
94.45167598095031
268.778301789376
107.26052937725308
69.82429663713685
131.20294822081473
191.2523019033689
3.614971268104341
111.97531061906068
254.430043985689
484.28161395065143
651.8880251846347
1117.5266778774135
710.1604362617377
344.4737899674361
485.34197639650154
802.7047151545461
444.68182311072417
43.122213471145756
75.54693387748284
236.81637947081128
401.7054345050401
295.978710467208
471.0374476890431
65.6607077304468
73.77057593042696
135.9105950572516
371.16039570229304
207.96124457293513
194.34053940020726
941.5351352348239
132.35916668327877
488.4684431094904
463.8827640312709
624.1364555272526
340.78388245012934
83.65939772438378
377.2994120411504
507.36687006268903
288.33491157828644
339.71005406260633
344.48743277503104
482.7096812845382
534.0001258961386
712.5746044016871
597.4230068060563
334.8799051955191
452.356541472308
267.0602971610622
212.55784639457443
209.14036730815405
85.0929891549813
220.13581559960983
461.28041488464385
225.0490105343223
180.51314297601755
190.31041094448165
33.47830950625507
208.95142282874792
96.79272218049698
242.54529945784702
364.77064003210273
420.71843336818836
393.85135113027195
459.01511120730265
150.42539500076782
7.749207929538443
313.96188201857024
419.44020570713053
465.63831854886416
203.80850230444958
586.204172816348
586.9592509858063
403.12445229614
585.0369311188871
265.7970712900931
386.32634017877365
582.7087026234166
767.9689985473124
867.8545579432484
874.4974169677186
945.5659469198675
942.6188750743546
643.4297996614767
730.8474576835212
651.253602393892
796.9505622060693
777.7254859133487
665.0417791726771
712.3242878744818
421.44639431051405
186.77501081169135
431.25641360236534
236.034428405374
516.6243000835142
635.4171856895128
767.8563738816698
936.5811069197493
1044.6926719974185
1026.2268642158097
915.9036992267614
643.2252051839442
627.8194359179441
407.4255426899256
472.4303238660208
175.50658467839673
103.50017339068415
300.84596352469237
293.7806121525434
338.10537729872635
315.8124789926843
294.32790176601384
198.45472090824262
94.54147859827901
198.7206075746517
93.06939855829557
52.05132565839165
96.33065981992735
139.33091988841852
188.25879029381036
230.5172779726267
249.7959597393306
264.48183760662477
245.91462111066494
205.47595748106187
183.362896160935
191.32591834785563
233.8556198175542
262.23083196154886
254.4865980933671
234.97696784438205
219.76374806689273
329.0452712191815
155.22799664058243
174.44195270647373
159.5657554814169
126.09427403311503
115.55725299290827
108.65349477557066
96.35392152502135
24.801439073139818
29.610472584630088
80.77778667299265
157.1967837924782
174.57754679368662
157.5917306969469
146.92529718966335
143.22003953952407
146.38765786920118
143.42863471633422
136.19127519854294
119.70616789153536
83.53497234502458
66.83245143041779
68.03917889989049
82.47512723203647
89.43170248776886
98.50236350683662
103.23866031771871
92.00915512103961
77.16360468358204
81.51546420222274
94.42829096009439
119.29942738624987
127.84624382481627
123.86409329689008
119.03131390493729
106.63216742905973
84.78524320212023
67.19960940451705
58.209713224084624
76.69413004098033
132.50084802457377
202.80051677363326
249.83037572900034
239.9462216440154
201.58013159564393
139.92093029100323
155.44660780643937
76.03564436505616
80.47107301029104
99.19273251728532
117.36884312204438
123.2670612150722
112.7499595202641
91.3553501470937
71.40279271397208
59.51715582720311
47.138686022989816
5.992051056123614
5.845820958210254
22.409831352123774
16.1997366756608
5.83753791718982
9.370879519759796
32.036674391287306
61.3136572085495
55.58166225161375
60.867059297767526
55.442211414831036
50.028980036472774
25.913624420283213
12.220649522021972
36.760130191565395
37.45655852827525
25.238415882994275
42.63656291569839
37.22232704171796
52.987937859149554
104.36183653724333
76.18796895764149
114.53508924128886
7.296755804157101
214.71235140320402
358.15611295425316
35.64080997665445
45.65495760793675
39.24553471830785
21.179428714245205
9.532926919838701
17.07541440136498
15.677733392861228
29.078095483939137
38.483706073447365
41.19645269384898
39.404598405007675
41.366297855242976
47.62881669933165
52.24250684116652
62.31170330482638
69.13171973091522
74.63750921149938
75.56773380717459
82.99842748437686
108.12963940232225
72.2031676625279
65.04919225528022
36.115099427134965
22.112375776704937
11.239512002316928
9.922697556143817
1.6347961327386997
13.398512574239078
47.422827205173576
77.30889734198757
73.20103265967327
37.1465793706721
6.782683393678155
26.68221296877772
27.739464353305152
20.132457855806877
6.066970564102405
4.54307456888688
13.598678630454572
190.6564875295843
94.24677869422953
32.49337535460245
254.33050952230337
24.33475885073267
363.1260309500974
246.67698532605584
337.6903163141585
192.00212915550333
469.10861789435694
47.67119073578215
81.4223797874231
44.646920697891005
64.85183751168586
76.25554134617244
102.02626905989644
20.161940063193242
129.18990576851422
33.05078953988618
263.7151707358531
19.55685240794685
114.4391610798192
218.63842964930632
252.74763444350185
103.07749204096979
68.59358901321184
8.810753939070878
176.9670471151278
465.6659446897131
164.67624852424342
150.14068275002853
83.37515761163377
158.07270800007177
127.38857626374613
234.1525782016913
177.3598784632319
196.82334898681688
261.21831751476236
18.32480798693507
83.0932462427719
16.78066190604659
270.9267179744646
250.59211146213318
284.2829086512178
280.4771689620105
43.34795343648523
105.97491949613095
232.58023985407192
207.2667023881521
240.42140444656457
17.58137067832854
42.72463523654801
277.9265604061774
108.14349918714458
95.23990954783199
404.9397314390221
106.36093162276973
251.38943068369565
123.47725306798702
425.82362673097873
183.22405208152543
126.13569175088378
77.8744379989663
534.9354761139122
725.8093173457763
73.86623068612607
91.74442038308905
213.74264812881825
73.69406330207653
21.128861985378762
34.21338352709245
251.60741160612292
193.80155560026878
247.15175676964304
197.3186089472972
14.186635082227667
67.8819434418649
92.89865575401336
213.3425398396937
40.45895713028813
187.39680073486625
92.3461798096132
77.28746202493221
58.489412504290385
99.3673679469548
176.6643111574199
248.9469651382069
485.91206102336446
369.9328506974225
300.7516009005758
241.34312239613564
371.86373442016975
260.06277986096234
324.11112323106
359.0865480266789
274.9446195982391
272.23873684019327
697.3980274460706
456.21460015432547
72.06494442265534
21.181281279642008
30.088404988684943
227.27428791616308
30.715690469810056
98.33297402592177
10.824032953788901
6.8033650214581485
28.70823859477082
249.55241278792403
562.3273539364383
641.4671919614995
762.3769938138221
1424.9721185038125
653.6822213940048
601.1195590458371
104.60878121124665
2.0179552560573484
141.08539509501315
145.71024126474708
46.08219026008328
177.85828646065397
116.8214334513907
511.6309315443757
612.8137884131145
142.4325820610636
563.5870647440042
174.91785501468667
91.95721519099902
748.0579038705037
1019.8734456207898
232.53449298133955
392.8287371643803
141.75713344748397
118.23562587702168
573.6733369132751
648.9510495409719
263.840135819813
397.08194551590907
0.8526236649693146
301.2047611904526
153.24438667547906
255.9965760154024
201.93587824371843
92.86300329850962
165.40930871308205
102.90058290961463
289.7530266787312
336.554784762806
275.64758954938225
284.7304517302659
156.0677052319527
245.8332300150837
269.82889718202284
112.99418304046651
350.1348970861411
644.3321036111752
694.834747368555
782.7097401044947
824.5590764023392
815.991285448465
759.197145384797
714.2539994535332
575.2384273133788
608.468896427332
548.9541737250619
466.55275067647244
392.48525983099034
390.3921380469478
376.8412673119891
347.0221858677428
315.15977183205246
260.13249686420187
181.55979901430715
125.70732277596301
139.72533159972812
158.4628851908625
205.6477534465145
227.99074348308739
14.65464535723811
276.25718257287065
318.17551487550577
372.7092553062796
468.219070746433
559.2142771574389
606.3639219023872
536.4810737289796
651.7394470668083
329.2730859312775
511.36444934100143
264.0993327426901
3.1020573915246814
197.44763611520057
265.43838710912473
247.03652782641154
319.89772999510114
166.81951744980427
156.57435477209765
271.6446607074816
110.29334719554328
6.456724672166047
10.107456233530797
40.42831588005964
35.6155942645986
14.378315893246338
51.276329057289615
80.07043976093581
118.3198589988055
154.70882082150848
182.7078293011208
188.72456093414837
172.25165181250793
113.0563356698205
234.44917680597388
217.16314873285694
202.6833823146019
201.9598336572074
209.44557329730458
212.64697122886878
212.90339758595843
223.63932713156169
241.12759102712766
249.9818666887055
246.4116176428006
232.8134742055762
331.9865852872428
198.48510485338159
291.0884984513581
363.70511770422524
218.06054555385754
229.4297594284783
237.74072502905813
241.22810709660484
252.32358457433804
240.54961273808493
233.8833260210876
205.0979475284107
172.7191767792304
138.15319092572213
137.08736997616444
155.06390972172568
177.2926622697259
181.97130430916633
306.8343312974035
303.4776713897719
366.1122919038003
242.16282611923447
249.0351296672011
236.43051977024192
227.8263081345708
255.93932230249237
225.20020474588756
205.54873348691046
186.67354281594027
178.17776723871384
227.19877782566778
270.99338266660095
317.8493434506745
262.0964342917701
200.64498214517556
197.09945855101068
187.85906605946047
160.88602021897435
202.11267172887074
127.03986603436249
159.6816327752951
179.64999043840163
150.97553288236935
157.03082808235501
163.86424775199322
163.90945477247323
156.95352157458484
160.04748130162113
170.42650105316193
183.10642601218223
195.78153747306771
193.66563484175555
175.15879554551526
151.84217994233654
110.69928100369413
101.70192300879455
96.59948122660433
135.75484545873843
139.13820944831508
175.91698836535414
175.41471261215656
175.9491209849753
165.9874128592602
151.57585733070158
142.2264764682027
133.98548271204334
124.3993246377866
116.87504968409024
111.83517929111088
135.56747601388088
154.32657593173616
192.01632737169837
178.59336791383595
136.45636494970245
147.78503348683432
157.8303364468532
161.25896068541687
161.64176610186195
166.09661525625103
171.74255445970095
177.43789703404815
174.58749428736343
162.01340395849962
143.86220074381578
122.40233350714408
118.70436130207139
129.0492066512158
147.4178322309541
146.46914803814974
138.15336881095294
138.12921529222547
141.52218394307113
147.27732782418877
147.73531302363227
144.54110516984173
134.56273840172258
121.08013586888814
106.365114069409
99.63367703725481
99.18581971795493
126.73196794854812
134.5028378101668
163.12322279865515
185.5738262784012
188.7155486834764
189.96787136540667
182.1075681420707
161.76059247165966
304.54206097095215
483.1001063734823
329.5456670014868
221.52325552166508
344.716062460157
113.01585768052229
283.0520686709728
130.06495559387594
124.84820228456334
148.31055659686626
69.34023649860819
38.37207576324988
117.69066622022126
312.04801728799737
75.79537378503926
54.83710119320415
88.51398151418948
23.243789473583092
36.2525786473409
21.125217721922127
2.4449156138913395
73.18799172668105
26.779501197766535
118.21480970859068
88.03551137988029
42.50878278772291
84.11068853720792
141.55734354778656
125.2120900985899
119.10159649627133
79.26430446931863
83.21293541131342
114.89818991391235
91.15016238580097
115.97058570466982
94.54578724155795
18.593929080193675
153.08998814317022
104.98991157996977
73.45032866130782
106.5007419117843
45.292550779150815
106.46651716100882
113.56299971520173
215.3736920565018
131.03867760233447
118.04728926891596
348.4066372129854
350.69177342113767
339.40204787287564
250.9452004480163
223.61808805801843
201.19154131776384
85.04559560673738
197.93811164342583
211.6939585704631
115.37435992478947
2.7576678201382947
288.1936294576467
240.83449670261632
20.712326783158574
92.5114869123496
220.73643043995935
76.81749078389066
250.96031928745663
275.7137398898236
271.7108399826742
328.20668684615725
272.88025150682245
139.70213886187105
250.26390082321586
306.51773895005294
411.8985424154441
433.5313236984705
499.71583402942247
571.7679111033735
561.3953008826843
553.0937181387975
511.4718141145828
425.83950075028247
385.926116465776
540.8902763449099
581.8248379787971
590.984825990947
514.8868189871855
523.2505327312779
483.9819116515607
504.11040936291056
509.899303140724
563.3593977402509
577.7143145850869
609.3245319501743
491.948082629086
652.8148139485439
594.6364853225236
500.6666635159461
448.85485097057426
371.4847711327609
459.91314535230197
719.9108887161659
359.87030437607325
472.28853765335214
306.166171826722
193.94216470878496
150.68634260283977
3.2420987994945563
8.764022795214373
63.97407122085406
344.2460188081254
26.0058562739772
101.39457665948225
771.5148168817074
268.2911265683074
107.73683576345593
211.65143915337262
138.84026650409805
43.453051574158735
60.29332948988463
592.0836692931364
461.6176153737989
79.36060585915061
140.52117039633026
79.16927048009347
108.40543843331807
127.9372460302568
77.85450546393395
271.45915492952463
124.81036086647714
267.44796160523083
401.55832191262004
208.6206652508713
736.132172147722
516.9162031353612
567.0668490036323
658.0529006697157
406.56447494814597
886.1145328018953
384.5862710662732
441.58069829859005
407.7630254139974
502.6177760159053
450.98584116138795
158.02534843658964
379.2898508876691
525.2598037278561
134.58336903475174
333.38380934069335
201.50892541196743
338.27052248320376
180.33615138770722
260.4814238715368
191.55550415480855
143.40831026578178
130.5045547619103
27.05977912913454
155.55453337926735
71.84925786692622
134.10080797130456
162.5168053075505
144.7704732368178
119.47109668530697
65.23679596927593
25.459335231923205
133.38606662631105
19.080542377549477
21.031478477490168
94.21042279791322
1.2520751404637167
315.503080328128
26.652314775617015
142.61245577058094
154.7796208279001
120.4649581345866
306.992081721535
178.0372984044784
53.94203720700966
84.01308440842081
77.56569668647944
83.18589750067758
276.78961071660456
420.2398630121112
488.42890673633326
566.4612460162217
607.9098873992083
570.0902653415013
525.9268213737629
637.2258554415142
654.5984349019221
744.1927803377021
867.4807525978475
672.4712742571203
699.4134949582613
403.9219599305701
548.0560621198048
408.57653494952444
258.3511322968758
391.62289060517855
408.6609546368102
396.44162308431453
332.89644881462857
259.0534400190244
182.32501144605078
108.62385075619227
115.5322101180999
169.9957541488086
276.4166998406679
297.69150601206024
399.1660526760679
519.0132183158287
490.89671534090553
529.5553222509458
538.8582259634946
573.0023797163439
611.3899769638823
772.3013907433914
839.1194796877669
682.628843915245
570.1175879409237
584.8484953986755
469.9999482008882
326.5083353857125
190.12774957010436
122.80582789796244
25.91614343807055
102.17662492219358
336.93877116198655
17.09115896088906
125.50601999579806
159.75347925209678
195.45189216515143
169.93418196784728
22.753541228674976
104.78539947336765
93.8503357269334
22.442799146561242
29.22592165642618
55.38446705345626
86.41285479951608
123.0410413872305
156.64265503370967
175.7892628149878
172.78501902900706
153.0625027631711
137.31421007224696
144.74238271878284
461.31917121777866
241.0056603575083
259.66613047107114
264.81353210965096
259.2683480886346
262.8813793155179
272.7782954688821
280.64167029495945
269.3570887072186
246.91855761555684
212.02569838640227
226.78746429767875
240.50434958937473
249.74194039504914
253.19423446496944
254.77837614756538
254.60885689558302
249.91631093169207
237.2036173308697
221.17639421699465
209.93712570384486
206.16334962256343
209.14183195410277
211.02458692554228
213.23176587873957
209.68782744470616
211.40785507946993
218.134784329139
233.88346458205882
250.5611798987207
257.43690010724066
253.5852988531878
239.91721980447483
234.56685143359994
244.08305146935623
260.5485801125775
268.08667401314904
264.6786200038174
254.06522980967372
241.6596464760584
230.5990031356256
221.09363753684386
217.86069813707473
221.9086108058445
225.8150287772869
222.4200750669719
217.3401392972185
211.31846640057165
197.37379410855493
270.6179587728704
165.5284980533678
197.73489312581052
173.4744472733778
184.03267354155827
188.30108279893017
189.7278682253547
192.76386551540793
196.77003557059334
196.30285255757593
173.2764249787844
199.60712823885007
173.9359100651319
170.6962421677244
166.34544167149596
167.41780083240099
176.4572016932409
186.72208666834166
193.02209473657973
192.6582602743161
190.4559292677872
184.38781178298422
175.927213777394
174.1174078913985
179.97671529800192
186.27247837681887
187.6458486672575
187.9247549904975
190.3187686271405
202.3865337957493
192.5229253612929
187.71551389539155
181.27796654323367
179.30843842306405
185.37554518360872
189.7980991842809
187.84377308218922
177.54867827685456
166.9377378978893
159.1748267513538
154.2251822532591
146.15263350305236
138.38558078769796
128.9869394739323
106.21857747501917
98.92492574409835
229.60696447024577
89.49464317606487
106.76975197354284
124.71450423063891
143.38245409404044
157.22511638463067
164.7151052216339
171.67562681217981
173.82449214502827
172.74215264955
167.06882708582043
167.56426967284966
173.8422464215417
176.6084566073324
173.92432954006364
169.2692753722069
160.5157829891
151.2292505882525
147.0193996156508
152.76064365966874
159.8312976442341
160.53855635185852
155.4969731748463
152.29324720622628
153.9799687544538
156.33331993938418
157.00729933058204
152.46312983513081
142.24173678341447
133.939553884497
139.5468489045901
147.84899627674105
144.8227310733722
135.77251126945907
126.99032133680396
127.2872910810969
137.13488170632934
147.32673334415455
150.60769308802332
149.55731261396676
143.22437080688064
136.6263106034442
132.27208923794524
131.01747934305848
129.9131601348388
125.29285778119504
102.59799711436301
60.41360285766012
102.01580948940699
115.55035415005955
381.9587971611745
152.4759700734861
388.05476432486716
181.41814792103514
91.97342000040499
47.19660433096681
64.1627560734164
85.47827957074816
176.68117533559422
419.0269915496871
281.80788471007804
192.56627767922657
176.38480360716937
42.19879018361462
167.4642386301997
196.46862193596428
212.8682488560804
162.47834591728906
255.23678046547298
239.04003444722275
224.5918182591655
163.01485531151195
131.39145698604693
193.5354408975395
241.49685007844266
266.08728530732424
316.21887693859514
335.21924881299765
253.16962660823492
260.2516243383184
271.62606946787946
206.4433404343763
239.33160455606742
177.65995230380474
161.6218167168471
171.74084678048973
173.6180941406658
202.69935196767858
147.68826288606738
239.66448833743675
209.86979971325525
173.99162303186915
307.8562121032579
342.5497232347582
364.0262386951955
346.01440372244986
347.62422080844783
287.6434873587849
339.45828338589683
288.90720183051224
261.78630279429035
256.42891568936386
108.70632172792091
316.63973040882115
309.73258529475277
235.31985027869473
344.88890145865616
333.3151599154925
243.62289488863405
326.1121874079312
212.19111534044475
171.81788206054432
205.3181526622983
214.6001147184702
202.7482563447196
219.6016500577473
211.47611463289593
296.4608361840018
332.39946603639567
214.41696805259835
64.76362484511469
255.69708500564366
455.85463725808654
194.9015989781983
133.27108794076435
41.20475256953023
118.44737850510887
4.68318627170629
498.0720138878735
427.5122709920331
470.1545731347833
566.4917120644327
466.2765192460927
482.5068726381753
607.2700058564287
383.4239125474403
388.6032855615174
499.5128709709004
317.3800886422448
305.735448913289
296.86961861292457
350.7343425794279
364.73424621652316
294.91394806610924
329.1163222073876
381.11194759533646
395.05423010851746
333.36786915558696
329.20120039087146
192.17135851124908
784.3681668934745
834.0844162808941
594.6335472828379
352.4776143665854
195.49095725770258
321.07966820488025
159.13735285147197
97.30007836047378
95.96164307863
124.71099155339562
162.6205237859756
480.36745081471645
1602.3694239092902
1482.329222764673
777.1757970212907
241.161798892026
416.688222628209
741.5450143880239
381.6845969153276
357.5059636912399
27.16329476904707
19.380859588091198
357.40252308781305
321.09510862576053
12.385537346243154
47.942672625463956
824.4340987558761
509.16599308778984
251.74579121271563
197.67372425036774
11.647285542892632
580.6873491597402
709.1575026292297
306.1965725418536
244.50347745474346
457.010935233478
457.5769989249013
136.36915042703686
81.84074262815648
188.07532523569057
363.55089951670175
610.0616252853779
532.026791279077
535.1919247359058
338.83016778578803
338.8321159687638
496.9155076624744
362.2191354539917
287.9227850267172
250.36390860023948
172.11663070452096
30.32862240724478
94.19681778597487
64.26721033608999
209.37882888578292
222.13022678740163
162.79482304087423
266.12543928074797
206.2033543727273
71.71863232226201
135.803853525107
303.92127427220225
73.99329231364914
207.74470328346456
266.6923144037348
127.01469882510457
238.7094667481283
283.37589734793346
364.8568310632028
399.74356147020274
541.0673916477132
647.2968416553284
575.1359624545463
644.2235755237294
598.8123628722387
726.8131433718984
987.1541141310062
983.8132449598537
900.3494356553346
819.5772752695798
779.5543804865324
677.0538000752402
611.5859164731014
539.9754896567149
383.58046768655606
439.34610738215713
375.01131196951917
242.49560930533096
237.98876243959103
133.41063209739525
256.6672690962207
288.45155669657277
389.4473764354541
462.12857275799513
501.55048960249246
522.4002657700038
746.1555876055455
785.2643790770511
877.8170542397626
888.4097148028799
875.1088109791332
805.7703686214173
644.183404970499
540.0804320434257
433.22413484838216
72.54911950712085
76.65399413194814
175.6895337247164
121.64109852643719
13.596118291159087
186.9166095123769
136.87426150921863
91.00020988374615
28.998444936235614
245.15849627305522
19.873620701281766
31.685565887329062
20.3506528958319
19.423232756453444
39.56007460854232
65.92597379158263
94.33081429668408
126.01704897418415
157.55210197826244
174.85354350562147
178.70155009986195
181.672442561823
195.2779448480042
209.57332853267985
272.1303123054624
429.5619332307283
184.52087279172378
192.49727849429598
198.3286432605293
52.81641530738284
41.758778895768046
38.35996633986571
62.59114278374312
85.60784049816294
93.80550431375303
89.4995499556689
82.36665397003196
74.52249073818876
73.22650010551018
61.62529956302461
78.02576188463416
113.72065350475754
141.22005148750134
137.5210996173745
117.45080864021173
108.38074468900629
101.65215055172797
99.09296983428322
123.5575476699293
94.3173652938516
78.15740962313669
58.850468538890595
336.73267216252736
56.981319756994765
67.27668839490934
102.68962083492295
66.76382505682068
64.61416963557718
70.4491701341583
114.13040658609646
101.52142220341
98.00263020349189
92.08621496758872
72.70320332954304
70.47663090363227
66.27582613184234
96.10692655462702
110.33940790377756
118.3204932661265
117.71548028796639
105.60679064783073
97.77540120321191
97.72780061038259
39.36704270448706
46.939654994770535
56.65915420451665
57.986462391229736
44.37846712525334
9.389141706110422
3.662168806596526
15.367605547003052
49.413562495474196
72.0073715160512
83.76232535165389
92.56704015405654
90.11068659409591
76.62465922652734
54.04648497728118
25.526654453651076
10.258170067044375
62.53412130982741
73.85153165893269
39.002367504026836
11.2937014381273
38.82613500623768
45.73430497384078
48.78301170160222
42.99365874873058
32.5251453779216
23.802277185225364
26.414434103539975
24.059871305688944
29.53678555423852
30.667858871293447
53.43389272925987
79.94370132668178
91.78204890987007
90.36877571022194
67.94410926609396
26.68269266665328
41.97221155871284
63.30830362781353
0.6497502667026538
70.05076951910928
29.143706884178414
10.169523615528078
21.949441655142607
41.24624659637078
38.87015643909842
22.011420987790302
18.409972567669627
28.02687359493416
46.06477909359626
56.29280406112184
62.12152838788745
49.0999346153157
19.280354661496062
1.1794400065362538
1.2140682235292957
23.16911532541411
54.14918444573715
70.37667470592476
65.77433722637556
101.43828288868565
122.51277551201031
81.17623857804085
81.16598174322701
82.76770874425233
61.40609410624921
73.32559682926995
95.86838486693364
115.49594545935298
116.32022529411807
110.77193086544486
99.3966359241943
94.75612635463932
86.80039153535841
86.4617662910274
85.50019171725057
82.65135798047743
75.14658286851636
73.86148483894931
58.704687475925255
12.752063242080737
98.6827358397531
169.45991889072775
49.826794161468
229.80911854534486
625.3810077241694
197.15878374938086
34.21180542679258
161.94628689173805
50.15599928775532
69.28944915619627
82.02805892871919
371.2542325376839
179.8051703291307
17.370041287576726
55.493564534675045
69.42614455487524
61.829452741254045
52.551549391251456
57.11101868101093
115.86982548570074
59.58162369417403
107.24232345529379
124.28623626287322
200.599141734388
203.02718818719245
66.46484815860435
197.83141715229374
143.7930382936364
127.9476523992081
90.22680752253382
58.87682824047772
135.81317240994179
134.79896782647995
161.35772137795107
201.81893377476126
230.15630249363198
218.6443618502334
194.7563841250062
236.6289505326415
258.2794909235621
233.5345778165415
106.86375650806849
245.78869466893684
283.68528662226345
325.1587416565019
302.85098891188454
213.00109002419686
190.63634073753872
182.4056451220098
110.8197495396987
157.41454853783864
275.030768868467
269.22446206277675
284.91912147564904
259.3081013029836
304.0150359082502
320.3536922918554
347.1795649847653
355.4667520149319
312.80494210725124
330.1676224966616
300.3769420184859
288.1262948751871
223.59505177463075
241.202592849226
255.7502460665669
275.1123156956696
289.4949584721155
335.4342512597648
330.4505436456691
302.28913992879393
233.68847598488549
176.98338209725716
212.04586845447216
284.66972445778174
301.2383762349434
265.7731047530824
267.68106548849426
277.0075707063554
340.4809501253841
338.7374529257687
350.72163073769104
195.23934617297573
169.79452639379724
4.046168919021966
39.650100198424525
452.2955082195954
598.2126014451169
801.7752529385089
789.9822532543647
865.515401406813
960.992885684258
881.5851427470627
899.5363006774091
984.110463903007
917.2842978729614
951.3186695113948
862.7215573283634
982.1068095815258
919.9658278521783
810.3071798107621
828.2029851539767
825.1250300215709
808.0990002151898
960.1901300455065
1042.7753142378065
876.0129366514693
961.4443085246417
875.3402118211791
848.092582913386
721.4415443283597
598.6918294057491
1035.0846699455778
827.8820915370184
965.3682019305834
597.9330672723863
473.084835115799
440.21986087325354
319.6218715696119
389.84445342307663
272.7075088734974
179.88326129325162
119.0047814011487
67.24164495221925
34.124592812921094
36.6039653157473
118.27941966813131
31.650727213559662
309.70115292173796
213.32184446334406
23.58438424749147
256.4453047259216
113.34924900225701
54.41718480932025
28.146444909122238
210.41861111238268
220.50263377152942
138.40928268749462
178.4510348594572
175.41004914490804
223.09652140840194
338.738920188222
629.108246545866
529.3576953579211
815.9747204138516
434.1821862362019
737.6566909304822
648.5726980620072
990.8629451281436
973.9189223310874
498.18811188489985
428.32933669288605
1125.5585564802502
493.51598072644015
394.52529618908443
618.202162490059
746.0197370337812
550.5469887196757
484.05238362370415
339.93499073907674
617.6832415949116
887.1699161893351
672.3871211105643
104.24962397264471
388.6609257236903
470.7342390359545
121.07258551339896
195.99711640361534
314.20933968315194
649.4227339045269
652.7457150415019
512.1008209497736
445.06706000574263
476.9066895979197
278.68957478318566
205.677318037497
201.86432428115518
114.83660443360577
70.61985029831163
118.54658852078677
227.89442390381555
18.32455678886828
30.02873907185551
5.088700074869564
5.936816282235611
26.830077272069843
289.20636547026095
38.80946004502198
25.220242068022173
95.58755131006603
87.66549167719313
221.1141054615798
443.8509298871709
539.0265004555538
713.7907862769266
896.5708808061954
1044.9706908857179
1096.8399938534496
1042.0415953717036
948.7242627435689
656.060254484805
438.8961548509394
554.6735808151873
437.2135603047416
550.5871856356848
515.7272714170964
534.956096152007
552.7527590290816
460.71758281872917
448.2321471675431
320.7210935227969
323.9645483904808
391.79160138961765
576.0188596843981
694.9491502682749
755.0527279362267
886.878923772711
1013.5628397903924
1068.3896286922181
1021.5825377309922
990.9359292484538
928.615952325465
775.2253130321883
668.9692695465671
573.3623084706269
407.30020453639327
275.18495168903735
203.4847064423684
182.09737576746818
169.6484318864202
176.44256738887407
125.52993178995439
154.79165126757846
136.79021172427724
141.2088282751181
102.4438829733241
120.86949011289744
93.56337482884624
18.76996761197023
314.4810790160375
103.19571927322716
74.37873949331606
40.22797724614543
37.1342962875691
100.02511373949227
169.44844461331053
40.55373898877809
205.1950504748679
132.56121888408023
122.68000769765672
126.37107906508726
129.6523034929914
130.68777250939456
144.90630474748662
149.89003230375647
371.3875978855599
145.32995420209284
119.27768767005574
85.42661771735817
76.62382158958343
174.79382817745386
95.36271593998234
153.0056729467434
150.8057325933185
154.65123057350428
158.7770002713757
163.66334295311876
167.0822625965327
168.76104713062674
166.79028588887357
162.92238150689698
166.4866625226644
169.02504464907824
175.3740968060917
183.64825390191817
180.9472524286514
165.99826219840287
155.1806340545463
154.68134838340984
167.7399237958274
177.70425394161825
185.575105856197
188.93337900851355
181.2441520709253
167.24934169763912
150.164716203435
142.6232024843881
145.4698935548734
154.91573399061443
167.5577873660391
176.90142664945395
177.18028125928208
167.38060683537935
154.05796810667647
161.3891420514804
222.2686212517772
174.66619159279944
180.4621307206331
181.75869534048581
180.61627923241517
169.93460732662868
157.38861286101698
152.62188597557818
152.70594799028888
149.72721731914197
146.17365140895325
141.58989111382164
138.6896188240381
136.7228094152711
137.04780910807048
137.21426758715754
134.97694378510678
200.44790431491316
174.48548201759434
134.4947686406304
141.69386141502034
150.85028529732222
150.64213870832458
148.78185813857567
144.8663585996784
137.87445693087247
131.3596874065979
152.57571462913177
167.16897920436264
191.99063244825248
212.5261967315313
159.92417179959364
108.62702869206953
113.22745503081825
116.95326399016892
266.04387825163286
139.58499976613393
196.6724467157652
125.87903517550552
160.8322762357223
150.46051686458605
154.23896993487807
155.1331077462625
150.14588703260262
144.72957599337695
138.9387279128785
172.56956379584102
151.59975906654836
156.22159142304056
158.15937088922092
159.37916299618587
160.799112307658
162.5304474985817
161.33179181465425
160.39573608941762
161.00343122708068
166.27465190108595
168.28091090897576
164.98921676612397
164.16528712775087
158.34435038343454
153.8943379613221
154.52267298289289
151.91331843177394
277.0699750051704
150.8694546049088
106.09361738067088
51.20761307935351
48.21746532619818
85.64955770073811
117.9172601641796
132.18692825592552
133.51102021436122
160.3773742147601
161.8959303523378
165.80271339272514
163.14461866110494
150.47061500175016
126.39246214175847
132.5917581950452
415.83227343878315
661.3126316014402
129.78074649908143
51.82739389988393
56.14161541759319
122.6242235975991
92.02223052909477
102.58396900822487
88.44705379341752
73.88218902159616
46.313034479274904
72.84871078245698
70.58134128548915
19.488380285772962
144.35406955002202
26.954658468933644
24.57202619084609
53.849176300611475
105.16465853465758
90.17718040806187
85.51191988197644
68.22968013553822
84.57910619512154
84.50704402858747
108.04360159345413
142.0237979191013
154.99241391268106
134.11589341867602
95.96948832656119
77.24080982252804
104.0927904103632
90.32075157748682
81.58788907753205
96.89202478173559
66.54278475484966
113.38142957865517
81.52212092823163
61.68004175541523
77.34119388950796
98.55032916449449
112.70489446226867
87.82678142048871
23.96604901995329
63.32903211664302
97.71944612367372
131.16334883954858
157.4311151224639
50.38242056662273
2.938256291434186
256.3668835679623
255.6809929539669
224.7194120458089
179.35609780065442
199.13522227065357
40.1107452091012
31.95298375507923
107.59245436440608
189.94352094569467
222.92617845956966
91.98760430007258
218.34758483222947
219.54861705054623
143.1350604283914
203.86408012779532
215.90183046387165
154.2859167832221
200.40070642429453
235.4386326421169
242.60007812509355
255.0688944229655
289.514113417383
182.20325351222118
130.09470689926593
190.40828827053474
329.8696872724339
450.573984500807
406.2635149159437
449.112941791166
563.4730177296105
546.3401080339962
547.9870942424163
543.3577373058237
497.9628148403542
548.2092255769281
623.8895098913392
717.493652648753
620.2205159743995
524.0460525732874
504.4354034772799
520.3642492683667
460.33709608888284
513.8324796553468
546.1312271890326
538.7170735461269
490.51247665756716
568.9980633419127
512.3954301001768
483.1618669803255
460.9680303265676
424.7828611577437
450.96951343907756
380.53572181298614
431.1946775962583
634.4537342140434
455.7425313268219
369.1194985838611
278.8974340108202
172.47272258565903
106.73413935657271
65.34111187267274
36.955075268978646
28.602259937466613
47.95404655992917
81.87257510975888
275.04364074815476
427.62795093338184
495.79374007554406
314.2337590886467
286.4473924806516
25.895028806026062
7.433686571708449
114.5638796180931
15.974888893103639
72.74814102266168
226.48275271821922
94.51657066284076
63.51889335869191
241.15369122669722
113.76699679873241
330.73237321570366
372.36517029712115
553.1464758297702
354.5591129203417
321.01863601093305
478.9787531885395
85.1266284255812
280.97792776660935
357.8133531941588
170.1266655081688
191.75444681415308
136.7822998349734
138.0704554294449
223.37194198792974
272.7693575729978
670.3276526238428
343.7890019164313
113.40520241597596
407.0068582685881
234.4576186519339
404.0892916664325
290.99019398664575
368.0904139073034
321.15572833784256
270.0409936231356
250.2846201633114
205.4312296862105
187.54548097747238
169.8551100258718
147.02896614065264
146.36153826996508
159.51288350805305
53.25047011792117
158.1653615934273
178.8810082343225
156.61647384501975
128.2068521458492
86.55561030312049
40.42421053921487
52.77774250984032
11.945310285227151
39.35430244929347
77.62867322422932
1.3452301864766696
50.236603978088965
115.91327590436032
218.4055736832309
285.76049363061094
328.8125171528481
358.4442125248239
438.29631157237014
545.4880650742168
557.0646992546203
560.2968161638912
609.7622371886607
659.8741455246535
685.6307048049946
669.3696453038467
662.9875361864758
640.400458696056
551.1266657570069
514.1623162199003
504.973184605139
450.8632749289328
452.0363403415625
451.7135069230498
444.36138468748663
418.38307703915933
413.943992570028
399.25682026036736
350.9921182332023
372.4512353235267
386.27315631539943
369.9551682365381
304.8777930435696
429.9297726698024
431.59993980939015
419.9844138021289
443.26183071802944
471.0785159498334
462.8148250662503
536.0815260464412
498.8875646679506
532.1865710617369
518.478550153952
391.2412495423533
123.5370750154741
199.22547510686456
129.33845403559803
126.68699257020603
182.79905234523744
184.67703458685105
170.67617137218343
187.4694102346354
151.1097979086424
151.81244610153038
121.22461018379664
149.8341672750534
87.18959828631137
50.508124511799906
97.42253148833055
75.70716907156941
37.30215430818106
90.60107025122437
28.9458104572264
21.25688878327486
19.695464007393866
90.42088313611112
43.22409199318179
66.31005699295156
59.84867220251442
28.907359001636564
3.4281660764673347
41.80550301384329
66.84599466198858
17.106826137263
60.40528641649075
20.159706492321618
50.174559661284206
59.36580419549557
75.28285810639676
60.23309642652657
78.52719582463823
88.41586030819104
86.34913448100139
72.51080873958091
50.63410970934808
53.782178000519934
42.767227092701376
46.19456746055988
49.869485252343736
50.14427454979676
57.69425119154056
72.58533744975193
89.95676041065266
96.90767382404502
94.43516223713894
85.41346757588036
82.73651607226185
87.36624425667924
93.32209311130043
94.68233015988108
89.25234635777136
86.51944665601431
88.11077136713999
91.95249589010015
94.58855623354552
96.13141177888826
96.73490001082871
98.04295301215595
102.79760327863525
108.18777721239127
110.48215512501619
107.79716386353667
106.60791411243383
104.70825843206211
97.82409212240802
88.98002496245681
78.89763609586572
68.10021543169921
62.37265231285511
58.79534973356033
55.12885817809706
41.18353155085674
61.566784723252965
187.118414994416
73.1304535340866
88.34432596133098
83.38301977932036
77.23917149113402
69.89145817806934
63.04833510155595
48.90581832792941
33.227127645795804
21.666375493872124
47.94643431750245
33.60394274866553
54.903194898626055
68.98828905036237
72.84426352923396
78.44144597322929
83.64140172026521
81.59862807059068
84.10404898390783
75.61957468843576
74.20662670812004
65.11520338570955
50.33272674991082
40.23120714363472
38.370023867815576
55.63667958506858
51.88265699399659
41.956947452670136
26.859292703350434
4.6034756499784635
12.594238194080788
4.470624995578248
19.497166954837553
31.08810086721735
26.234926572213908
5.320223960606199
21.478831444992238
103.54992662532891
40.14538624413353
79.35483220594381
98.85348422588362
83.2846804821641
84.530041417103
73.87398025378121
54.56861861651868
37.999276624898584
29.905788848205873
37.678961686695686
55.465787688239175
76.59892404507355
93.70298286783157
181.18108536551222
248.1076425166749
304.0055263530784
296.6350991829837
233.33587804762888
149.2294481012539
91.56003927139011
65.97560031221838
43.01551847456602
31.64984411402247
22.13311077597791
14.994919754262412
1.9281360782171646
6.539349982823467
14.930305099904388
54.357704691490426
78.67579213987858
79.95951017417343
78.55956326674539
76.93883380662243
67.41817777425041
98.97194407253346
65.94873167941489
54.49336304817194
52.988882224849874
54.110318549018416
45.986346987250556
15.597053195660806
5.325454824476822
100.03104994259473
278.8580981339271
216.82644221895833
121.10381210902307
77.66422907649309
82.22873032739852
240.20352793865032
260.3765066357436
59.465128372438414
31.89642535770099
35.729568379642444
20.21091629839225
18.91431210900032
40.41293517889869
50.136556821234535
4.51208131550095
58.015210436109214
52.684950064033046
4.773160690381246
21.576428718146303
76.08637963830773
59.26532393875749
221.03631482774074
109.16381872499835
19.607111562841396
145.84150635641254
159.17562107585934
140.3961386050504
141.24943606141602
110.27357265812759
112.06434031060678
145.06523678700967
149.3938442940388
166.96527090154143
167.3376576178615
152.45462516297385
166.1374700991355
170.15056983534748
209.6234907328287
233.91477298771827
217.02262090301747
175.45157621976108
161.77922897208202
184.48152755191887
159.44334835093775
177.3821343268703
157.3423395103074
239.78591242448078
307.4726317130966
273.96417148585294
289.1986292740859
275.85426185685276
289.6041051454115
281.91391180741454
247.26235165429603
279.634272458596
247.06425401936133
10.476089407420318
354.4976836514179
356.9706918955475
365.03124877097196
334.93700314621833
283.1378101748403
326.9089044354239
321.2322586422191
449.76179452330814
457.40024104204906
432.9551301099366
372.94162069588106
359.74281871418714
294.16455101156816
363.474707556235
418.7472312104733
360.2004419714409
85.66659763094924
106.0988546671972
200.72609982129552
268.83295110044946
277.3011783238353
451.92912127179216
419.4425723330712
484.3155514655591
435.2244392666994
422.6191532223834
485.03378475131035
456.3241754497774
338.59853552963
417.19224732844486
395.6493167204171
469.1039550032831
378.1748512398344
462.54130278292973
459.15377746451213
416.2222180975664
448.9280050346663
431.43901896399075
476.0793812112861
533.2845124400826
431.01120820962365
379.16547804802644
448.2595697740169
474.53610168147475
349.72166768950547
536.139590650781
792.4363000664403
720.9669673201381
521.3525702336156
337.5023513660616
305.6703636478197
449.64987887889777
372.1356591808957
43.31157404234989
273.08961358842464
163.80302599166959
167.2004907909921
41.99831942151536
573.1537793340609
486.3814811790162
391.56749333216123
165.83684195673266
25.6625955202544
243.99753930517932
412.97883777835546
261.27435554513386
457.6421059715328
378.14460129482995
596.3782687492579
226.8683296835809
597.256864282742
340.1831346889337
22.020420294161795
636.8224324368102
171.25602792260702
572.6139377342001
427.8009194593924
564.3766609505354
162.81303236762255
359.81662075177087
610.8768740002856
202.92680021016645
503.35088971956634
356.9075798440797
376.92595094985904
462.55970356448995
108.93690301553647
326.078926534394
298.4436578797229
591.7608737492224
648.786188553985
499.05878210141645
409.65269900118494
285.03311081350944
160.94538511390647
105.95228548810155
277.20754042441433
219.7521030648404
261.8286823039563
264.87121075032735
408.3594822587756
438.47300980001063
431.8892725822095
584.1217692102236
630.0307687419054
754.767374130399
870.4226162673897
899.0701965350243
892.909362698521
788.1349876116324
703.7816028462291
765.5168720635614
719.6619617459036
664.6993475840363
651.5828869359193
659.9245827693785
664.4874063970094
637.7026158527032
606.6142736046004
526.4702778267942
515.7224561507358
450.91885067548037
487.8159748776133
444.5228734698079
448.64179439686654
485.9562764895991
477.4600649456489
528.1581208687751
614.8862122943907
636.9831010976816
723.9392786466568
709.0864848960127
693.1262975130724
673.0079256769363
610.7262418992495
474.86866096889327
349.06532101513824
236.52248823735306
200.96239224362188
224.73697487768476
248.45208799965167
140.14914672483178
60.2293330762825
240.64160984624743
19.39528032921055
279.0776560121524
155.8559334579578
122.95168187286856
218.66139082612574
142.87820630827036
3.5942929389170786
127.13056530994521
125.32361012834502
108.18929906247257
65.74013218904133
20.60898894297935
19.052698092695323
29.558932727135925
14.527908203370032
3.6273704960727287
15.638863097601188
8.514760790022422
6.817003998949076
44.7940883838333
69.12761695039859
132.03885266909032
86.82473056518643
90.79707657581429
66.2437381756124
52.89013686470133
46.06516114565119
33.164834719580085
40.4817930512628
18.51397322429483
121.73700896153889
170.12085082850552
112.79030427925346
61.815712450366846
2.432864517926305
61.45739628692911
29.300279339927215
24.163320840369806
101.72437080960117
174.46128182429453
180.19171485756948
203.02178490146537
147.1560919466968
98.7320256786706
38.96598478181113
71.0074916429341
146.4055101802009
189.37937592994115
204.05211220168417
332.4158928219091
298.5089999661464
206.58277539994555
201.46733752928452
224.15795488285698
168.1911173383773
191.6027292651587
239.15007759427925
184.02973470591718
186.35335761189907
216.30035977317135
195.1820263211087
193.81736026962125
188.830291590971
205.34731804021783
196.63567193579172
198.53712632046825
200.04443486413606
202.80823141341068
197.0193110250607
202.62866580628366
194.91914566624763
194.3567257552221
228.61696091725167
300.99523915107784
191.4207358874765
177.2487975725221
164.278624245216
153.31998367259666
136.4688147025941
121.75113329909954
123.22589975917981
133.44655760747764
156.09800090672292
135.0591801971429
133.6476772995112
133.54923119029104
141.44231806890133
138.1520580369837
139.55886166307727
142.3557192886821
137.63238966400195
131.57423141154663
118.09722366189118
126.6641787845943
146.359347733322
152.0733390450216
158.79494734731696
159.13659027493128
136.62375392217024
98.73323233866222
51.36967970325384
76.04021423627563
148.4410928306212
168.7414431071125
167.55997484891782
158.62455411892552
149.76116745002054
125.67427195090289
89.52076178116778
187.9952588636482
139.0654627971349
136.47158698896646
156.02182728646403
174.8840476699611
190.09704750096518
203.084445633313
211.7704612687918
219.27358713722458
215.68795052298503
206.64941924831805
202.8572117720713
218.3645278137135
222.15386725333246
204.77435768814144
175.38915727639335
166.19426137608775
184.48250888995892
215.3488176368964
232.08182396504708
237.71465029566713
236.02855404139467
226.26535139479893
200.29380968168658
164.85789276512162
160.68027907018273
145.6256339788028
162.698832488373
168.58686999645022
185.3595640759396
197.64230336538645
212.99766452730165
218.80960453600107
223.18259990318222
219.26543294704084
203.2101409082229
199.706960941177
205.52996550001666
214.22147364598516
200.7845062573345
171.9532835121774
158.2735175007527
160.950229564278
171.57937162802727
171.42410988717307
125.15965088212027
42.97583170768587
45.9213264709399
100.56770311268122
182.063724560887
215.15775561548952
216.98013022603425
213.11300359934455
212.0461476635491
224.24553056314716
238.6188868473809
243.14908961769214
235.90866572870505
214.8707402530241
167.27072456229666
110.90584164080099
113.76573102415352
204.15286334234116
606.1115725691837
822.5825229057111
669.132130860989
150.82213256663977
199.28290360172957
10.299023178512357
28.48842175287109
2.1613966648152427
18.953460098157848
101.5910424278992
64.62575440532714
109.54529083846705
106.42219305899471
106.23265873068999
241.5463754194584
120.9238018491285
142.4030497118606
187.38532751096704
243.30948436669678
242.7936728318699
297.5961859762707
9.880978176555914
234.7240737536804
189.37749235176102
141.12558201886918
239.79868477118214
218.80496331433494
222.11267203948182
275.03610277273003
250.81038750882192
245.9103475415178
255.38036929739621
283.12892784064104
307.0972226093843
301.79689997253536
274.71210712253264
232.39322148084977
214.88890844111563
217.49350197214812
273.3144936369198
255.4828336688338
276.1407101309899
324.7897108531645
339.9460239700454
396.4105413530772
281.59411545204125
438.7057670312199
385.60025561772227
353.61680292093604
339.9198131787946
323.04105131947824
384.0331413668166
363.01477479589596
423.9099909226336
423.90290922819395
483.53819147328136
514.3340051072847
569.4426280355206
578.7968625577196
569.9536078597356
540.7611173158914
544.9331945594954
535.7843377280767
454.6858093089759
473.960506705709
504.8183908816443
480.87954697361545
524.8245517780534
565.6824221159579
530.0799367978286
329.73474427245424
127.66111739128587
202.29131336129922
398.74646552243394
523.4708362359504
643.093067153125
801.4879279920738
844.5498425829212
771.3874623192789
868.3880215659831
859.192351924796
852.1989999936495
901.2341919281362
843.2503812052412
836.131610989406
975.9070923944669
903.6360307916957
888.6188086543145
759.7754352443217
796.8942373675409
847.3177275471419
659.6633134921678
686.4771134033851
803.8569767053718
769.7231935674324
1017.0992192300866
1098.7619215361249
1016.9067032574305
982.0130423058747
875.9163092534341
906.3164355365509
1281.9836973413044
1125.4484830347023
950.786436694666
771.1813307416812
695.3978058071099
345.46806484514354
181.53636558664516
72.08601280912706
364.91372180805377
426.2434868763356
368.7255938225628
81.51283392503615
45.71979157106716
488.6682307309902
543.3189280091779
23.11888367351321
15.444907405054437
527.1113213970948
362.31399770001167
323.6075451592385
478.39215259750813
193.4882402589626
513.6674630493169
98.33346938518685
665.3397369645061
357.80199436632074
420.7866402811853
23.2145282782069
309.84825544121486
106.05647810877144
63.76846875283809
248.22887678797042
631.6131617675428
719.0037474971184
423.11079610863385
370.5855518943356
581.0312113653417
190.06172465248005
39.60445178311329
1039.4736110839403
152.15514277790135
450.8493446975406
88.70234993693066
209.1552586896746
661.6078212366053
679.9955524597003
464.2509487049465
483.3326136091139
102.32130416637074
69.12119846743212
75.6866027485521
31.982069377937705
314.09814320673047
112.38825294176593
145.2557520527289
286.64162839745757
239.9675214260643
237.68066579514675
258.9383960000604
353.67123348258076
516.1293098155559
645.8538736764668
787.1614969703407
944.9851563980262
990.1360961251917
1024.3105018128654
1043.07704906057
1120.8114255718724
1131.247001317876
1115.1793021331396
961.905069936502
934.6354301066999
936.3493859978107
905.8723475958542
835.9695064130268
820.1252221484945
826.8867615490892
755.4661994599134
688.688024776249
681.2909011092031
646.2787571789794
738.2991199114407
829.5935237251807
669.3054984066052
866.1089748549728
902.1154693962599
809.1186205901274
865.5358349027376
968.0611154604603
980.1975925997499
963.8710304940098
959.7934010051565
986.4485871626348
1124.5422422135762
1038.3207964310627
919.8178540365444
772.01061060333
576.973836513098
364.4918869940069
320.88904344395064
579.1100531268457
251.38874227999736
446.9640220575069
428.0810405071675
415.1239499916153
437.39011497709464
453.3564826110419
415.5703589696584
346.40432401574014
308.66976838252083
309.78424467266893
97.00918096839257
159.1112712765488
69.7679721443966
25.539597054678666
29.60000361861114
11.668476970442043
36.8814983072557
23.34482328507613
23.7292873005822
63.86329172251919
40.75019681808806
81.30114857749504
146.27277609608439
12.644203779208738
40.22824005921996
58.73721373652836
74.93966583774267
352.55006679694475
94.53934085386607
84.14852972335473
62.84333234175676
