0
216.0653489718971
233.24064638682012
220.47547481268418
176.96757643654314
149.72449132476146
195.2925959612038
251.364113786168
281.9665926964801
262.10580360356494
229.02411707128584
183.90143791918064
168.90937196167658
171.94698590519772
165.2241541760846
173.68430770126997
182.4666451968306
185.1737783179771
177.91328082588
171.71024875883631
169.285026163716
175.97615769646296
174.96755333648832
145.03571120498782
92.75991385906718
89.99100541913839
109.80200071268837
178.79542350167117
192.07638833649003
184.11804024577157
168.39509092396287
171.70916697880415
185.2326968334886
187.25662213896283
174.10432432030723
146.043350104267
118.06971798317937
133.41117006318865
157.44786582097834
180.94939487037817
160.2727047092875
107.13838179968798
27.361131847225465
25.209275012633157
74.78493317826155
146.69359033156144
169.50442240486404
182.37423375534115
158.78451572948086
133.33899484347864
118.17440926890782
135.01134371652353
130.30633229972574
121.6941795275452
102.0273304482547
94.95801493712594
74.53238259571765
90.31345494972226
107.61670591643366
141.67747632185467
138.46257754509435
109.37349716480384
61.68930748624621
27.056292371078484
48.71882488564074
67.3714653218592
87.63598636696787
101.01249671219796
168.49341887155447
195.81383807691344
203.08201666869485
207.68588170244226
198.5413985140525
172.89146759746552
165.73388189015571
174.4613892307297
192.77386208413088
193.07187007504075
187.4028772916065
157.8280721269445
102.3896145540578
83.91233812559375
62.45471278102707
48.48599273627633
90.27141108609464
126.03499466304277
183.98676845320927
220.47853211133418
221.57957189778517
199.65088328349844
161.69927780079365
121.57201764003406
88.12878163942543
101.90846528913534
130.8466345478575
170.23169298021867
175.7136131531547
171.3452458267439
151.7877196151249
126.31005637008525
123.06010512928594
120.67701816192641
91.84265508073139
39.119418513395544
104.19718231942272
27.72728465244586
41.42145494018189
103.37750444946039
73.5795870876043
64.03485264368908
19.04748466501428
10.505346804077021
27.919889700557974
42.29249574804123
53.60938804550824
36.50598403086417
59.74386199250921
188.98640151515224
145.95207400517052
107.80326710946179
16.033555398245426
22.760415263391792
47.263899414300795
182.34338786073874
224.6000020916066
188.7864903689108
180.89796968630992
170.68874820092833
170.2961987418082
114.93161040243865
141.66872024216173
209.34058949715052
169.3688597001875
13.431320927494426
319.47011333445926
313.6416707774987
220.89669833969936
195.49317477818238
162.00709680482498
73.35683770381263
215.5981049078041
133.19939437525318
57.23076996156442
41.682045687262985
155.47371265589447
157.93040659644578
252.9950926424424
199.14347185408735
147.46689651360737
195.78516406267988
176.5627013070814
256.97675317416497
251.04284770897004
272.53955767658385
201.15329026685583
116.59006978331422
84.4272561271074
76.00379622311925
216.69435541775397
218.1204240955816
201.50715941054636
212.9579367408087
321.8961384601614
280.77383796877984
183.60806928698264
248.39752218271008
296.4470741718127
221.90201176069513
228.50070515585855
218.32863131933868
148.38347823070285
196.9921791383873
223.9896076077805
189.58056630891178
164.8162816956642
207.04416348552104
213.7137330366835
202.2677762904093
223.42265317361523
204.7673532083545
166.6372652693824
138.56360991268718
135.15062634630783
94.56744962239065
95.55381810655149
112.18049884379627
143.4665034903005
90.81008433109491
324.6853320444254
303.6144202199978
119.28368452923792
99.5061526479983
44.011200384623635
108.13760073606818
87.19359642773247
58.2300257264651
106.70371962715421
74.38928266540688
52.59900658079869
33.866957705799905
112.57782478546324
98.00490047178346
110.75818321901829
130.97199602119758
110.32155335853372
156.82751583997947
160.13508525543762
60.95489956967435
110.13099454121539
152.82204964267612
20.538551188444217
114.58848985279246
60.80663068158424
103.97860738475106
90.79093873328247
174.31995466524108
187.65809286381182
92.72050556081899
10.851035060952881
14.478576115600617
465.87647384302227
165.94104357030528
81.469680913405
58.008784701876266
167.1666223769306
194.23776637277217
106.36603305977724
25.938060600654126
6.863494315062894
18.007987703707954
238.47905264608187
1270.3064909283798
809.3200316241941
93.52034929423917
417.5319547965597
314.274625409177
27.053003266359838
460.582991244961
389.750203077974
580.5029364189209
231.1700743011088
193.79853331952086
519.268158495192
959.9485317440254
25.92128272122295
506.90516688759317
714.4263775066315
871.98433717324
413.1458310876037
56.416081171766564
1045.021518496967
642.7889495144957
962.7581820872608
774.0179776705272
341.6137512662617
291.99994602169545
887.7213759114619
144.72634232301084
374.5681156004066
636.7601029161817
114.56269467881748
734.0971939974556
756.2593841548851
228.38810704380626
599.6665871751104
235.2270937903911
776.7673350578638
586.2922900600946
201.8590748762481
97.68102369450025
18.874543548798215
120.13289323020194
97.74273957428545
171.29766165031742
119.16190099541984
136.90451598793493
160.73725141772525
158.2407482111147
215.75244482540734
233.6558363176906
191.18499128982887
151.53035989867476
199.4284725940106
256.6514024450315
216.30490860438726
197.1201090861798
182.69317493525023
168.3097483660132
237.52526907902086
115.52693418342403
71.41983309035663
288.8366670569585
45.18816914520187
5.684673613595237
8.496241337058223
5.319527272964365
12.321428240654768
164.27000807639786
174.77282433784592
198.06611120263744
240.5722698163264
267.1044397297243
298.9050331400076
327.67388721159807
364.75583795793386
430.6241951081473
483.49990083551245
530.050484495133
641.1170869855026
650.5006372919418
699.4753672809433
678.6307262813135
681.3274545786923
674.8231788235992
622.6391670408283
577.6353361118745
544.2412192973927
495.1380910787427
551.4526761117529
547.5613554735716
522.9142671863192
454.10359183245305
414.3433240982281
383.3283977968698
362.17526320017487
306.6298432983989
289.6834004569412
351.35102590750057
351.3674034119937
364.9293238226966
406.9693210998762
412.9037581699358
478.6667987894979
485.9686907737413
467.4388277428782
402.2629209386387
343.0887126508718
170.7651635079003
2.4588525260611505
78.6231888480379
23.608317468345717
37.40990155333304
25.021104406553604
32.42732043408671
78.3084406948177
100.0694942992074
129.91599208265768
175.06365812924219
212.47372303658432
222.89554920855818
218.55633493307192
201.9461025754198
193.48352487829834
162.3752675617216
114.16123635673688
127.74592021658077
155.86023156497714
201.09629926568255
225.48332431851634
252.48702587094056
252.6198474060218
248.37188708584677
251.79800576652298
247.94951190045686
241.92511846812755
247.23525703557164
233.57552269790654
221.59673037080006
206.41765863314401
203.42515110150083
198.60980119399215
193.51078866246786
187.0434826385267
186.3555714923749
170.80341434726665
131.78031812927958
98.48541861629639
79.30687519914136
76.80891393886873
99.34569852125594
133.85033915383337
162.6075928003159
156.85395481830346
149.96240014390253
167.35472584573557
203.9430392802422
238.67533489574066
249.6480035354473
247.23549650341897
241.40795482963767
237.54013302854764
237.53533761270563
243.7124966748579
256.6706995134284
268.0528531209547
264.62189739832417
248.92718560017823
226.63120513796468
204.52915590673172
191.22148808650934
197.0569738116729
205.34317625298365
205.52292673584589
201.05488992263054
214.19566735128603
244.83355379405265
258.7686263881341
239.24003225304904
193.97299448085357
160.11306578248957
151.023025132493
170.26693656567795
184.07187335524594
173.23571100341945
154.74594385185213
172.92618534405642
221.43204417277275
258.1245052611873
294.61562621110227
339.8506904909476
363.708373292087
334.5239765358092
251.5311722616753
154.32524400376724
57.34597693060675
37.45091586303522
86.85575174685823
131.37413525868226
119.76456986983288
72.49200718450948
37.99044872078014
19.441532088022882
4.805292777341265
38.938859113279136
62.4768656681872
61.16918515647137
31.181951849842903
10.883696429694965
0.17403899919554533
1.2231804564194135
17.662718156077972
44.37720742917372
58.23962601981782
82.54374641922232
81.23131582022097
28.810419091670838
69.89676586951964
140.19211383432054
178.76073848554637
196.33299147068664
197.94526508686056
193.3394059897696
183.61507311379012
176.19558789598295
187.121441990451
214.65281438468247
227.52495976382772
209.31521554123913
178.58046430187744
158.91269473517627
149.26961258785354
147.46851614714643
147.76274717455073
157.42212046105203
166.57144003058283
168.46333341264005
174.31580856947056
173.07497973685474
152.58534892473972
130.87947798228834
138.45306920055714
175.74415230267766
217.47042293413443
235.14458584170194
234.47771179194143
225.9442044948392
216.6766921436385
207.9519198344575
194.26298999671684
175.48617462456644
167.38268149125918
163.24890637182955
153.65856709661836
160.7832118547858
183.54483136408038
211.13043016474325
219.15735502273446
209.07992830871905
200.5302773864857
198.57411006961297
199.87314292060518
183.5712716634418
144.58920917575438
114.21329009212974
216.21795608723943
135.3505596829695
186.06586811188373
205.05155622733457
198.59907102536152
164.36771080367015
125.81155195562332
105.9869693499524
102.22826590708138
192.96772533077007
242.81320033341535
165.79086744642575
93.88360342536566
38.34485829375467
61.45653499349851
4.633281071826218
62.65406173712631
48.46346709473073
103.36280991675835
102.74106353633579
121.27424790100872
68.27446900695554
0.5378444326397585
100.96572874206254
188.33396744778884
188.7901395645298
197.2532316211841
111.38427662462243
101.11266571517558
102.12678907934503
124.2513937979686
151.30281908536904
102.2564796976933
64.24022285145327
73.99551168935068
121.13165802875824
161.1865836900556
176.71734001805623
155.27729654331176
141.7551583958534
35.6872967745328
16.301720442605074
31.988697212375428
53.38027739963991
16.471574235430353
26.18472116363705
92.42668205532539
94.67654898312458
51.6094085520715
38.69546032343419
34.638338962867465
16.963897416947702
18.69857846015975
85.1716583524053
61.671735719994786
70.63056646999507
64.07078790117225
50.06784572248762
10.613077593833623
77.59570508327442
46.09915560610136
73.46669263249305
90.71660641701783
122.53531186192379
113.78199801005826
130.29307063075998
137.5239430881195
37.0698152748829
3.1080074979199708
100.63783427042279
25.680448626851103
57.731481377256614
82.16709401196749
118.18379196778778
195.63705729541903
239.76028759223277
246.55032727909543
370.05150681705595
321.1643568610041
364.1571009974941
337.43106102332126
283.4335709368495
246.8053774483144
270.2075937728953
263.2610970494177
251.24329154439397
174.87851154503755
194.0771449743031
354.77615307606334
250.18952698867292
272.3030675027428
243.65489579045197
245.50173651335626
254.3810799638777
303.1269809291357
258.8033687439556
230.6180937189779
318.0580002559045
247.28184081858512
204.95657170542881
269.1006207833891
416.2797388032077
309.75448147106147
168.53582713279752
160.34250679274464
89.02343951285332
270.92626013851384
131.47574014625968
15.978669311422891
51.14337393828771
51.01640603807971
17.66234151284948
283.2363504257021
898.8582566480231
623.8093980969901
703.2249686791447
421.29246986741794
281.7659988669261
51.205798258219374
480.9926450166877
715.2432317892562
687.2979961803362
875.4473202043675
605.7308632599988
897.0175284183997
566.9083544308864
861.3094421858025
866.9846376061548
1241.2862734789155
437.1459941476746
518.1520798594511
905.2882981121693
775.2802973116461
766.5927018294526
483.3116333235357
887.9231396231362
943.0142471462639
903.8636835550944
707.7739701082928
659.1156263821583
499.4232957746692
542.8724459802859
580.7626423609554
357.309355023164
649.8630893192152
528.8130073434254
478.46165587328403
285.8867854504274
175.26430048247892
219.99787123062163
214.94679918883924
114.45920716073215
43.86773541521518
3.100173684245533
17.84510700518399
18.729072108464607
1.311899215675112
40.32125007098125
81.78511954326325
97.37815625940277
164.49751821925543
236.46674897197727
63.67506272408593
54.54961420248242
620.6708405329036
704.0984459207892
828.6670303013777
859.01705104441
849.588276388793
840.400524974753
792.6795892529329
759.0902185228864
683.7669706204564
623.8984907392396
605.5983078690605
501.9035195754334
357.138421301555
268.68980632017633
164.1497013833382
192.75789768793697
187.09549752886562
255.90229035039408
278.81566966059165
392.2991237778434
465.0860453226056
534.9983371158594
631.8683210067036
736.6768828411797
767.9294623310129
758.7218968147774
731.6489234657699
705.8906705411475
682.0293163158807
513.7917662726737
441.42577490383405
192.13520839358512
226.05636191906297
82.8062881957768
17.071040710674538
117.76752996420885
62.28007910553026
29.83555665500137
70.28282668010434
17.574075687914956
2.8879771680830117
7.57758378316089
16.741156074785067
52.44745813986492
95.31694156010303
131.27948590897256
172.5911934641399
208.9202307896374
243.44185932835745
272.185661609136
292.4822705849052
297.7990093081804
290.5971327700738
278.5584013546387
271.3798553347398
269.0559571698882
274.8701791745384
282.82771458012434
236.01370058097297
248.14795186208056
236.32097106430683
238.79511595677218
256.04544950118304
257.265053017049
248.58217613352195
239.5906179461427
225.18221239313914
211.40367407250056
181.27609453739825
150.6253940283073
140.48162133859495
164.37621946754734
213.2002053848641
255.6945655638865
282.24581107979947
277.04171293948
244.00523193890848
200.52120253796295
179.59957407702376
181.6072957210227
193.86141821207138
205.8726303748545
231.70543043077606
254.21427940906955
265.6690097687741
244.36602052753477
210.46335306779503
178.7768739773145
179.52769320676623
186.40490198737012
172.43016658754476
140.84707109098088
121.08426815994073
143.89470505105294
145.46062002642975
143.41785708197
128.489858844901
132.56893824146022
141.3416305466003
178.41503426705856
206.7963090726983
219.46777903720368
207.95853509653523
187.05938413797486
176.0949688792391
177.17475116599365
191.04598678266564
196.4355030795278
198.14258672618587
187.76816558814608
197.9739817567617
217.68780541604286
237.77613972272917
221.75930908054272
182.9782440408025
155.46528527535673
143.279018198445
150.88720214440508
149.06287926084917
149.18216909267738
170.85020880298867
194.74635095190138
212.06821857016405
209.53358786109072
192.52069091595212
172.71089526919462
143.56308847570403
98.4141894489249
41.933957685200085
28.6298704240877
35.71568070921546
58.11645254515747
84.64774514237382
97.9675432249328
53.0038919851354
29.037124367791762
39.4253977100509
84.59520933441337
86.87106625168661
69.14509357869781
78.9214421812161
122.69242862655773
160.14788658832174
173.04616344018297
174.7803853035973
184.16100281758042
185.77074986914596
179.8996067024206
163.59165233169335
157.84513906991077
166.63318105438498
180.97523111527607
177.25631521926755
150.28643259587966
139.83015968116
149.67292834714596
145.27967824170577
114.66656152429181
118.21259570920722
158.61243152827603
193.99841894068743
194.3761118259497
162.93220529866073
127.82214549817064
122.78576179020331
141.66059671653903
168.2633400663866
151.00361517672104
112.69822363546433
68.33787685144802
17.347065661674037
6.265984965389293
32.69625338851722
11.298192397713365
2.8087572691327978
26.16879800800666
54.966399624285884
66.18651162674661
97.51992188568477
150.88717701920632
190.61934238588958
165.89229533419638
100.32840223636225
144.27290907449947
275.67817252928546
238.2712002368104
189.92608619096143
195.14115741588284
150.67686472434434
19.850026842808006
82.60773083593801
54.10663819461956
34.08935863243232
117.88061760988796
116.70903680557194
76.1289468258683
53.13830078503213
25.05052260398145
67.111660248661
88.50704571240726
51.32570584130826
36.60327761305007
36.58999309549972
79.50773684356386
111.7670140921814
54.148154877897014
39.51111114449702
15.06595732597475
10.663757428147164
23.5088660629865
30.410599156936087
47.185769278113526
58.295577484412206
35.66388449686781
52.282370021163615
122.50948619867438
161.75795093518332
273.55554499777395
151.16543360501555
52.65260050055883
123.51116549378992
166.0729394773532
185.51825312190647
154.31187561922343
104.02804101250376
28.400382729314742
79.81166901314486
37.04173206010137
130.06110508482072
28.874229202466495
62.121219249541355
110.88823652813426
100.45193557717494
58.241120505072786
121.28535662616378
75.15609040620961
68.39075412514819
52.19421332496984
15.99933198900294
26.036706122468217
66.75820743940778
60.05094444354813
132.55328996575088
39.446942902406136
386.42876218616834
106.09480209087974
30.05090587666291
157.4588445290094
389.09239522483176
353.35309202668054
277.3229586634768
351.2139721904664
370.9449896528656
276.7877780621095
262.5355268245296
251.4612933718738
263.71612930352194
368.3485958512283
438.89096777891973
477.60889519343755
450.0523989782671
307.5798771640782
306.54357068067816
283.91672550035287
320.74309448060603
323.7646181784455
426.00615421278735
466.5375563757327
513.0290549043937
643.2420504605423
521.1005693682953
521.9201360164343
624.8251593302784
429.18154883195507
414.28884602719586
685.056244759622
603.3965967409647
325.0276855630268
439.25362370216726
438.44005070640605
342.5391844840141
474.70181657484386
330.6943863740511
187.335421944181
52.920103883470006
20.086976913572016
62.727581020762045
76.59515850554169
76.41140555770568
59.52713179272121
5.10507532500867
37.10308573218572
928.0980287435576
673.3422588715522
734.9379351079132
338.3111222121454
168.1651810251069
43.324397435577794
123.02133887702075
332.73006894575155
336.35592225879736
503.8802543852073
562.4189179645944
172.33953892838167
632.3276308011493
34.8700060520373
596.8330561659433
639.2923015387975
221.18722761671143
380.92037464821215
642.5668893749269
321.0381967521348
419.2793489626067
622.8554483185121
101.23358551766592
177.97768719009514
501.27780528280937
293.2264454290687
398.0872094502711
413.18297483314564
181.80362086690184
488.74082524669507
820.4313662900972
692.1542926865421
666.5854433269487
583.4326311838065
177.51598495890335
329.1775661841908
447.15546280763874
393.98027099620754
278.76661835154766
135.8057534802888
6.780939128938371
15.039040179917606
126.03559810355159
31.10942417289391
18.193981235301408
24.25656460127641
75.4539809582966
162.57879027438935
234.41803617818493
312.6732819039772
75.36666363128666
208.6293862976629
78.75322078654972
568.3573432697715
501.8816513363972
661.9349891725224
667.7029027316617
639.109916678515
700.2019587448933
720.0515330139596
434.7859824492423
589.3786853314945
626.0640325024906
705.9898497142412
884.5439350251911
963.5843533627726
995.1437343353643
758.2794590947877
799.2698240680566
919.1222074130897
944.7451227608598
884.9047544133284
660.4667700561133
765.6016324714104
650.9080497765028
446.8491001358111
591.184053507695
425.2562960596989
485.30433528410447
594.6851589934583
669.143285364974
878.3613781153791
1041.9449299599316
1101.6235131365756
1059.2551242312347
950.1443001770722
807.2109799257948
623.5160966388507
586.7082785306834
386.6039888161572
174.88250599780145
182.31148574779604
294.77375895933346
168.58383098619856
188.42588567912549
102.14745015610015
29.06253698099988
140.24534700982917
138.04727612786667
56.882784254017224
15.599032166993766
46.8275211280104
89.61179803052818
126.95421409563227
157.89611220792767
206.2531390202705
232.35677817008155
238.57489522129578
212.42029892598208
175.9040413594958
159.24051731522837
178.1361870325797
220.9257559270506
239.61727147689572
225.09202703747576
205.95533953175715
199.09967851970225
247.76233905603902
265.6854842589985
275.32367641800045
249.93072788015047
222.60138340044966
216.16008494560833
214.66828857018038
179.11198587665234
123.74777409838686
150.41686460447545
217.2872860178129
277.4187875909033
275.64213987181506
257.9315370651109
250.24287179837467
249.4794010227307
251.5205731399438
246.51903395630336
236.6498846591661
211.8200282172981
178.2899794500887
167.73330465292497
180.22678674375265
195.43607992644996
196.88396453680468
202.561921359648
201.32167316554904
187.11748143370312
178.18057472543904
186.99016435888228
201.8529261884114
218.45553349242795
221.9219167362084
215.3812780112196
210.14049425061933
192.30653996057782
169.90223015848693
162.06114873982074
174.05658710589
197.55218187082846
251.761312199703
314.9449742385676
342.1347179896658
314.10664699526205
257.9898972426481
211.6393611093294
198.05365053976288
207.73619046541086
224.03023064476992
243.2604349296749
257.35509224610826
255.57209256776878
238.61713114272766
214.66770691122923
198.31649261356642
188.12790168381144
162.75954126818613
125.78256971050644
115.80963203674276
114.12590572568871
120.5635121471887
132.00107558980875
150.97647399814156
172.00812396375306
184.97955003002198
186.1316969979897
189.22674689104394
186.25373297101441
175.68308326966195
146.07880565866122
106.89423519787016
88.46787338310628
93.38732079003586
117.1841322146094
150.46290448557176
169.95836019620083
188.1721986660931
192.56425998548258
177.48277516224886
137.74277862945377
113.18208325175937
139.42771240001332
104.95119204062303
110.17378373137933
92.90504176341489
106.29672830984231
129.92126258223982
151.9382265420939
155.3108949170479
163.28015690968732
175.94811286510537
185.95769006841442
186.9842486526391
185.1589033511856
187.21076035629181
191.59552020149505
197.93780594874352
207.98945655203244
213.58621353864646
216.73039869392937
219.54201127740583
225.4967069205103
223.34090844718378
210.55663221278218
195.78176933601935
180.71918702861018
164.83066376935028
156.2441844798842
154.29812229319464
145.53075497860902
123.81822155798909
87.61872725953123
68.93283043415067
88.55951507189724
125.08174195981849
160.52081890882408
170.28292477239614
166.46645606641857
154.10860828820518
142.68376925696919
126.4205001992284
102.40944723991129
153.30805700082232
108.71314862699268
247.18769684582298
77.83229957373442
21.4296026902864
24.074846869567068
90.43825644724734
87.94438863945652
96.26802480563026
39.66360957401662
65.48492424539347
17.86327957355809
9.711889211336938
12.95282264363766
43.30720256996301
60.27875687093922
77.30993820753213
49.71071001723237
125.56516487893578
123.04106498431429
228.2066783542026
236.65754269305012
192.85274533891663
173.25969647869044
191.32240718065623
165.72981262478754
132.0921179702391
112.07742579904448
75.38670976809749
67.92396448703005
51.647857549819605
105.1406253397796
100.57073714713454
136.965396239676
171.65389300781533
136.50791893908024
69.358165222975
9.118751809688774
16.901977573159456
173.6301013711144
221.63950528295902
137.11298269636893
137.13593357508182
94.89053435229698
15.24983726806272
42.576416380382625
24.65728381363499
104.78505497851165
184.05922196887389
178.05293096640514
102.02312481244348
87.73609462806473
223.6914613353091
78.48450745513992
53.13865841628876
7.507676500967818
87.32207387401365
169.65982398466554
123.92095673614199
122.07568152676083
56.808309933339046
15.621819270719016
6.6987505352542485
26.40793311193943
91.20895572361826
6.539309114458774
208.58294136432596
183.97149534543087
24.518670661535225
48.94085620810279
102.86837094124121
205.91194499467792
205.15804101438925
237.67685291115617
298.6855511894323
334.5753101208809
286.87557777323013
297.53362936912526
224.44447409332724
390.2871218958969
355.23651026995867
239.91309590049195
203.4739701329638
275.3870472686931
240.90841732631588
217.08337961783582
367.5182597677963
335.4897979602381
321.22124265526736
201.12029075104965
415.96251250649766
329.8670524704369
350.971220035417
394.57942778654615
315.9107545373604
267.0285159790051
435.17330686022956
615.6060692598011
462.3290330776812
209.2456483872743
344.8846689978167
393.31385723175583
347.1982243660228
183.1745230031986
59.405937544140556
28.57077012814341
82.13283395874373
80.78522997838809
357.00267599640597
625.889862981423
259.24081392477615
710.0668617324319
833.0409062564243
1177.992306287341
206.29317060244364
113.57942173636252
133.8724101023288
105.02207369309804
97.43044018275009
117.25532876275201
366.1114644950403
474.99108195939016
871.4956021296739
768.6922714668171
216.8714531290293
342.35843754847406
206.80745420470544
293.5539080450087
878.7999793611173
935.4918055830057
339.1999097636681
879.4088659225547
386.0101582398529
529.8739237612187
928.1113645266229
433.4481263869652
169.16351781682897
628.9046765433634
670.9678254591497
599.2393691427841
370.0770407925527
279.62836345555286
143.25984998878153
104.76824389303158
35.57513255997469
208.19242089737372
215.70939675503712
185.29951861060908
138.2750575283377
190.96992815969827
83.1678648381029
47.55303120849544
220.80074761632716
415.840175464999
333.8388634155177
322.7548442102926
598.7943755005771
728.6935488780629
735.5573790474356
734.8935942494693
690.2737161714815
625.0637736618936
554.5774524534203
512.2774172550995
423.74330622077434
347.2436210705647
276.5565311316868
321.08991660507604
287.249122323945
282.7534464284478
173.37804575834537
125.32243700373328
90.36017822944984
22.197005877748893
19.035322092811043
99.16584505950493
139.0938722096247
154.76802076099648
220.06225373375423
205.6643415624385
301.2675160438313
324.1556118423305
458.21043721807166
529.7823199940532
526.2412395422258
484.06924514410264
576.5597486942892
361.6202336949224
318.88559314986344
25.475850633563823
79.0233880403182
52.53461328825858
121.75225807196819
158.78396123058462
131.93335544342096
90.69427316103554
114.88964310405834
106.40647654942381
40.84544015200299
111.31966591890608
94.3833484467994
56.62676228864484
85.6431263872426
134.17835293448906
165.62954943284063
196.90805794372432
235.8559524325458
270.3117142907883
291.0722317117687
288.9371164594218
261.9862074651835
200.00827560188338
230.67912044762676
213.72019223846354
204.60752559937106
206.4194977095397
213.53350100165227
214.83933858743274
218.4867168875146
233.1404836004781
250.36375829486735
251.78560206934907
246.59332046940392
233.0544118266776
215.38406732146393
204.91366006612958
209.4427798412691
217.75212444850092
233.5162836421478
237.3447862151795
242.84884949041071
253.8080280387818
256.3852834385719
251.50139669814172
230.2616576385218
204.75104617384596
166.37062534228187
146.03171270318683
153.320216639104
175.7579364939109
186.46252035595472
189.11486586761197
198.9480907003463
222.74624298665395
242.43202072843349
255.72153384271758
255.20055729102415
244.56151955412298
243.88260484421096
233.9428835577084
221.2692151127444
206.6737231520675
193.39600886364775
189.45128477444206
201.301255607531
211.09563295680078
219.7311838820475
221.28301118052002
220.24788565407277
216.04508774479763
202.39412653563073
177.22296582172498
157.968407973806
152.54034660488384
162.45866987861507
173.9221887843725
176.69743191363648
184.3094693843355
189.68839677227032
186.42746032098893
179.33693551650322
181.32453508175922
198.0606372875468
215.34182619226323
221.94367665481633
212.24236975025934
186.97098870818098
154.2269745939156
129.55078133623715
118.13366259789763
133.20803517957808
152.40753105407265
177.4243996216465
198.34539386254676
203.88100402495064
198.6724392478091
185.2690704960106
174.43302200686082
164.59981696868408
155.16144925711518
146.30157034123806
138.7132260405877
134.39359851483624
134.22165808957618
131.8691039952476
147.6766788883137
158.6363773702388
174.50462907046443
190.9257385255441
197.0064373132688
201.77441380871534
202.67743821946624
203.91739389838773
210.15629570852798
213.93171952195826
209.83166835405945
200.13992331496547
179.04866060922865
166.7910041074386
171.40339961553042
183.55604475446012
190.26520815483434
186.2711800906717
181.65779177048944
181.82646397591594
186.08159367471092
190.37187110269497
192.71755934952148
184.5314570998354
172.51706545080572
157.15488311052974
143.98359523225344
138.18956479156247
146.7902235571703
164.2326643578021
191.39250260659378
213.06634062187942
231.93881787533923
238.0938828617771
234.83458241449443
218.95545833034822
195.6818267359526
167.14656730415777
160.33821444517224
139.65306615135592
133.60177042189991
130.19674002087578
125.53283918214572
127.84028445823151
112.15572312214846
187.63693723928168
113.3432047097931
160.37970144227143
82.35280969797316
29.63875979635634
12.378338416697375
19.610616851850978
4.856293765905889
27.450084082613216
53.450326414543156
50.3215820797526
67.05395874404462
125.36261534212974
79.26864794958965
71.59485954858303
64.67191163187499
60.56872114291696
14.922731556672943
13.691192912781275
78.31048034106823
19.279729013215842
4.9822519604517765
14.197673823197988
10.944914391076168
19.43862382770874
36.985402065299354
45.12213692952582
78.65863585936972
72.46661639873014
70.8452127929155
63.25929513031815
9.9238052388813
7.861623395324386
22.154468943268284
12.874058855848148
17.332416178902804
115.90591831917095
181.37607980733299
234.54832927341351
248.09632282797634
206.36875841396943
160.98290730064207
54.94540913327694
124.71567046075586
119.18533478090387
72.09728881741273
58.06577422190321
102.6832164786232
120.87271081922779
175.9262311293661
163.3401873849541
88.61305178511884
90.53092884968078
64.33536922322833
166.37582383168535
162.5775236897125
94.25962492037877
114.67783721972216
172.55429229132312
192.45244872401406
45.03971544072306
228.0353028625766
310.3348469062835
435.1763420769619
452.5289433486903
552.3621746754654
583.5581336399991
654.0456784232325
601.8034890171293
396.25692830469916
438.33260640518665
433.10359805518806
389.8914991920369
483.2716688841242
540.8460398454295
632.7414798456612
579.2553389657648
466.1668697223022
551.1599721699465
569.3765884582165
542.3623916633601
582.2423294246503
701.6127932620982
594.849426691097
541.8135933173285
568.8319665105319
465.43885992907735
572.5297422595206
432.81136420893836
339.74009651983897
620.0964965803097
709.6459465149967
456.43825611271814
218.28331857966373
158.16130941197753
219.40275605568138
244.67609403686515
200.27522139880375
141.69459197330468
75.17962474560534
36.95601472494843
77.8867281359669
7.863065030293569
586.1285481910745
769.89628481772
131.83834494153223
657.0940465664141
186.9785347293198
137.26350244219157
397.1576263617594
661.9168599474692
146.42618267321973
355.17563653025
290.49570061151314
168.4990673541372
507.09211135275063
77.82073816964453
271.10250585652216
363.0778897101054
404.47090547156995
416.96429014362275
489.689780290836
445.9847735568892
737.3823977626864
795.4508625199577
603.536389203128
627.3657285041727
836.0934169121666
592.5806862311322
905.8710920810186
762.9138904416153
476.4419921780777
324.86599753339647
313.8178464293478
654.7760239445399
452.88822928332445
489.252955695319
334.9610083070544
327.4000960577746
303.83582865405197
233.68133414305316
221.98727479531567
139.72146418145155
53.30611148331843
50.23530711099727
28.13374312114786
1.629454691377191
5.107936181129389
1.91801549984325
22.915888088257702
49.24412093548949
46.36857203967497
2.5674370709396044
38.53845119436346
48.518870577689995
31.29404771740326
117.97770163656276
44.95157671245522
96.18286899241366
80.85955160530432
114.817406986827
28.74081098039676
37.29166147408739
40.75606084488862
81.40369903660985
88.49389894861258
58.57626108319704
8.931415508683244
8.624923210245242
186.07509187063022
134.61905986883926
437.2649799651889
442.36462193673765
599.4532282561516
663.1814045713083
625.2129820357698
448.9796344075787
439.56644784235823
566.8528192070864
648.8280386320289
745.4449512754888
799.9990093308164
773.2501254685409
840.6327836238802
573.9153897668509
608.9753034497544
523.0398386284522
471.55046922316524
454.8709360377095
439.5770748368906
364.247082638175
334.34528406254867
270.9183272363762
82.72157666445298
169.22646674873477
28.07313112720442
284.75669429690777
238.45954688121958
400.3902323156575
429.8281143685149
583.8476418898115
613.0106914443302
612.0403160795081
642.1253276953722
598.7236021755532
785.9774147689101
900.0927187963366
931.2042646409127
773.9366922354916
717.0706135559885
496.9773912149624
458.39930926848103
350.1830067496163
260.97038070406927
222.938005747798
30.560533043694136
44.077916461428686
6.2570952492422975
30.78967066620794
35.259272866535866
61.96779070765808
58.33675142719642
30.03942951137526
11.766852959843845
18.002798427956805
51.84516954531034
9.141324825822267
49.93064958306627
81.39295430969412
117.27114661408456
155.33690083147138
181.4405032811885
191.95932841127717
178.90602810751818
155.40226449133627
145.9007991406096
168.09987136361872
212.9140392965985
252.00404936142496
269.1371172258144
267.9683914467247
264.49963392282825
270.1034441651433
280.9944864978587
281.1000780988158
264.00404806038557
237.15398548364078
192.50308104470918
206.31539021378927
218.30914411192646
225.57325835100335
230.269498815806
231.20371609636538
229.1734595201355
221.38246432634025
206.12383830414973
190.89223209656228
182.69432544237776
182.42138043104563
187.0491176401523
188.05047898945276
190.08245745050687
185.96357959074402
192.35577603600575
201.53331912152896
220.14841865363462
233.43937860043184
235.52948435968528
227.54113038847407
213.8351953221935
215.06406159006235
228.69500436151657
246.20422169534436
248.0024083909825
241.5653509732628
228.91319152442475
217.42171740045143
206.72795678811377
199.2036545649127
199.0389346035734
201.082353761898
206.18697462503832
200.7692844077332
196.40846822441745
188.3801233045129
172.24648457372706
153.53848867089016
148.58429700827134
160.06703693408326
171.85356717936673
179.2860117992903
181.56437135099588
182.96518717602055
185.54468498799287
187.550071534165
188.17174400437443
186.5959936689195
174.13009867053472
173.16240568185742
168.68870199401545
165.5322409167207
168.11314781789753
178.7336076363955
189.20613074384676
194.0024467505496
196.2815554872634
190.08420530189858
182.86863660573562
175.35338820171177
176.960145139725
183.11252376684286
187.75100996209505
186.9750979194681
188.72241205000734
193.09375191033712
195.54726510428281
190.22920057082354
182.02675768912866
176.82251481197983
176.62267025642694
186.07727443487562
188.48793115136573
183.95451513735213
171.3469002325064
161.98809370708972
156.19255413209834
150.35984415951827
140.3456022187076
132.91772956145223
118.87896344735879
95.91828452974119
91.19139850877491
158.46960058107476
146.7502068768565
168.88976132283938
182.88569288038957
198.02692344277466
209.10347029075473
218.372782197694
224.94166992892457
225.12231907021084
220.85153691583116
215.21827231426346
219.40568406321574
226.35926024637325
230.3368327135804
230.71341968283258
226.27406615180632
216.48293295731082
207.60441686703712
207.32306803552228
215.26738800687588
220.12411355709133
217.6078907355597
213.5618223943648
211.00777592171175
214.80652965206565
218.12973312591777
216.2792395728198
207.661706458183
204.0397336248294
213.0154149134067
218.47457009597719
225.56341411547652
221.4944854079859
214.6430730135197
206.14151949974763
208.2291228847194
220.16089388158758
229.73761143424178
231.55092131742924
227.05928369358242
220.17947185675342
214.57438367757385
211.14784516903484
209.7532236127891
207.592128903534
198.64861862106
167.17705673154853
119.3572027546802
68.10784200716256
113.41472216024226
16.73699081511745
17.14149972375276
63.783494419251156
58.97179200662606
28.58297599352977
14.915256351558696
49.403718423553244
60.992483842792865
104.0731253794134
290.9143929012163
268.9402973979455
218.0212342012593
86.23370161615094
34.12385762674228
105.46145121039137
87.4557814494641
198.76987016917587
12.547509974552213
12.757778108150433
32.92230972765003
211.10622934751086
169.78820040420715
123.41986659395536
29.194867405967557
4.217574086780019
79.13219960657739
49.01086939166794
33.21157473288997
18.75261810920972
28.59077944933972
58.81008645485076
61.94314677824809
95.36862909142724
114.92964158313839
112.16755586603563
106.52810034403808
79.11391196115778
39.850608351227834
106.72489796014463
26.692007334788855
45.41622413903576
72.23729342728438
99.69767506733808
48.119119164328595
72.92808561025481
95.49810392585186
98.64523594846935
142.91295113474484
107.29518480617799
72.71971401770531
72.27069281724687
47.18049882331741
109.42825379459043
86.92513335746821
84.73147254435924
28.021443336871698
100.75518317388685
64.58747910518218
38.875882285845364
98.1953388874565
34.92274848460386
14.721732061003763
72.14797399608472
20.198874501767932
21.4980450463396
21.68428322702232
24.676707246442447
64.63668478971033
182.79168967208057
303.5162504716195
188.93179945809106
47.84030323144452
68.18128639553584
121.60995899401064
64.67641698930152
143.3893530062262
544.594798012748
623.4291701091761
474.55922221243713
291.037080234413
173.09923637930478
202.02918504749027
218.89843660214842
298.7830416257202
379.19505356738864
209.42304591848006
166.5268285169061
152.24992544444967
195.4481673344012
129.23222330729595
198.03125464936716
201.1273913021589
147.94198105203236
232.08115073116983
323.5761165644433
246.4785565707116
247.90565044854816
200.20953368580922
120.82051617369052
250.91003782422945
685.3233951151852
645.6399204993627
235.97646328033352
385.9559750182485
234.8831027677369
521.9454398933844
180.5363976550143
211.53583126632338
150.23176781298025
163.65863405071434
170.77001607135264
70.10406159454408
791.0889394497483
630.9919391643105
134.80959628550943
329.8494122725365
368.9870158346582
243.10541129847502
408.806707681264
380.00834871158236
175.65567992261526
88.645252983295
588.0282396771761
37.54770711224501
323.6718886402475
1018.2139060326854
930.1043796403054
416.2341710451983
287.0714838428803
36.626850574750506
33.963467213634885
768.0067487100021
778.9010565315808
430.180116870501
631.4877499035748
682.6463362693127
496.91637807906704
11.889397134825458
100.63951038343134
486.6468436373875
161.64325578254807
518.3520230243433
376.4463108599623
471.54971101953254
184.95380117740137
331.4849117045395
251.80910306110275
171.94594866188152
93.31196495124493
91.29784360619158
72.31702165702347
97.28445960825763
176.59568158639138
90.65410018400871
60.52382293757728
46.1796028222667
169.94465538174654
129.17292740892344
55.60919085712169
99.64829240591848
153.0996736608737
297.15957883348574
191.70761966918235
272.7855024850621
225.09385324688026
209.90436649473236
286.44158802975096
367.5394394513745
424.4640200437301
459.50345879207566
586.4168067961805
708.6953791402434
576.4720136185558
489.74165220834834
796.7063703572676
877.8290504222198
905.7563982358768
850.846715134614
845.4195334686302
736.04750082489
762.5930769143661
684.1402702597719
624.1328739317066
552.4749277781349
445.2385400261413
427.8688965269473
395.5888038528574
287.8919858846821
229.28893234592238
163.8555227759474
304.63009205342485
213.3371470675637
449.89788162977584
490.245267315718
526.9098703240466
661.8669681756624
761.2238395165416
747.5451678219208
863.201886060167
874.2730452945428
870.3111103510155
756.1619279294057
585.0019605299747
490.90170509529685
523.8976856444475
197.27380473402752
232.50657282996247
5.62883931568831
53.759316354420434
76.60505788080184
97.62848844721759
115.06854189310866
152.63303892808608
53.3271192654895
55.27405550420633
1.8316646513218302
5.31739848018276
13.710258011191058
7.835199843868281
22.037078931797396
51.310906494648634
81.03883897441472
110.677365500024
138.18223229641836
148.1701664564431
149.69814641231147
157.37821845337987
174.68313273992828
185.54340722300168
170.42918361720103
153.16685102961088
142.26290072802527
161.52075815092678
180.60897816386438
142.77626552068125
138.55507232401953
140.49334373753038
171.97400715537856
187.7762903139191
194.3823142083911
184.31685069895747
172.86386975303043
167.71721413362206
166.63960597776537
157.8637936487125
189.91646970310342
222.47484541369732
243.46448670142314
226.87919743892468
209.76999577061036
204.4629172345792
202.42399514931515
199.40136832417824
191.0435729638328
184.83467203465352
162.7023029548174
141.95754865386328
127.15776778986032
131.61856555056238
149.0977691901549
151.7826331960418
146.89744838384524
151.020492180392
155.17197261917278
143.5010663919344
145.16719572619672
140.92180795408757
133.33821295928914
122.36426152451213
138.34614916516773
153.35966927289235
178.09793155651403
194.0285637495831
201.93233521988714
187.70942704494502
166.37403113425023
147.0957872553165
142.23624757657058
144.17415158752044
152.54787728237324
160.95202166706844
158.75127441509107
138.2317062095263
102.32353334683285
105.14040282612137
126.65808767665231
168.7606072320425
181.62029945561864
193.11932841357856
198.95721975425954
191.64578073060466
173.9985825483892
149.35576174559992
117.5261079528359
75.62987544457019
29.5100273208202
41.16785794171142
84.07092048912358
130.24880934612435
144.51209054571342
151.51782300300783
154.02573923032656
143.43165829715724
134.14320512342437
128.21367476874906
134.17499874016596
127.53980123486303
127.64197147664356
142.15181344032027
169.4375083920637
192.4466422985684
198.43999806141352
189.6263457585497
158.71880078265184
109.23192753637852
41.92920024064563
38.185930435018236
25.282041176918256
55.62283616513582
88.51574251969754
126.46867161639312
156.17457868776648
168.40783947371432
158.15646668183047
144.7019286877316
150.4923615467672
163.52979777767285
182.78765832590034
186.77256009254853
186.3190900519943
168.43347688287173
137.62089875332583
121.73808412580513
130.52860568362843
157.9718400421428
180.9364932287633
187.06342688212175
188.31883537263406
186.18162435460192
197.54830515451414
201.93135771048748
200.52001370920067
185.19505132103723
183.01053256809377
202.72757432743288
228.21954846298394
242.01907590900538
235.52308014003438
229.12877961888734
216.41521998443085
214.0329242788045
205.4399173095752
209.17584767807443
205.46742797752938
202.03250061837076
194.93523844614293
192.20960867239228
166.96596101825384
99.98387622656765
19.863889388077382
60.41416802734295
75.07329398337401
9.276871596268393
10.081040483341553
11.77636228457959
11.211216654509144
30.673141307316655
76.4466650433975
111.1708705694349
123.00076013480128
122.48869534702067
135.22928356309637
123.55756825302836
73.3033010226925
27.255673370403088
237.70336675244198
113.84101002304419
75.71885072407349
122.14063916541113
28.168377617316082
67.99400785404578
23.62630270108434
22.659337839799264
2.374548787610138
31.292901948768645
10.389121213666726
71.03595633981763
97.76725918937552
173.54588170118677
140.3297350267843
81.89785039941387
73.44493505224068
48.14992284093876
3.1050162173827403
43.80788940374191
28.819428580973067
1.949968263570213
1.9169612341659104
29.13032498210066
57.36498221655404
0.4608109643829721
4.952855264549953
73.94115451502228
102.18009610387992
50.58307475535889
68.20942605627033
68.36248579648532
75.5628481979536
75.61566492933218
57.679458354769736
72.82678836771618
63.44846254281049
127.89594307680932
52.35750189679311
5.792530790301726
43.68991934065707
32.74102174383529
72.32019443339868
61.0323259217721
27.005501935364464
47.89213626039259
95.50522733178627
142.97611634214604
117.65751463361698
91.51611496976864
57.03225670020527
36.53678851968198
17.751604532474403
20.353269682216478
28.050633788194546
102.34938764363369
136.79634165870118
82.18324954909008
54.59143648057807
12.590347811519905
47.30635273234759
29.019671970494528
24.210101613430197
12.552395992076072
8.35646468655409
62.46618046294202
41.47246969888124
0.3827349352914098
234.84826454129893
487.57835032069625
601.4597855688075
715.9342491982861
833.9170995640463
790.8801212497372
714.9081261250731
711.8439477213442
670.6798093580476
694.0079872813087
676.9274503223292
782.2359535536816
659.6418385314248
786.6471024298423
768.935295282741
677.1380094466788
681.251859470824
612.0503316133393
651.6283640599368
625.3776550965581
679.5943517189855
581.3367161776848
687.5818017952865
649.2839007024982
647.0205783302579
561.3254383097776
478.77966385528293
381.0894958993547
1092.149787195413
868.1895302334067
670.3205695452356
585.9724302180059
306.7181548054248
139.43696898726807
340.9115663466895
310.1529959893153
172.7959340154523
89.81680018482359
35.17518883100786
14.526760191654262
35.39903136203884
10.508936306782175
89.73266185363957
154.78672082171738
139.3930827574543
142.23955788773753
164.06482272168012
81.28919045965779
121.27628937660018
230.5716079820263
172.3399153876826
342.381806060096
611.2597104221651
573.0949848638799
374.8653582592141
272.49115507883926
69.60391343849028
538.322918040973
676.1369108886767
596.4285580875812
823.2986496272864
301.7581926203443
727.2539796879277
494.2665189848583
734.7300264617568
554.1839409106956
426.97594612258763
652.8703610527423
582.2587261152548
503.818674868847
211.21207694648683
306.14592695577335
901.8215188185212
921.4476829157047
575.391250042112
406.04338335995476
673.4454180185659
738.155172737829
640.2930165594876
725.702726141457
504.5884420158451
302.4201240938846
295.1812343072495
353.64775824871504
716.8923636508683
337.99297633865535
314.1622863454875
291.5205965404349
263.42668217054563
172.5578670047022
295.135013544824
226.45059692123039
93.75452927054903
28.955455195292416
55.85042976323393
99.94687432471466
94.25372341468369
54.07290174012837
55.051723816575986
73.87444751316087
103.73750988010624
125.09239488235625
141.4988799130241
116.87347203232883
37.185489678191175
81.91427676166234
31.05700072329944
92.14555215625
470.5443936245151
266.6778579513524
683.5910802829554
945.9163280279645
1043.6387455084982
1072.063244821572
1007.9840257956662
903.8535762327778
809.4198914502713
686.0802006472412
475.1442672448985
552.1109919207497
507.0770442707304
501.60611674434097
521.1277991787343
508.2330078715902
328.9566202409427
222.85337800226512
235.9668506491081
217.34638499966923
231.99254199412292
592.9407772611704
685.7282651980314
795.7786220581688
915.7490384150341
1018.3630129397092
1040.52584153201
1009.9720236655788
944.0038986150864
835.0080744450946
671.8081232104132
607.8108127817295
358.46646815801535
408.92904275121566
89.48072614648481
70.29749541020055
31.360497557564486
14.625987934479326
1.8686777038224136
63.06125391261253
103.60810015692311
107.41850037142149
99.29468917408121
24.34305453900288
46.86805161539246
15.03001428657717
118.49731102068387
185.7250771592852
187.01267859231865
149.8753959936111
122.20144935164956
137.37071708124336
162.27029382550774
196.56973983151477
220.51869904041013
229.909450728906
228.1098079946143
210.11653532156714
207.2907619807416
221.7951565675968
238.2863330614906
238.84860643568828
243.80938862920027
238.41257155159707
226.2655258174472
203.201091540753
164.49426412148904
154.32070252154847
189.10610560168448
149.398404864908
186.47400653978008
187.61066766428237
191.46295245438296
196.65721528521956
200.58306778475912
204.2568728776073
204.3331275380678
201.5952619454832
197.16852504533875
197.5744796631463
199.38272087566264
208.0514820230246
214.66569360207296
205.1158280211856
193.20031192601152
183.5388491778985
189.90732714164506
201.73722979416286
210.967911702639
218.52565550468844
217.5980336477366
207.65299088417802
191.7606493202752
176.91983728061317
173.59037274360972
179.29910211464434
189.7776179645477
202.29013712969768
209.2596532990662
206.685685283614
193.87660654127907
182.7807986435842
182.21301501837516
200.2105149729379
206.52769481025126
212.43943368137593
214.51615042029687
209.09516557557987
195.91347018140317
185.06906752570202
182.32175915954343
180.2672299723499
177.9532760176374
174.11688948940088
172.12249438389048
168.84497050153723
166.0408018166616
166.99462422958143
166.6555100271351
163.6053065821842
158.21722485209847
158.352614580941
158.34974973940564
167.7032765020772
177.92561693915079
180.29934356014928
178.8616929094498
171.75880970998347
163.88819843733216
159.92141890991473
163.12055362611753
166.46289135886298
156.93417887271625
132.4997342613467
118.06979785205277
117.15565537748131
124.25574632218468
121.64771842542285
164.98504133657832
125.2955866148576
127.0714319507062
130.67039084764036
140.10859103970114
147.7694692227152
152.83074590428652
151.96037815238336
146.47143572229226
142.2325998311768
142.92955584898976
151.11011637460894
158.3475890941259
163.03732639932656
164.27660030075148
166.44613354031787
167.6813758874127
168.04841913101686
167.40939498416333
166.71363025616523
169.56614942538837
170.8923690515056
172.8004204361193
170.33347767674937
167.66956939460454
161.22341277109157
157.6622203943688
156.9461099415459
156.0285822412654
149.90977975005768
132.69588152807688
77.38088210949923
40.40429942052771
49.23532200597634
99.34197243899314
134.65205901469443
142.34763538313166
144.7312875445998
150.68899829653026
160.4080568250685
164.11569907330968
158.9657821267667
142.79534313423147
113.39026389071478
69.95238687167853
53.513214313632716
35.61818091167618
55.93086396814664
75.22595158754086
99.1956776792232
218.91662931363862
142.63380531064251
142.90452339346092
131.05037368592326
113.78654397721954
82.43261526564697
203.8010442341744
223.59409601171325
172.4552629820426
186.56989065887143
185.57701162201624
173.58048779086585
102.91781023575572
72.04520657033811
75.18387707760223
46.63227083022912
103.43742624265064
89.09071438814442
138.17054772594145
107.77857259805978
35.118281379424616
56.73734039709268
90.52920216099176
109.12108126612236
140.68929800346996
91.30296047488025
128.65076119601974
117.27394691481209
127.86966738427304
112.54657214147835
145.80995882688535
179.29912450601523
150.2904675282682
130.13816734520958
106.94907730206864
130.5287082307525
263.46043619415184
312.3403803142172
234.21568230889557
204.46748412920476
206.17532161286078
130.69579978999093
112.43601335199742
143.35453095674734
65.6256057036585
79.15253381094703
84.41220897221922
122.24486594662665
97.99952068195364
64.69715578928594
64.47205547771716
82.75499947476669
128.81044818955513
150.95312979899802
145.9888178628895
89.3787681206527
176.6206735504004
242.76405737717914
122.60814132050609
131.22163014478315
158.8907165043339
87.73244829413682
51.40771486368362
60.07879553651355
59.27335464576072
39.79515738009559
2.6899670474048207
27.64491343648615
54.262740862932105
216.47443108952712
294.723540213703
243.95665513176618
252.98155006830098
232.9460651099655
327.32440073434645
337.55483768364275
302.9563047625709
246.9115511716302
335.87205792615214
380.3989503409309
403.7818074463662
269.1099515468736
294.34112013052345
246.42778315928513
249.4799534027943
219.2909270043665
243.7430500880257
310.58675140714104
342.60993497302866
271.47782752582134
365.11773880194414
331.86404556323896
313.0595362593415
325.08603197373714
268.57014982473765
202.6183060304429
348.8550988394627
445.64260854809595
571.4834517655595
422.31325581820005
302.73243393320706
196.15411482322878
106.11589872875123
49.843027370393656
10.173598205531277
13.3280293370982
14.679541840897969
10.73348294713054
32.12507112252939
792.8445173728479
880.6870825946634
999.2595099282488
678.6175789552897
452.69646871563157
311.3777648135056
180.26213139593574
107.16921851091672
360.086322711492
274.41941513908125
299.60643766819715
468.9763651150065
238.84134229104575
195.77648507511617
65.76161835232438
534.2276590025963
289.90905184534824
372.46274327025617
161.52819350933328
231.9533188248547
585.4001268316838
68.1755190438439
351.3870914556803
0.2118095452065063
202.80536109397076
320.87359731491995
270.6006006687119
362.1818332108804
113.55069308207987
531.3361481800589
412.2268692843818
102.52345497060651
197.21482006336532
508.33848412871714
271.7403508435432
189.16019345866323
122.91253016554015
168.4233222128363
115.48932892585003
30.576622218629268
47.176687698601654
27.926194163111518
60.07395577831903
19.83913375877455
92.3473388592065
69.12146875875669
10.79209111007151
18.550149418487308
43.657490763707074
40.084454380294915
46.94086805906659
114.45033027540535
106.12938240240396
82.34725603556404
54.54692009124227
111.04052467615298
96.58836438830946
114.27793273425169
127.88015690873567
93.01220002982944
171.36057508857783
198.65016374831845
258.56285623787477
321.0631583590471
399.40489471578724
478.85623220671965
457.4281776112872
92.23301058544621
497.31138019954676
643.2561942997722
688.4837791169214
675.2431819570256
697.1917719198015
651.7187354844291
599.9641468312452
530.9821862990361
506.8045138733059
479.3300716472964
454.7453756924483
446.92833671608133
422.2651755238614
387.20662608127594
373.5524711843387
382.295738970014
355.6310013135397
369.13123723122163
356.4397138765574
358.05398864181507
323.32328571730955
380.55677319660373
397.9233468339044
415.094065491079
431.9402506363852
458.0826844894047
471.6369202187552
452.204341185495
519.7547254104945
375.8410395983319
513.6360706963887
480.07945447974254
346.28966418045485
385.1602917594966
122.68490007033506
52.39328763776598
64.50913099492561
137.85622851748172
37.909496201532306
58.7636755074908
90.50487916456132
76.52741526501961
94.20158757091644
85.22169956878679
113.11310986335576
79.89957386702878
87.41865862007666
66.41946980650289
35.8097758710681
3.729745308367228
33.549346640379724
40.57458838866546
41.60569787576111
49.485210006649766
72.34938400839201
99.61533272725694
115.5515169875381
96.8729676288761
67.55710640162704
47.19664467388151
45.43789022296335
0.2171996538747294
38.40640049151915
25.42028048748233
14.99346789015658
66.29860764621827
92.05581614829168
115.31650882479994
125.47482880094327
139.14270504343227
147.76019545699714
142.00782524560094
126.2467606164617
103.69354194155022
96.3052851779994
95.06761098119881
100.64612718142291
106.83325562303173
110.4024899024526
118.29948644112824
134.58618084020782
152.83057726268083
156.90280230112228
152.01848698155047
142.10084858181978
141.00597057518962
147.3512890936795
151.99368267514535
150.97697725144
147.08544925248125
145.80699280300385
147.63505976686784
151.25778200578083
152.61579056817573
154.76206056478784
156.28484297710276
160.0137506597666
168.50507915473557
171.75172291046937
169.7110661435455
166.05244524585672
164.24678389940135
160.15900727970293
153.26854151986205
143.65393072786514
133.46781171065817
127.06093295520492
121.71521078831887
117.89185696469195
113.98121841804931
98.28407718025915
92.21013550993428
105.68299398205232
116.2792899529457
122.44337512384607
119.98179493920662
115.16204102199333
109.1987883406652
101.08299653481373
84.32481685398801
69.27113058661627
58.5201418509738
62.43893924959235
81.75816557641457
106.4637550461045
117.09610316465381
118.95151693464254
123.9944160255863
127.24556784488931
123.12012144155699
117.1879412728781
117.58526164463774
115.3935971536954
107.53759868526032
91.00016433871258
83.89761110381659
84.12080369813339
90.41977346025192
93.14564237261868
80.58143471385858
62.31583845517338
31.680516953074573
34.6148727001098
44.304174275977175
71.71355227713264
76.947735791323
67.16668511206984
40.858889951053015
16.717423441997596
28.384719662471582
43.96325675839762
79.8837978831179
101.20778066943012
108.31905935549446
107.16892235110225
94.28572374128095
75.32587667108038
61.92975379475678
57.504676712192804
68.50215269538722
87.28556668563579
107.46342410428429
126.34853031381078
187.0500194485817
297.4474214801339
334.76456835180994
309.62007304979477
235.96021396889478
149.4187707228913
107.15835954533281
86.10230611362914
64.2576866903562
48.897888225568295
41.465961032560585
36.58766658064047
19.28438817880584
22.938672204796262
50.20255513770104
89.56177423513668
105.98633944425262
105.82927554814273
104.25726366746528
101.67937687652591
89.49525462364346
83.72004947878816
78.66588960374713
76.11828279308946
79.36044956282825
78.71228308678144
66.55620710560322
30.19227940566958
5.297194829100647
1.366678189463073
0.4968048055511076
0.6461174145704263
18.26561266689754
46.85070311847994
6.495896586980393
43.0702258856233
43.09370732442329
23.47185867116258
42.68311398454165
42.803307933165286
15.403786681023917
23.565232277580378
3.6711180510352506
124.73575395646941
109.52087048399551
30.07870223049804
59.85139229695403
80.20024753401555
99.09197321067177
78.93888705849929
55.54485751595803
58.92461447600874
1.2414170803961042
2.080722050312829
24.29015740495754
26.783833329791833
44.12134057954347
51.952475913913304
94.26891778882487
94.0116723833205
31.468675078011984
4.66251365803862
15.95334939706811
9.622907791967123
2.6528620729112617
21.433030907814896
6.874179689458174
59.94892524363809
45.039470875284906
28.883121125518755
46.00019376345381
47.09347892148651
83.54662716219082
113.81403005461902
144.32845814656184
22.345365911407725
20.656533244609022
37.00946689508794
59.74119679474779
1.8128581365103855
2.2574714509065643
17.904666220857962
52.55382986675818
93.2968055450632
22.891750015627622
62.49440185658773
88.0979368742469
35.98181147588127
83.40363994699965
24.71180882189674
91.31247129007056
9.84972117489167
59.954184133436456
122.14673528006097
120.2134053890029
134.9623509089572
76.42375619714983
78.07856575828839
41.92241752623784
3.369814420467833
19.725022376154243
77.10578451353285
142.6503938846829
18.167857793697635
17.14242710637359
121.80948827331804
121.47566500846187
178.83631543466504
233.23708769756854
281.05035567509003
218.49687472217988
221.8568793124732
243.556251593149
251.35418897548186
176.61937872092562
190.2944351673218
247.01724158747493
207.63481647029903
271.47616781198803
298.5335187569349
321.5830048329947
368.8695315383642
333.3258463199354
344.59670392151145
413.42214626748796
294.51755753797966
351.9090678321088
366.99307028132193
329.9448655010117
289.14623190359885
361.9361901059515
258.97781981863227
368.50896200092177
632.9781020139166
414.9675768460231
347.35837935632526
262.55207576306555
360.9883587698839
358.60779144805895
296.2775254023128
221.298036827129
141.3308562134169
97.83379494155804
106.22550491979484
144.96447388322002
475.333466427223
385.6405427325258
578.5098479389833
215.283567698777
324.1743101578761
331.18495591522833
302.4423971874419
632.9692981516862
360.6728026803752
491.5431317020118
539.4036946541933
222.9952817880387
426.8361344554106
338.3099139992697
269.3303531340457
589.2602893585924
590.4041773899908
706.2963016320689
334.428558675232
619.4623387996098
443.9507950697515
711.2681141377232
305.73875881954837
421.6309909341734
586.1391508052559
294.51146688077256
338.32859766910303
469.10037000626676
52.22393096189239
356.83982459823096
518.403738485954
506.39132095941966
471.11484679433624
288.5966546463544
217.5880041055707
213.660481661895
278.9429585190086
300.2607336180236
222.85718115720124
182.13059542178615
234.60420611833416
260.19226808255536
303.01804694407133
297.02032121609057
89.47471618414409
332.7895384906366
269.6288885884703
440.04632118676886
823.506927554206
832.8076148097423
815.8880599157997
796.5211778178455
552.0184282066812
736.507647528168
690.0004496749932
626.6959275117595
603.6141205026797
612.054655402023
625.6910146668088
585.8237050204115
530.1445190686468
475.2713879991615
459.9592192506464
420.9250087366261
434.8888437802445
294.07182988223144
407.60746650268146
442.00050988707653
463.57535636468594
535.5535073158857
615.796983774043
673.2273381549378
693.0341646458809
672.0484377758476
610.6621135896992
621.5018080485779
537.2149260788933
441.6922197684825
367.9523558925302
233.26302148094294
198.03114566508788
64.72704033405591
139.86854806067373
47.48932218959999
61.429194172347934
104.15498357910792
33.97903412116818
37.679108981861305
81.78096672876677
6.2467026207493745
189.98244791775414
173.83045408598423
141.83444909521137
110.4890542137727
80.75811726912832
46.405410346315364
0.6828064462203542
43.743678075504306
83.16151522745628
82.51855598550867
73.56331612154429
53.481941753987996
45.78348343445907
57.39331523893202
84.85845300687527
121.50017253719233
141.5024045445353
145.4848106829417
144.0269700217741
140.04648686587325
128.4813341234173
114.85810163416346
104.62239028319868
91.10718854719215
88.37643581503283
92.82665316887955
232.37416545094726
209.26667884277919
168.17230951537823
123.69510813703033
59.61939895917317
9.7634719470841
39.970810346904614
111.50023268146515
195.20879133610867
246.65643735423862
257.16126148782894
241.64551671174218
204.8093524522621
149.3982846125844
101.1192104378838
146.57668897348753
199.31807580238848
256.5874344002123
261.2864526667676
260.62702585092103
261.60401319741777
270.07316924284686
271.7704332061895
256.1938623774454
251.6757975031412
257.2408583467699
260.62292673140996
265.05587095268805
261.39900613908844
266.0842763512284
265.0810126872386
263.743593656907
257.7447325176054
258.564970077011
263.49261573759304
266.16291262202344
271.5587788925039
274.68976399826863
271.2198212500957
269.4023688966921
263.47229332928515
262.98531597286365
270.26860687182125
263.83158214802296
253.96168744374035
242.50185924978888
229.75646746095452
218.64139809970362
200.83673924900535
189.69393061395886
194.71598308100369
204.85180034431795
208.91776782801787
202.79418305172732
199.8711921165413
200.63206577538972
206.41476816007685
202.9640485186324
206.6392579883733
207.27891453888225
197.22605969960784
193.4639435486455
185.0469027232093
198.4574920244276
208.83122810137763
219.64087602977332
231.76942769281914
221.92239771656
205.04938801230105
159.92018033175276
125.03831415339278
175.73038850203102
203.80556002541636
237.8172730807973
231.28945505982017
221.47177354545437
206.09869407897992
176.37627152288934
166.32495112289257
156.58379285615717
168.46528957257112
191.52402746167064
210.8009979682102
233.90675870263374
247.3355548643271
257.76554655144975
265.7533408019806
272.1986534598037
262.6898320106824
251.9644492597423
251.9546219031696
267.9456646023315
268.2942288443199
243.81018626841808
217.03214488431468
212.3749645868112
235.0051576892347
263.8128472746452
275.01140527974655
280.3156364408219
276.85533418950354
264.05397950046734
232.3603290530857
217.96394746625447
192.82932020921817
194.2097968390259
207.1150048149587
215.6959636484745
233.85801074808904
248.76109413018446
262.6363941885763
267.0415917321353
266.7576784702302
271.32425930867544
248.8520706502655
245.43662437498972
244.26660994070767
253.1577793749201
230.54071487032155
199.9047280628318
199.69255945204247
194.29779608331825
202.14335598465908
193.06657912668243
130.44175813208312
73.87009906726735
95.79406199566085
147.96218584523615
217.44074291266776
235.87277856934088
243.648929181374
239.1232599843088
245.0181217067285
256.74222048218587
266.2982471693952
274.00697698989705
261.3837119321675
230.3969694649041
181.7314111073918
137.8541346385199
157.55283324296227
155.55341647411512
159.61340681391607
128.45162285010224
167.1262182361736
112.3412000462024
115.09303234837773
114.95820542713318
112.20943148860545
82.76441503181343
22.57624717461283
95.97333140063336
248.86514616343027
198.11864859906916
46.66070800160833
14.318454034046567
140.56055382482054
133.17218524941586
138.78309850125174
157.2336601538841
101.33242988492805
64.52191672255731
62.2358293259698
90.85689303401796
168.89675077145387
157.46534675422458
119.68436122504113
132.39255301483104
155.2232397138988
122.1737633492055
131.9043955747104
117.64573463881925
107.09795918194732
125.87473288611
102.75187929246431
67.56929995201017
76.18170475047509
126.16096428197045
128.3363258259883
156.5709029828996
147.02888302824726
175.53244220295176
304.5274487502445
206.71158384113187
211.5264282569451
151.4190734904787
141.8221452183061
116.48638762479072
180.15214589117363
187.91265629328632
180.1496908626507
172.14405112566828
144.47464466118663
94.36045683034786
75.98831478496686
65.13979340674041
57.97142376642955
3.129208687244045
15.667185025244862
83.43862485434784
61.865123717453116
105.24934205874206
40.417305002632474
10.193812777237781
54.80414448613601
14.238629030711081
24.920679300362508
60.86527512981502
61.487296331295966
30.199761566038205
3.348715852514033
148.92166218201942
167.2797241060514
203.88348512856896
50.41730696481682
69.16949664174899
248.93938198801925
355.56394200071145
377.0782768420636
477.9951308499308
478.93570092137907
435.4522192878726
482.46555311442535
514.139080116101
367.55846415664837
462.1933683408083
394.58082310823784
570.3600979571975
542.0885674974643
608.9597323377202
462.0274522469572
464.5586686373772
362.2201568243386
464.1413552274621
520.9860620683107
569.8065653538756
662.538024114062
795.6226171470457
762.9118609519078
660.1764073989575
458.02621688199133
438.50255083191223
892.5121706025675
911.7105563211758
734.7124348862119
564.6755370530234
387.68519687916637
408.77536726050744
411.5889458800235
474.61483676226794
356.69733940072365
326.3571434727793
366.5396331000784
32.82402268926853
873.3262113152582
540.2234978040342
850.5823792680058
733.2547323027386
439.82020848460684
857.9489710149489
552.3672181438476
729.5601793458727
131.32872048893978
147.9012588701014
499.43187635954337
1091.057848087376
617.4201831098201
707.9026657578038
868.3855695425933
474.2961358699047
1040.0234859637212
689.4159167409114
962.1237532691969
675.8463701843209
587.2444260745078
727.4650943489866
747.117350968787
585.899043135501
986.0781348188996
669.6454321560702
987.5579020076817
601.404342054793
998.3718938113585
796.9150582152785
253.5953609382866
689.8728774627797
660.7392536202602
465.4997578300863
348.7403885302997
30.25226493330001
144.16592383292027
121.82599318422831
337.98140195454266
327.16254103522044
319.8602930612881
321.93342833178565
312.3635295128605
259.1785927236957
190.3644490168914
141.40561668455075
148.42161118982756
43.62967978990821
182.3108369543138
122.42587828274873
7.6184887045599226
65.496687028927
174.82360235193596
234.1099905684439
209.87849225246669
340.08918869980494
475.4098223354383
672.8729493377512
715.6227812442065
390.47504949376867
280.2106540660468
267.63853773969254
103.78450347538933
29.884142178982984
74.36948887754465
101.30305042339569
14.309332531496693
229.62112600136948
201.1098751995778
54.723824415304534
87.48056316764541
634.3321241262947
229.10226310051803
106.9243828310307
195.4791203586608
125.66808378028645
199.81889932505078
126.22482993612812
167.80880200108163
213.52466889704237
126.20906438652037
200.78541960446523
389.3874557740471
252.05405663976535
549.0122530499605
606.8497287055784
619.551240821542
414.31370803998675
276.87952949581006
466.2949604508012
256.985293507743
249.9217815563261
114.38428281590882
125.63195081575736
80.72665196205776
96.044133385912
31.054487222675334
9.637610140259767
112.49493850185172
274.26128919719656
161.51563145249247
81.09089191528392
20.54802218798102
29.991631409418005
45.55899108521214
30.31753936084226
33.9300770115733
54.249079775310065
53.61050444682826
45.78678873270883
6.920964139866555
23.732178161232582
21.12789002623265
72.09803428465318
129.433738839294
133.97049290689927
152.03644812594314
166.82414818646117
165.1180456146074
153.23836901031103
128.08007659232658
