0
556.0231261414056
555.9374025913876
555.7570035283075
555.320383320152
555.3230414200037
555.8377989131949
556.045006421083
556.0212181920243
555.9961287001122
556.1214179740783
556.1787059422405
555.9380013655107
556.0118820109566
555.9770568895946
555.943947806741
556.0323940029496
556.0040279228818
556.1610432999324
556.0923606634144
555.6324438023398
555.8148590052508
556.0365024287988
555.9329150255197
555.4955106102232
555.8699169770911
556.1127965837278
556.0064020466302
556.0816867760474
556.111006716539
556.1708335115674
556.2674180016018
556.2219810499535
556.1351541844284
556.1232879577012
556.0421620406468
555.9687810242532
556.1656861163032
556.2472028775882
556.2385122666634
556.2316731555641
556.2281555384831
556.1305138456042
556.1234247818658
556.0235745607372
556.1898760640917
556.1123540711227
555.9633044257228
556.0440200835834
555.8786214148521
555.8296836292478
555.8764531055887
555.8712531485608
555.759360256868
555.8324881762061
555.8905972115905
555.9647319135386
556.0247924152525
555.9226473733968
555.8980647021469
555.8150545246624
555.7391013967672
555.6856361686033
568.2947230368994
555.9683500421189
556.0478523244926
555.9604063370696
556.059762266849
556.1012801641805
556.097510033233
556.0590170998587
556.0499499066311
556.0362912064404
556.0433025422846
555.9947797957733
556.05077306027
556.0177538393408
556.0185780847614
556.0004391398406
555.8790120720356
556.0252724039118
556.1223491936966
556.2065868650049
556.178479339851
555.9052835203908
555.9399156221899
555.9915725685353
556.093552988441
556.1194381960827
556.0950286099152
556.0922602012874
556.0855202513453
556.2118961782086
556.1761935362698
556.2219318790387
556.2274627322626
556.2537024423485
556.24342224783
556.2316207201698
556.224086431728
556.2594616794219
556.2483864713012
556.1129106101184
873.3800424180585
642.4106078993344
668.3538760247152
558.8303034967976
566.0267126559497
584.0831575894452
555.8383037737082
555.8929609647947
559.4450437801297
555.9168514054
555.8680367882296
555.8283380723293
555.5679127632512
667.0803980300636
816.1969321323319
784.929732073519
755.9295469531395
589.3688592425234
601.3261746028253
556.0602935243145
836.2798704767389
908.1876632591219
932.5899240147994
931.8091778877512
928.2638881154694
922.8266450578685
883.8911925133493
907.4614582219576
936.4230753352939
886.9421513317428
777.9687458763357
1090.475616840077
1142.0152589373756
943.679031412009
982.5680387911008
997.4347353211526
782.3156669235755
1067.2597945609662
997.681976824028
903.1891380855061
913.731315446454
969.8950075647383
1010.3312121530181
1052.396830116191
1061.561690665164
1004.958025069746
1000.6630768055546
981.9061553579972
1011.4261591120509
989.9018392680379
969.8948994098381
1027.0793462197382
939.5503937289353
922.703967192785
988.0901438928635
1207.2963922591969
1236.1330064807482
1239.7395609586586
1191.1038140995845
1206.9377813990163
1173.186112299355
1151.1321535014783
1203.3561950540945
1199.724831133102
1125.620489513228
1120.4960581404036
1149.472579356939
1128.4976281874112
1164.1131291279287
1187.1536590198755
1149.6683086626717
1113.8201185646465
1137.019234700083
1144.0529709092589
1188.8726881107057
1204.8816440979458
1161.225689287832
1147.2414075641163
1150.9044880922772
1111.0293939346395
1094.9127143292399
1083.4719134441327
1083.1344109894856
1157.0574294652354
1333.4366506345568
1910.3834585708548
1689.1188537172227
1678.3863168431897
1780.5168947103778
1786.5330903065376
1695.4610289016784
1691.39161374119
1643.814211131604
1676.5850674350734
1721.1768681459296
1609.2048821782735
1737.0254954815425
1726.2515742913959
1543.5942386567256
1584.6819384646867
1675.7204778179732
1745.4998751595497
1707.2396973088014
1668.5955806789618
1692.2661521702018
1780.6399009567947
1767.6627845528817
1765.0101761938479
1630.617466030849
1639.2039127606783
1651.2008908708951
1714.8155707523795
1543.2794882502355
1637.838488574507
1605.585797880174
1587.608055287017
1271.5657200419757
967.8394190453297
1235.9487915404288
1153.8065302405073
964.1253176884954
633.2296230927954
555.9109303058336
555.995166442283
556.1082313087089
556.1452461064135
563.858481223002
986.1136365349398
2148.0676604755918
2470.5366035999095
1658.7377133071134
725.0945492690585
1245.4945686582314
1938.1606149697438
1477.0698255612672
1441.4868910969205
1313.1286232730479
1808.5671657470864
1792.494000984382
1046.223679769734
1082.2105678487176
1678.341263875114
1551.7025658037812
1064.5802410952813
1174.835487104545
1678.4914016379942
1594.668277967966
1028.2844429258087
1992.0298723539702
1284.09204348355
1735.0085140658073
1806.0999354514213
2223.877875587818
1258.723238217011
1476.5765372419257
1350.998537386744
1674.7501582546622
1818.963551223508
916.0908953006482
1645.8263749734294
1554.1976292299062
1481.1906569594478
1466.8742653905272
639.9234087434213
828.2685486918971
1057.2309252784728
1066.042939072098
1041.5969601623565
825.8639259027976
864.0994239632165
1058.4048096411539
1005.4693767671881
983.9354834338454
996.5666971342641
993.047569258406
1008.8996167786756
1062.2537443898352
984.8022107319117
916.442331468549
936.4771963611561
1016.5533448145598
938.5374772921615
950.0877227775405
938.781514387202
960.518019236717
997.6235301436376
898.1626450092946
760.8691879331228
863.9291631267855
555.8025651869389
555.9220482685105
556.0452241534991
627.1364147474677
654.7523694842266
562.4217946053826
562.590748681387
575.5768227812833
563.716917068887
561.7709256728452
558.3197647885769
567.4667031709437
562.5957758093691
578.0895384246373
591.7731496773717
615.9376794626386
561.3148221707354
584.1228177792158
556.1733747548718
576.4980540113071
562.5814233732145
558.4779716389019
563.6335648888206
569.7039749428621
584.0193152884337
623.3534032168317
599.3281257306523
584.7320675181015
564.9345426277564
573.274761942435
575.6980779820785
570.2312189367473
556.2152453006216
574.9412892056004
589.3976242706459
565.807411897821
597.0916630881607
566.7743981521704
562.4747475501753
560.8883356881332
564.3932291900309
556.1456305212612
556.2920171284152
587.539175200469
648.5938096307791
667.9371960275697
858.1633408432439
706.1650465596041
684.9982057920084
593.8511397562746
555.4691117562485
555.647126138678
555.8869728829977
555.7843342099221
555.4348933675815
555.5704675171601
555.4351338040246
555.4003733975607
555.5711066604962
555.4868863354613
555.7036264145408
555.665027395786
555.6380946572644
555.5790313100129
555.7542216535705
555.8330222053299
555.9305465800328
556.0055838085742
556.046436268009
556.0301146757544
556.0411940616352
556.0421118259397
556.0576451065812
570.1681314395406
547.3880313977326
547.3773099682929
547.4083514715269
547.3183870394201
547.3040430071583
547.3658072096599
547.2930398396978
547.2697909589053
547.2487626617744
547.2345394772186
547.2159756254014
547.2722635442096
547.2796117760453
547.2195819667176
547.214113287481
547.38868592806
547.2720339263424
547.299201279893
547.439925304595
547.6424493037982
547.6160654117926
547.6199562531534
547.5738814687616
547.5621345041205
547.4978887134159
547.4907383376648
547.490496324238
547.4970981613574
547.5566972563614
547.5055105173182
547.408451415542
547.4240426735905
547.3403850120914
547.4141551264485
547.4369817632389
547.4362897115334
547.3424620058207
547.2906985624575
547.3390413392284
547.3528640347076
547.4033068237834
547.4387296905348
547.4624095475542
547.4609386366453
547.4276743240131
547.4545723807502
547.4681799672899
547.4428447030067
547.434767418739
547.4796807077189
547.5561968342124
547.5914239396816
547.216683510814
547.2252865264771
547.2501715298772
547.232114887644
547.1843713489731
547.146323914306
552.1079161106824
547.138528195639
547.220117424608
547.2559523491158
547.2977428545291
547.4069206393144
547.2428459963616
546.9779287914948
547.1798016850265
547.1066305075381
547.0251942770683
547.1347079705288
546.9501175966142
546.966040948041
547.0153633857216
546.9499502774391
546.9441878965516
557.4741058434051
546.8987360816711
546.9960119927492
547.0138849079036
575.2354034180588
557.6001189381851
547.1647559320378
547.2687047079122
547.2930533941054
547.3795707482687
547.3785386493275
547.3973545531387
547.3790111685225
547.3615176391442
547.3137586910552
547.3128396567055
547.33384411225
547.3651155402849
547.3414955078093
547.3424842912196
547.3439779896039
547.3401713211118
547.3442581530356
547.3224334342476
547.3229647683006
547.3316717747963
547.3126040768843
547.347476717956
547.3253701724403
547.2470348430995
547.2213410926336
547.1844721115075
547.2060559659327
547.3300481734333
547.4551960898756
547.3745247045385
547.3075847450776
547.2681934953649
547.2749855143811
547.2589402826676
547.24319548147
547.2749166769853
547.257273599467
547.224537390384
547.2233603312421
547.226053800831
547.2539099814446
547.2736089498602
547.2797383191552
547.2267451717131
547.3769608470619
547.3395606728164
603.6062447271717
637.9599158598132
552.6083400862041
547.3423872041573
547.309587406488
547.3234659443186
547.3578339373515
547.3844965012302
547.3866993810764
547.3540903159468
725.1951933443676
724.5352049741971
725.198996299321
756.3604274207956
761.5066976392937
785.0734100732726
748.8277582696452
869.2786832291207
834.1282961245274
864.8226665789526
830.9505816074615
829.7206533329916
882.6368843916881
862.2841029486262
857.1539567888407
844.4112702645225
844.4227016112321
821.5226342491261
854.6313821092369
812.5183168012288
849.5328688970184
885.8168429520796
874.4255494670979
880.7901711260523
886.5629078364854
826.6131074801033
875.0162054331794
869.9349675566052
910.0711200818018
910.1127672862714
988.1870099096593
1060.4820788347815
1102.2719535973204
1088.3537246628177
1032.4540957404417
1014.4480098015739
1011.876600324133
1000.5513949369146
1085.3518692484442
1060.8502589091647
1111.9776716383358
1066.7863310816385
985.0724058029056
1045.9197478898452
1044.877978015339
1046.2936735388523
1081.2141337436562
1072.4446892595913
1026.4012178828734
1034.0447216846644
1061.6167182930765
997.4940055992914
1025.3493035855151
1064.5968742393545
1104.5714910543588
1065.557292181804
1063.8686374492438
1076.050119953891
1029.2104979821208
1046.4540806003254
1031.6125646906758
1176.6477229300401
1173.526957470661
1063.021753435663
1067.2979005731743
1068.9982143049012
1071.5499382886935
1086.4610344003686
1143.5435166320688
1121.0037635878286
1113.0786776972425
1114.1686805251873
1103.0892271648122
1148.7971485416408
1181.308322145978
1230.4283074018358
1162.90625497006
1197.5810885777707
1130.0230156799041
1103.2696850678183
1173.3988191380743
1210.5998353476891
1216.0399466536471
1188.6683850167694
1208.6933987535833
1236.3753135786649
1238.31350322706
1231.6279602905565
1188.9636914676405
1189.2007971937448
1197.1992800803398
942.4199290777938
909.9014280290912
886.3918812841081
888.290721332921
885.7372516844817
804.2175864631528
565.6680310014319
565.1252408961395
549.6429952500102
546.9725006973475
555.5807745842898
625.047967229765
1503.1832824329279
1821.5600761491412
1423.4494131638905
991.7790981360355
911.7191121157158
1304.0917252706183
1502.7292943925875
1304.7780726409376
1491.1090620189468
1385.796454071989
1972.4578604816104
1532.5605149404762
1506.7148431656258
1621.7289183483824
1350.6878404847691
935.4419913153886
1095.0465765173742
1199.9964174130498
1316.6660189644392
1158.7184704721803
1276.427024502764
1170.8029555583037
1419.5546267535017
1030.055278913818
1160.606855613112
1121.3176610110336
1264.2399957349064
1207.1788665752335
1009.7373072126891
984.9676025636379
971.0429051796102
931.5265912528366
1064.9510696178497
919.9675589272016
889.1723694111669
819.5803231013771
760.8766789095454
642.6584423146563
544.0744388047106
543.9393958472738
645.6036041814368
543.6559451398025
546.2885498498084
625.3919235951533
729.1560002977633
735.2920780290557
772.5608460174377
625.0674448268102
636.2841190762394
636.0957043936078
994.1337983468676
928.4352247140554
618.5986294738561
600.1196118252565
596.9460026490115
617.3445448071275
584.2188151075086
589.939291232094
656.576142291446
609.7011090747142
580.9851934450115
584.1411554189852
589.3119426966421
576.5994079760072
623.0624626844282
590.1964029548903
617.264849508478
544.0748687137035
568.8944946363612
617.8539290926587
610.9390965303025
563.8497154397519
584.8885544536924
579.7174856074784
584.2027042891389
552.8716832820405
572.0639260898872
577.8426122571926
575.9727984174759
577.2094662291405
556.1818766532201
696.6726047117243
645.2130035591133
701.947974743816
816.5470676433949
751.7635682462821
776.6497259056131
814.9926052357142
776.1218411445583
738.0352328398742
732.1702549801754
719.63843795119
724.2363842144165
545.3202145357914
542.7215584616675
542.6861230463429
542.7013878437209
542.6901148654591
542.6713882353224
542.6791549770737
542.7479093167638
542.7207213756506
542.6844104901385
542.714309832607
542.8036963534353
542.8315907971146
542.8871070402773
542.8780374634757
542.848058435344
532.2113018112983
571.1813881113388
571.1252050133062
571.0357048096504
571.1235993763855
571.1057095232596
571.0919807257933
571.0470875030851
571.1144358143292
571.1172372238972
570.9378334640562
570.8539501988503
570.859326636945
570.8718562714952
571.1130203021328
571.1490905702133
571.039149460851
571.0707814444659
570.9429208813251
570.9302108858665
570.8958646025476
571.0668165675793
571.0643325780284
571.0395519498554
571.0610413311831
571.0453609329809
571.0427630190867
582.5906251512075
571.1371020494238
571.0513645417847
571.0369153499306
570.989270852459
570.9637264120495
570.9562080051455
571.0634896614093
571.14532914012
571.3558995161119
571.3128563614698
571.2184802643587
571.2257911365587
571.3235922038627
574.270342976643
571.2606040451102
571.2245477029298
571.1087323704302
571.171074648794
571.2774392215165
571.3233596084707
571.2507614129261
571.208357666814
571.2182472072586
571.2238443433407
571.2202856295289
571.1851633093415
571.3177195276708
571.2792911899483
571.1938035391867
571.1022816265337
571.0414468014504
571.0827254372222
571.1011794898474
571.1486677117457
571.1620192181456
571.2699831128739
571.2888015355517
571.1505751806931
571.0985370410357
571.1216692004724
571.1179964204796
571.0824363247345
571.1034513922176
571.1643845165706
647.9805155251782
570.8722283265317
571.109530386314
571.0367692376815
570.9402579293571
570.7136274347276
570.7432661700368
570.7662287283661
570.8610969479233
570.8687394908502
570.8278481478328
570.6963106872639
570.7428013055277
570.6738127674469
570.7363532521497
570.764175820065
570.5698909314738
570.6494285351469
570.5877652539934
573.8224956479792
571.1016871992522
571.1389436346274
571.2004972386281
571.2062353743472
571.273359593984
570.8279280140594
570.6967201952357
570.601135120902
570.5889169878558
570.6169010575375
570.6750597798417
570.711018207861
570.6751089987024
570.6415907700954
577.645361361238
571.192117064807
571.2680977076191
571.2583774802847
571.2899820779625
571.27129619841
571.2438726378161
571.1749930116305
571.0932252851876
590.1491157484174
611.8586426840826
624.0008556757516
583.9468399358495
571.8205468457598
583.9804470219971
571.6991200965804
571.8556391589268
571.7942420966663
571.76076273285
571.7355491521209
756.1714387373968
830.1055209302365
795.6973913418715
831.598008741083
832.2351042966636
801.4009951584602
778.3971332042502
813.6001981573374
809.9212137062563
831.4552379785227
889.7339208635544
850.3037984679684
848.856325591194
843.0645437306695
868.145481134784
850.2754750944495
860.3214761410813
852.406376280655
856.6633470148608
824.3658238310782
866.0428203548115
863.9487747686692
814.4165301280264
828.7490227201868
815.8542622630077
807.2451418401664
836.6573931921619
843.8168202189192
833.7390707256097
816.5484896991429
861.7541384699251
944.3415714737043
947.8619720965629
1010.7236884172745
1015.4336124477338
910.4190427627678
933.1221373727749
961.847821696289
961.9081591486786
944.7724012810985
916.9617096563288
967.7639997385635
939.8603930072986
900.581624404316
961.8412240897197
975.0521384672663
987.1468510779943
948.7077474699673
959.4323999278487
977.4003655727098
925.3334472821874
935.3897568459407
916.7183419747295
998.6321526838798
940.3647421800558
898.5068485668248
953.33618264458
954.1169062773773
1006.2843436621987
982.6703520964686
1230.8472585985453
1398.7721274818389
1381.1879399452584
1378.679338917323
1355.6560446954238
1259.6647982602049
1357.0467787453015
1331.576412242561
1339.409549309172
1434.239239342094
1382.5150885511355
1441.9052948781061
1420.104088612599
1537.281324708248
1506.1761829870231
1429.4601648986811
1314.9865381854536
1541.0739577676197
1460.2185300582616
1450.50350788133
1523.6880550326807
1448.440191243589
1452.0087407492667
1471.5753587886218
1445.4323862387826
1470.6910103038274
1394.2019084526498
1492.8680379550754
1483.637175318024
1431.3774777036735
1355.0007129605708
1062.001564439375
830.1151281067777
848.1472739243668
1118.091193941385
848.0663490106247
786.3542955414173
698.178332313728
571.9098263358364
587.6825908036417
572.0566955488747
580.9033046180937
571.3633601241224
571.7009295302628
578.4213897289676
584.8361663613855
586.918881149472
571.8478985932751
789.0764255757719
1678.1337280526889
1709.605490359281
1286.0715047856363
1318.2588422959886
1097.0746516025436
1421.1184491416618
1438.1494924333158
1093.9154608985311
1359.3731388742256
1414.4001527671546
1147.3668755632962
1495.9077732187504
896.6096763620023
1534.144095365062
718.1038292830635
1085.6817211295868
1105.47340408175
1308.5886076619013
896.6294332916987
1499.146321444496
1120.8202257931314
808.2348784687313
1453.660371789336
1287.3586702563555
1704.1817155624465
1675.0733024726267
1444.8767620298033
1335.1049452197951
1606.6646122300606
985.2772181243196
1035.3069414615795
696.8283778066204
887.8874959046483
968.549617201808
1231.1102373637652
1040.113073070703
790.2853801687852
898.8963640066347
975.3695100824816
1048.087248106861
1061.681051626869
1068.8510784893595
979.4140011585479
931.1577997707454
881.5123936792653
928.952131924193
939.3994189923134
942.1414955184487
915.8959291376714
939.6225940737219
1064.4410831072285
938.2219372110186
889.5816726085034
812.3795814089299
845.6968005369638
912.8354359016985
642.9116243913131
634.9864735606125
648.0477689831644
677.0382746795634
937.1493826013035
846.9062907745113
710.1944670408482
781.4078017264666
734.0341216473853
692.4636406094669
675.8241626625835
1001.3591174502685
739.6412921614659
660.1980910986606
639.9087707757053
723.1043689007777
754.9280778123216
625.9314475777105
883.103630416262
671.4459520982135
689.8118190323478
719.1528991829812
625.0280884263444
629.7106748274813
744.2974956276141
694.1562897922003
705.5775066106396
671.0744083123593
674.8538568037221
664.0478130836636
605.0438064690572
633.5763798911448
688.0264767375131
830.7621037294568
1065.0886449825427
780.1056287527965
834.3896740550074
841.0540739220305
808.1374890404853
847.844690398125
856.7995609935278
679.7085305875406
695.7129201719993
632.8874778649724
571.9870262123418
572.0369592061834
577.7479887278787
572.0890571277317
572.0304485837885
572.1930988303864
572.1687375489959
572.0692599419258
572.0435965991014
572.0588095806411
572.2783015531261
572.2831069659223
572.2707909676617
572.2565125395289
572.2232556803772
572.1817238271021
577.3940790216916
569.942034903754
569.9342804639957
569.9252849326165
569.9157388332337
569.9323704749215
569.9142146786917
570.0069230020663
570.006374731516
570.0156994985301
569.9274453114455
569.9148373538428
569.9336552723931
569.9390102703273
569.9513343505698
569.9506669540028
569.9541061179289
569.9510172363857
569.9566124787038
569.9924750678906
569.9888415805051
570.0234833338639
570.0036322599971
569.7914198694316
569.7127053267375
569.8061574873406
569.862867384852
569.8669531198129
569.8453010254356
569.8663320291671
569.8663895658431
569.8880916472173
569.8875330139855
569.881519092513
569.9271469151674
569.8891620250157
569.8868788172823
569.8537201251278
569.6775262693691
569.5547190142095
569.6065173778331
569.8115561504344
569.902895909535
569.8780862819608
569.762802952938
585.568037398468
569.935104361887
569.7277583105583
569.6382693629353
569.6590357017924
569.6824661319301
569.581562495723
569.544887896852
569.5095380235832
569.4995284922371
569.5424744806191
569.5726286130932
569.8015670348304
569.5873531822567
569.8471512945393
569.8615693148565
569.7574927661977
569.7402023136463
569.7532814666856
569.7671563822414
572.6881839792173
569.8306845394175
570.0148749460524
569.862763854791
569.8235782161977
569.7376567325234
572.8499912069503
569.9894212164897
569.8383627231934
569.9818445506419
584.3689510896621
570.2530709272837
570.1129558780298
569.999352918383
569.9293180677763
573.0940210038173
569.9106218440004
591.2097026798212
576.267754093469
570.0986030698042
570.0627764030164
570.0353194350984
570.021821290873
569.9025844013124
569.8723676398298
569.8627519043333
569.9010137384994
569.9612661308397
569.945780602636
569.9302758518756
569.927651274606
569.8888561903431
569.89835835089
569.8989854856212
569.906401515862
569.917857886056
569.912656955649
569.9183076627183
569.9294440668243
569.9702389280343
570.0826154808567
570.1497762226393
570.1181909228403
570.0535996311838
570.0983281901908
570.0298292049782
570.0640735173226
570.0177175502137
569.9792130298233
570.0577741814966
570.002518339815
570.0230028814917
569.998657450588
569.9270513296481
569.8173057228796
569.792033906748
569.8374486878483
569.9069142877343
700.6203501366153
602.3727589339122
654.6073235970326
647.9325073966558
606.887267172065
577.8129404725446
748.7244754403953
782.2116658317188
783.6705471300141
768.696725029407
805.2819198353109
761.9880668163671
802.2382147614019
933.003043357772
899.262563914315
841.7341223062062
823.8078614236863
863.3944463957937
838.7870727641392
854.4926993120612
842.6267609624755
851.5583426938747
858.1733950522197
845.3386490920036
807.186648462045
820.7625178219173
798.2485512470168
772.8317750256649
839.298792412834
799.7142380445134
810.1803385850314
807.2139736022395
813.1588548410988
809.4516402455695
820.6393183070871
839.1677642434379
907.4131089235635
938.359055650173
799.7586917347744
834.0381614278023
874.6095487841815
916.1953472085971
924.9822206979845
901.0321712955172
883.8516729263586
926.3947441111524
845.7343745786686
815.0542915118671
794.8016732331179
809.6709284122926
925.4969797418149
795.0472211305148
881.1379826151033
1046.7761694448618
1061.9281665475946
999.5208344252131
985.7271882195306
1034.518380826313
1016.3739123583792
882.3486926401338
975.6273879848011
1006.7373612482551
1031.4896117902586
984.1071227377416
1003.4726261945814
891.3130250978472
1016.9020359360451
1239.4715949006807
1060.9975581746996
1187.605181046608
1172.1677371165429
1301.256920693469
1244.3885650157831
1061.3561455352697
1094.0107233175954
1040.6901278624723
1069.8338739851997
940.9711940829392
1464.7876397041196
1185.6249930080617
1006.1128807234071
1110.339445725298
1305.8747320669409
1051.0394757034132
1032.8409147279326
984.0002868746778
999.7239646999176
1030.0014602321232
1105.2046248327824
1175.597169774298
1212.4246781343472
1108.3434297083145
1169.1224733929853
1088.2229989969449
1080.5932914413397
1134.185412816447
938.2772894988628
843.2437227184689
859.0026528528925
870.3864570770713
1066.2569281589122
783.551763842064
623.7143603453061
656.0701705028962
583.2262465070808
564.3104821497652
564.1840973433117
594.8589112805089
917.2924362135313
1244.6328213157888
1186.1588161509187
1393.9571361344465
1772.2508951812465
1441.5560606989052
889.539727506917
841.9933951476704
940.1508703793346
1359.5838063553751
1111.5128101599696
1216.5536992915559
1239.521329530066
1244.574674314369
1063.9561909179265
1364.7326836212048
1365.318403042666
1002.9678008020281
1395.6858577332825
1170.5832121980106
990.1964800046126
1001.2514247808164
962.6322578561857
1158.51256327966
1183.7119291405775
1127.1663853201005
784.9528235596526
1193.5687642034006
1090.3427599007325
1256.0588283776322
1019.0624417603755
887.0351597550728
784.28060799046
894.9594222619644
736.850003460665
809.4905884382131
874.2212319038798
900.7258928920209
921.4644718354436
1200.2089599097185
883.6808654759382
629.8740769025914
979.7094917971834
921.9481968832384
809.994699455867
934.7114885907708
960.9279462632607
920.0068007865588
974.6902916947087
843.221661974469
857.4531387335799
896.1858044856028
930.5455605635358
916.2979723909015
836.9845164134347
758.6987249945645
788.2767097234687
724.5008634291062
722.2725810521671
696.864574340777
702.8403535942679
652.8842060935767
681.3377830543998
655.334122388874
685.54921936294
802.0719499898314
726.0930248552974
706.6130924329283
800.8105770305381
849.7295522380448
885.0675594350469
841.0460539521791
750.0380307740975
779.1588154246851
779.0687353093122
791.1126568455506
742.6077193432218
840.4939780918805
685.6376980996004
1118.4444580635736
778.4091090279719
951.4146121536297
1108.25517333765
911.728459131381
889.3240321990186
869.2578109757801
892.5304779218145
949.2327044410872
776.6641487593354
566.7391499742232
566.7531494053114
566.5851733356689
566.5555217012892
566.7402337382443
566.6990136313752
566.7129646615657
566.6829320418791
566.6983552977549
566.6970534585321
566.6967510308303
566.6999081801025
566.6957225829168
476.93979773471744
518.7435766402059
518.7377400596041
518.8014121839725
518.7976028461543
518.7805338828827
518.7578332792604
518.775202612058
518.780266731544
518.8435674113322
518.8121970884505
518.4185223132814
518.5552367938957
518.6031487313079
518.6460781145296
518.5962062785285
518.8847493196522
518.6334040189605
518.6126884264181
518.426097208784
518.464884138166
518.543780371531
518.4052780298042
518.6284532882125
518.41156692365
518.4066180135543
518.4540023183829
518.4335261653376
518.5443672928046
518.5065183767595
518.4420635862366
518.5303479095209
518.4029792644709
518.4844295447344
518.6246275362647
518.5380202111209
518.4797123459522
518.5640182299122
518.8071732925441
518.5232613615711
518.3115023957309
518.2249958433918
518.5375993504379
518.567902040784
518.3967859012091
518.4378921451026
518.3917753326971
518.4082019947106
518.3708689721867
518.3886523131483
518.5162477692908
518.5006189803664
518.4058788015606
518.6257367151911
518.5685114782792
518.5406797834099
518.4770216237832
518.5159753872167
518.4586286049615
518.4870428136321
518.5227843765281
518.4428672388693
518.3882378071415
518.3611272576483
518.3440497607855
518.4316560536026
518.4929278966114
518.5540911940152
518.3519424960838
518.3113362854867
518.3397255772599
518.6037428872203
518.4872889455138
518.3852518303407
518.3582838639971
518.2979673511395
518.3362978452577
518.3715797262558
518.3861498074887
518.493971099597
518.3829414511498
518.4162796512218
518.3887209605525
518.4131403489731
526.5600165980546
519.218411343693
519.3083607669203
519.2444813879696
519.2152026628245
519.2409144166257
519.1882958131666
519.1940195926078
519.2378087376604
519.2422233997294
519.1531650504515
519.1255138079069
519.0963077805226
519.1141716817464
519.1529404233896
519.0857984686413
519.1525682659513
519.1914316428584
519.1898483885171
519.1830574099922
519.1876853599956
519.1973353648399
519.1887723014038
519.1185640404102
519.1704231934194
519.1756155358124
519.183321313604
519.1924987345809
519.2150828066834
519.199928042086
519.257826325495
519.2402861847266
519.3181164336929
519.2383789007898
519.1482400828994
519.1881316798441
519.237005811889
519.2588601886417
519.3607774405933
523.8426828192349
521.2176264272354
544.3763195701481
547.036163372365
519.4480400957997
519.525792534101
519.4660807798917
615.795215587852
600.8959679260051
695.3170439056606
663.7648349157142
623.6871436916311
642.4813395944062
686.5484592046045
688.5340428344044
629.0901624773861
670.2037959457423
679.6293351501624
685.0025155484146
685.4831205912488
643.9140246700833
656.1966575493889
642.9502643959308
679.4311518332753
662.6801903875736
670.5651607475902
650.2948392176635
683.9666199645388
707.2361969604632
671.0621304588785
650.302043845291
650.3132378583826
652.7998485125562
651.3263854957821
645.3019934134251
660.6538937515423
671.08349386988
659.1491276740022
707.6926222264916
697.7105056507895
696.2820486948057
732.5481731803698
837.3909746013809
737.2400447775494
749.2202766607919
692.1401131288204
704.6199768509997
747.3958263836633
784.2096157148518
806.428174507825
718.6356719340981
711.9773401304795
730.9255553471188
772.5222755345035
725.5203016837851
730.0863422233793
729.2736273273179
709.3850966029496
722.064164339361
744.5631106764553
759.5953451361677
707.1674949299535
713.8401607517613
796.6908557141246
824.3026101974267
768.9145704606307
758.9205296066929
998.1335435836339
1049.4738611717482
1084.2520697091506
1064.5045321660873
1068.667295785932
1073.7168447257595
1105.48368546417
997.5200460138302
1059.1048902363987
1095.9266355169223
1034.3057152675876
1100.6854351960537
1057.6210957611806
1048.7140686510083
1053.515935082507
1060.8879886206685
1104.925355536364
1162.469831216557
1059.8376631332067
1026.5123424353835
1100.013045386824
1089.558436842236
1133.674881329261
1120.0592231851901
1071.56014201056
1054.997978162476
1140.5682744365847
1143.171747403521
1095.5361243699633
1050.9990470498806
759.6456768020782
562.9273466971979
747.8778608671893
776.1064507053114
752.0941367293024
803.4995769973997
519.4882196090831
519.4034009849877
521.3375714596149
519.4472417056269
519.4400835737375
519.3762311981449
600.9020851691245
1203.0535714629273
1711.5512718905427
1130.1069384547545
1857.0628800224283
1484.8142804547413
1043.767392498909
917.5099936499813
546.5856322491597
1092.6690534223133
842.8178910543224
1036.4203849650862
1044.2349600682173
761.4494702230071
1235.9024747081744
982.861759579962
871.3094380833043
960.5185491403865
841.6874893499015
990.4669453685162
1069.2266294033238
809.7144876893839
944.528497901082
1131.239816449073
971.7959943364558
986.2911716471231
1229.3073368150638
748.0909415944088
918.2305313657753
1075.776939065319
1140.9961054245537
1082.1668679538138
683.0329394896881
818.0001221248527
692.3778784573872
788.6979370998873
766.9340693708472
624.4483233169784
614.8762302581655
694.3548640979312
688.9494043337974
711.6160376439399
682.9729392779831
703.2207662986092
697.7995192097678
689.2624609824466
691.8405362499597
685.974392716388
715.585609415721
704.2013128151533
718.6448586357775
683.0722608768939
685.555369693571
690.4641175271212
738.5118085383405
788.6249098234479
718.2832199486037
598.4700397224448
545.6909623065758
618.5526741189952
531.0358491531307
519.0857555726677
519.2036606140466
519.2235837354715
519.2987108147661
519.1057489596951
603.5927007753965
547.7674951469675
619.8894330819088
583.2158070985156
656.3503015880675
545.5994017943889
556.5175803916917
576.2378503166545
714.3794795012448
751.4963657041164
730.0984224504502
664.257752038476
692.4708753518402
643.9372719406673
730.0852276029767
586.4083998128832
668.437740525574
565.4629409420855
587.7160350990149
574.2703365241578
589.6090887507203
594.6532741218683
579.292145563539
591.79988421062
531.7419701805494
650.5663183152186
547.7130939638988
678.0134984191303
613.4440108753848
600.9960090623143
642.6026183512023
619.8217689759912
560.0344161619736
577.2975524730315
625.1013583254198
605.7964100597688
631.1769089676828
543.7111666007391
564.910905305605
564.3828476225665
590.0969944578304
560.2015672473286
627.6100295205559
558.3838615534369
558.9066624108862
521.3190595184424
632.8159204016232
655.2759554217598
647.3452604818777
687.9095068428978
702.778446780267
698.8721503715653
691.9152691497937
690.9136343051445
666.7847569279907
655.8420746398835
605.7630941163807
534.4508058509913
518.630262215833
518.5258981204119
518.5932554008015
518.5754397700606
518.4984446679836
518.4272142255328
518.4625962860982
518.4549214412822
518.5561691251386
518.6314143654353
518.6867970128828
518.7560094534304
518.8278386675787
518.7725460399304
518.5246399429767
518.5556589233184
518.6177041458415
518.6961672925314
518.6974208277954
583.7424903456256
541.617945502606
541.629078933525
541.6395920610871
541.640855977795
541.6321931174555
541.5520482596763
541.5667393759021
541.5694913018059
541.5757676270067
541.575797480623
541.5758433794414
541.5712450357231
541.5390434948272
541.5329885914709
541.5343480948242
541.4811588279927
541.4125788658134
541.4322688737092
541.4094848317679
541.4151087130208
541.4193874414012
541.4165670499003
541.4282724303522
541.4327581874063
541.4330538648296
541.3550207028887
541.3092862838835
541.3108190579812
541.2969276646182
541.3249437330139
541.3341002757306
541.3435639694966
541.3481959442207
541.3111959261857
541.3698324761856
541.229712289342
541.228939431597
541.2172930740472
541.2251388443923
541.2404153761393
541.1497526904159
541.2505074679522
541.212309787502
541.2186244954596
541.2326205285848
541.2027845507254
541.2010719227409
541.2406009293442
541.2345528164035
541.0107457650687
540.9605048833952
541.1388041047463
541.121447531341
541.1328906714347
541.1318105673653
541.1854258291097
541.1744328860118
541.1624053692894
541.1558687423766
541.0881517818835
541.1257257601263
541.1259347354727
541.1321473821224
541.1522972465401
541.1466954394976
541.1419776620166
541.1601722012336
541.1549397427864
541.1225658134589
541.0363404457589
541.087282904057
541.0977207455118
541.0960310366398
541.0928530730944
541.0628690922953
541.0591941989101
541.0673901292819
541.0115200094485
540.9899309613344
541.0120447412403
541.0291655911868
541.038720080106
541.0444831798209
541.0551094854587
541.0378443738576
585.5029915613294
541.6309892980861
541.4865619446674
541.358418640462
541.3632161413988
541.4116573433455
541.3827021623086
541.364332929178
541.3764431374856
541.3707533041121
541.3892764665064
541.4027069805223
541.3672943199908
541.3305517402026
541.3715830593693
541.2787470068104
541.2281645202835
541.2223353936307
541.2408313885627
541.1844836476911
541.189678752657
541.1809172821049
541.1526725800537
541.1736303160565
541.1711087769189
541.114482220168
541.1539301719987
541.1916919166368
541.2003023488694
541.1639564816179
541.0832845231922
540.899958618553
540.8356130422205
540.7707834988681
540.7346303834812
540.7715728064118
540.7981319531525
540.7794593042105
540.7052932707516
540.6742423031193
540.7359219415966
540.7384079584322
540.7237190794057
540.6972448548313
540.7349209412353
540.700292783651
540.6665524681529
540.658826870799
540.6727754347684
541.0069316772099
628.4479968917699
541.2971569201155
586.3250526807528
541.5751048090737
580.7035109603084
597.1928723239303
541.4485213664034
541.2017928521357
541.2163869839047
628.5674897699354
828.9585739062212
858.6606592061661
870.9060573944888
807.4870040336554
877.7816441630013
808.2059533211115
870.9976709748101
750.3291651668693
893.8343222795321
915.2498376613163
927.4305355876378
1069.56136572547
1020.1819593551603
992.5712021336161
926.7863799125163
926.7705098769758
882.3751216904478
919.9621045875418
942.8581449660891
933.7116449543395
939.7341407743705
932.0663839613143
920.6252913465418
977.1699296500927
934.3721563840687
950.39631929118
968.7938360106099
953.4933223099293
928.9626406242959
1024.6958692776202
921.3484727584488
968.6099833745512
985.9508643131704
959.9105066568537
1041.5353881620827
1000.669624491654
1027.4174750749262
1032.8225584679406
963.2014923389953
1003.6819206622246
981.145134406176
969.9988252052782
952.2551490748255
957.5151284268326
951.454680775939
975.2820833226443
1059.9173765583632
1005.8083027664919
1077.2875409333924
1025.4029899610769
1024.2472718285321
1043.7485881330806
1029.585590290441
1029.818651893008
1026.634165986878
978.7623287739531
1002.4804557363753
996.6351712692496
939.1435819136876
1097.6206010043816
1766.0832628116982
1739.0136155164337
1729.8257826141955
1692.4159000638804
1754.3869683817834
1744.240509421486
1718.0489298430105
1139.6684461381578
1100.8105649471026
1348.6111626130826
1754.7484173207165
1805.5738275348315
1719.8502854869007
1717.9682375611362
1752.820830327874
1660.3238564686449
1849.3798131665433
1759.6391370058277
1760.83348507104
1758.89868562559
1772.2122338455576
1706.130830029419
1658.1286063729683
1894.0181763667163
1707.6322271525505
1732.1077770989518
1719.916527603918
1696.5434180495915
1725.1577198166096
1711.5409259928647
1225.0944371759444
901.395175399918
909.129738413748
1075.1595582167877
896.8355099670499
760.1144108009806
540.9688443157365
728.5885731634088
573.0760408557585
540.4635771078766
540.5069400092813
632.5230106537247
971.0421417804836
1678.1660049591364
1218.885565774898
713.8653828152571
787.5055792713543
1186.8878089642353
1396.598436388502
1206.7801865272668
1257.5161430267622
1302.7833354064062
1263.5462785664593
1048.5703843263334
1393.8610336000495
1204.241361794954
679.0279172371819
910.3874209850622
1251.281623910323
1137.2795728598355
1241.3463328821613
1433.6866506445263
631.1118854070068
892.9509154049405
1007.0497370952554
1168.7043335318865
1400.865883441472
1621.1762897152198
1382.771102243395
1533.1553137898363
2114.6782491182425
1853.7301613973584
876.624380182846
916.4999894746833
1018.0943328472634
1124.1419354827945
951.4063015794974
913.151484926112
954.0424287939455
915.9453078356813
971.9921560624167
917.9136028563954
955.2966282245476
977.0689388543843
930.3382215019877
939.1263152807506
965.9958277588165
1009.0180836629128
971.1739592531097
935.636781024392
932.5861154065047
681.9188993012039
616.6450532403564
565.9712375234384
608.8892204075323
692.5653209885967
639.2055425667802
555.7133443384485
557.9207495310857
574.7839394319806
567.1083341460734
585.3981708516399
665.7983158566124
823.5931121486116
914.3426383342156
652.7643140996466
656.5148905296813
648.1126639349136
638.1402409276253
584.584711342185
628.9913183692876
544.8515346662309
570.9529975893665
554.0597741869886
573.2045020882252
616.6782667923197
566.9984956612124
595.3634467439477
558.6339710708896
646.6881479362861
637.365912143442
693.872265396708
606.7856345681805
550.142379424423
631.2009246268977
610.5610876542818
599.144312639415
625.1972305790417
653.4867126117541
596.8433839351288
586.1538928043891
596.1508465938584
604.6056607463321
680.2594219268705
686.4170655390891
630.1091544621459
894.9526675173435
813.9861105801256
933.1554858733015
932.81436844048
932.3487110461041
960.3373799605514
929.7035030044273
879.2382821288624
615.8857814314867
552.1477180498056
539.7782242987502
539.7126033317819
539.741390475634
539.7224261916691
539.6095253671058
539.6023727434889
539.6765150573908
539.6978456333696
539.6957125943039
539.7177593479333
539.7002471704093
539.6453972449013
539.4383258438263
539.4389731127551
545.9064465474123
539.5667633848306
539.5026636988539
570.6500893209279
544.6671119054879
544.66252827911
544.6979235160336
544.6785373060874
544.6823229091244
544.6527503636814
544.6401878583507
544.6415415324128
544.7222648218662
544.6719480905122
544.6821340322485
544.6371242133536
544.6395134097693
544.6546733409727
544.635693827578
544.6419485143571
544.6437694528124
544.6585408249999
544.6196006963092
551.8696283586982
550.0925025371549
544.7444679919496
544.7370021037294
544.7574984492983
544.8757968463894
544.9183332118861
544.8722697339886
544.8631165959624
544.8661401778015
544.8607767876523
545.201145300667
546.030403660205
546.0173404997267
546.0135011957103
545.9775142414641
545.5274516035086
544.8430045575278
544.8569775345153
545.0985003142501
544.9369630181665
544.8731085957174
545.0551389320533
544.9907126158354
544.8896799216756
544.5767320159832
544.5807335999748
544.6137472902609
544.5849656687536
544.5351028421421
544.529911796398
544.5394673380696
544.4731969567246
544.513160166304
544.5242195507917
544.5266593086509
544.5298365611158
544.5050742653734
544.5443038202741
544.5430301345125
544.5250015592338
544.5276439414478
544.5814629911721
544.524824035216
544.5607673948663
544.5543672722825
544.5919013302641
544.5657355458972
544.5360499445853
544.4792022075551
544.5194943652228
544.5490415757365
544.4961914562268
544.480234757638
544.4716223018532
544.4596927428312
544.5122463501153
544.4654223944584
544.4235616622965
544.4471255432837
544.4547795036831
544.428183514373
544.4956690030267
544.4511739924421
544.4931852345651
579.9699028377976
545.7902385493755
545.808677710282
545.7469533631585
545.7533854306436
545.7977711240931
545.7867076825974
545.801824212191
545.8026003547318
545.8069337889679
545.8075248030059
545.7843514044682
546.0782519489081
546.1082782350086
546.0187689369474
545.9913399942682
546.0213376246976
545.9995101209284
546.0698942746047
546.0023642586979
546.0238451109327
545.9311670918967
545.9750444949788
545.9826833295442
546.0131751885366
545.9590788260707
545.9794874069794
546.0076104540698
546.064354200662
546.0415888174806
546.0430727400666
546.0277852678687
546.0176087572016
545.9941144097517
546.0063261971868
545.9970117508743
545.9890381403524
545.9788818721776
545.978612394846
545.95581246547
546.0068947106242
545.9964159392916
545.99472524985
545.9925201391152
545.8482785429768
548.6694586209042
549.1355092725773
545.6772537730175
574.7735645272043
545.6246327718956
548.3874359705239
545.7022080214709
545.8292453231868
545.5489238861256
545.7429089642579
545.6682959334042
545.6700079048968
583.239791959143
833.4289492582294
668.4925385261259
628.1467326516514
848.061577606943
770.0422902408116
870.5392801149313
820.2818760846154
820.9544258001278
885.1902713787936
896.3823867671576
896.3700442599229
934.8188184367168
914.8896941417885
976.205417976016
957.789831057595
932.7990852922512
949.1344281083984
980.5248097519601
971.1134226797275
978.7145728319467
1012.3987163511822
985.549914581551
960.5340701614339
917.0196621082171
940.0437711661862
982.7187206188343
1016.3592546311967
995.9178300762203
966.4566295732523
1063.9733018031347
1019.7244891322715
1003.1099736305123
1006.8749108906852
1042.5011402906152
984.0123806230195
956.5743203011816
1124.8188113774822
1133.4100883999536
1098.395826034058
1138.0190046265814
1157.2205589552043
1064.297884895684
1077.1747754260593
1078.5518693371419
1095.9388288190416
1143.9382903760993
1036.1940666868527
1059.8670435502995
1160.1546934749153
1114.2059295406161
1141.6134214646765
1179.659634203767
1153.548903836724
1057.676213079062
1154.1575474710512
1113.033088938033
1145.3217870664516
1147.6347445506044
1162.8412695802988
1122.1732121407217
1118.8565408387701
1099.7270719559708
1088.1192405373286
1125.1346084471666
1118.1962665032079
1141.6889313054005
1263.171468891891
1231.734321474804
1275.282547024235
1316.4122430631892
1271.853571696261
1385.313080047617
1363.3589758491526
1327.5952153798407
1388.3473176120629
1388.763099885207
1399.1324690957267
1379.098261883177
1384.701002725187
1448.5247923121806
1430.5538935194675
1382.4840700077143
1354.5679733994011
1328.850585346671
1388.6410457625107
1441.5756578603666
1387.1271905960207
1439.9459606480352
1413.5288312170426
1496.512704924493
1439.9889273730817
1441.2874259535872
1460.5318146679522
1443.1392787610953
1421.589886195054
1307.8055379283614
621.9610343160782
920.8175237516898
1032.2475040977217
876.4736495615581
1022.6523218085707
1032.5357666673365
607.4947226643352
546.0278738281653
545.9318170514783
546.0992366397699
545.7365501661815
545.507550562192
545.5221072653673
545.5185989850808
545.8019531645006
588.9263854699133
551.9150229007782
587.0174464708061
629.1614156374955
1092.870505955142
761.3554742351993
881.8289235337676
1297.108705704604
867.5187827826182
596.9035543870286
619.9872829514158
1025.8476180264665
1117.7629184249636
1511.551482809863
1037.9118631609529
1101.6940055391055
944.5782706923386
994.067970412259
1498.769421368346
1074.5571342435458
1247.8786255195225
1089.5414060510288
1119.1812932841285
1430.8752524966756
1166.8897130831747
1300.0654361930197
1455.3122663509132
1732.7384471507041
1295.4412044799417
1105.6907132852489
1002.8328867680168
1074.695231222276
1406.8129336531508
883.8098107536925
743.0928773435695
913.4079366804664
580.3478614450736
1129.0635035386
1005.8218490723436
1114.449810589095
968.8334305808576
777.3163204871992
1099.818343778251
1145.4176215715124
1032.42798109584
922.7837824079293
899.9953503912367
598.6732148043474
552.1870398444798
672.4926633642613
546.0033641549728
545.981407222488
545.8956546585335
545.7735677620732
545.7523709376275
545.9845041315634
546.0414206483446
545.7747871079064
545.9899627820307
545.9029393748934
545.9756566973682
570.7703863028038
588.785587833068
757.4650257770085
815.8897539481114
656.0650188044326
990.9716959295805
683.7132585342553
591.2350650013559
570.022966900059
583.8980111513572
576.6894189427849
577.9192511790062
576.6329822286567
675.7314277499953
716.772603191635
555.4547930958147
572.0598933445774
605.0435630216913
606.8970207254844
556.5787913131546
676.9655982300932
784.8585935091493
646.6851403323768
810.2964658570692
687.1227017206934
544.9708627527383
548.4367140022911
547.710022164676
547.5970109868651
553.7622882778859
547.6673273460726
554.907575636906
550.3172465748313
558.1895848294804
614.8536382556067
653.1678125076504
826.331074372171
622.3044389096534
890.9065009803766
777.3031281481132
877.7272756301418
849.2806168965041
860.5132692173098
943.2381980403209
955.0199265946226
930.5049776230743
901.5520410218697
759.2176720147125
545.2439764642698
545.1736815119332
545.1756216795176
545.1699308239716
545.1337667485792
545.0891550241016
545.0632682954486
545.13554572624
545.3212202316653
545.0932431400291
545.0213408722115
544.9894564209987
544.9352901899141
553.4924597104047
552.8759058429052
544.9850630679471
545.0477891403236
545.1177436825012
545.1287453928869
545.0937171364842
544.9963498985995
544.9409580615207
544.8852489903204
545.2774634827656
364.69254746491475
408.78165046652754
408.79277545024195
408.8064988709165
408.805200756774
408.8009258340374
408.7989344666484
408.7677795802543
408.7707177467328
408.7629358685112
408.773362341432
408.57343808341216
408.61489075668607
408.605731224797
408.61478596336025
408.6077821603988
408.55771428779934
408.5391097637704
408.48822717763176
408.484332006796
408.49373839570757
408.4934544952226
408.49650084817483
408.46560116938207
408.5488257418062
408.5501642323156
408.4906096356914
408.45938870326523
408.4829977290013
408.4685542315602
408.4451149484281
408.4362267974648
408.44221143610304
408.4454944291512
408.45791195719494
408.4191138005776
408.42104989199765
408.4273740224215
408.4863168865517
408.52530863015824
408.5193223262844
408.56347961741443
408.54373327121135
408.5789028223914
408.56565085803874
408.55620461740017
408.53912181514016
408.4800075486068
408.512757897157
408.52045552035753
408.4247079666804
408.4826971729911
408.4640172459601
408.539219172213
408.62336178282686
408.63615275308183
408.55435477386436
408.39635690014745
408.45734644905343
408.45743562287174
408.45069685333505
408.4379611139786
408.43615046944143
420.19796521997785
409.14465024429154
409.3270835062225
409.316818640604
409.37519998451006
409.41679575325367
409.2173641993372
442.56004127903856
409.061983866131
409.1635593888087
409.0333188269996
408.89916713068084
409.04117472367494
409.08256159818285
409.0165685037187
409.01874248444716
409.03616578940625
409.04878487574865
408.7143754262907
408.74397365102595
408.79371340225276
408.7857830113352
408.76871917931027
408.81556399165464
408.75607010677936
408.75944960508804
408.7751753541178
408.78144475711287
408.88558323493174
408.89523116435174
408.8497855098495
408.86693787568987
408.9523939677108
408.9759468299444
408.96053328750764
408.9777711378161
408.88561374511045
408.70283426247966
408.5477712776205
408.62385519658056
408.7141275788819
408.9253003772017
408.95897736242904
408.9272865852983
408.97773024453244
408.88455983367044
408.75740227334876
408.7448903279233
408.8665066740186
408.8961458260118
408.8803523224522
444.58106841165807
439.55560362901036
420.09463369092117
411.2027342253907
411.34303086402235
413.3399797443232
510.8135650979643
409.0667493514597
409.0847637385326
409.0357063275922
408.98273027550596
424.30641550294956
594.2143065559495
622.5523193995816
613.0607258231097
644.7743880194474
635.4434976683995
689.7394037301507
656.911176910492
646.9157457123111
657.4284398734588
595.6098791530057
619.1449873463758
624.9122189914167
679.0387309031979
711.272291966382
714.40496699614
704.0492378982184
727.050563522225
691.0756209335564
685.7074397957819
698.7193859169039
667.6852865634123
726.8896320405181
694.8418803375775
709.313848426487
680.8279460722678
694.3156157592956
692.9287453599326
675.6783476007427
656.8392877157897
687.9309928551144
823.4022394068406
844.4713123555916
790.5209390988449
798.1223956823166
818.7964238927132
787.4514536610673
792.3855899154505
805.0219901438477
801.6022372986873
768.7888695297057
773.4740058990305
786.3272479777224
837.0642011880649
786.2026285243248
811.5584511375209
836.939102238201
891.5258202101138
887.6671863362033
823.1918276420381
796.3665462674402
918.552098867783
933.9269852652343
818.7893250452202
810.8078593381097
842.869716271665
735.2568592593008
758.5979628011953
749.4181107242671
783.926719253008
794.4858065765251
866.7183426355276
907.3451373609795
889.3352954340164
874.8403678479357
840.4343172811369
858.2262638127685
895.6496778377643
965.315452393627
971.9995504620412
923.9570600643635
883.7738549409357
932.701494448219
929.218958859856
851.1487275344655
853.0176369518564
952.7763124467868
951.9339412804736
952.4856794457231
981.6712052956135
920.9256661722499
927.8454249113272
926.2171085729684
902.3371014541729
936.8946445889422
855.566778550685
880.9386012748424
878.8910414538807
853.6543329413058
911.9754501442376
913.8875000421374
658.468675981928
560.4664962235014
413.74381220919327
475.796338064422
421.1661624896559
409.45795314760784
409.4947358818442
409.58174596920315
409.3758435413359
427.2606592496937
409.4306282675273
411.3116568396986
625.0093526470465
1198.8286916736229
1577.9903590122624
1460.3559639428195
1128.120339586383
1166.8601925875728
484.58833952742003
1166.6894775767917
1086.5075354992853
583.4861790417415
1369.297588510877
1309.5392893088624
725.4299165699385
1613.743448874009
793.1028936883463
1138.0490660659577
557.9133694253021
699.7308119055066
808.4373401989062
1010.5962578438184
1192.339885702651
1186.844819376634
1029.529326720338
917.7848573649561
1066.461840297937
1073.7288619164303
665.93768145706
821.5893801393083
699.064148906459
992.6499947569256
471.55238915170634
747.5479953250295
929.0472884390681
701.7092738603985
591.4108947891092
781.6468795895964
765.9978945630653
858.7496375508164
692.6921117473638
726.7456342372282
756.3018312077093
742.0061973773659
754.535489935994
762.8289037158783
738.8317557803317
794.0961086593853
699.1620019034889
720.734660760557
753.1339915374451
704.6815575374789
736.398441024809
710.7134933373223
719.3046375150794
694.2250345557832
453.1089427602513
424.1140486921859
403.8242266128813
452.61019268892886
405.8646726914181
852.3108813016933
491.1650504003846
484.3600822441557
468.616277424815
438.70090112254223
437.5835939811981
484.3337346057819
473.286855866709
664.2069917784465
972.7902930550571
490.4407460090216
469.4382477583
487.8223251289041
484.69142388470726
496.77410486881973
465.8127741442587
446.871362135981
477.35246254310283
455.32410256962004
460.5878218284277
460.60607016868477
452.70750342256196
491.5471015232743
501.5233549657782
492.604684344859
427.5704363894487
454.3379936290045
439.141269641008
473.7302142977497
448.03290730779037
468.4462232693122
457.46389767453184
432.28655492179
469.0176203802526
477.3977352446903
478.48598115049657
438.5611604778474
429.6404484440778
476.352520929238
577.9819823753658
430.5834667345659
427.46685106664194
538.6666565293059
405.8991816524013
655.9101669591024
734.4980244590049
672.0584651479197
566.0609789096668
722.1658170841306
727.7443362701042
737.7986829567153
717.6925615811903
751.4968844471105
668.6182936583127
434.66353666702906
480.08733478286666
404.36696178227226
404.3802067633621
404.38969994201744
404.38275521200524
404.4109736476885
411.72389577076075
404.30469902739827
404.3000127026247
404.335869709823
404.3303307756711
404.4298662005137
404.39336731845253
404.40770657244815
404.40533973254486
408.733669125742
404.44138566206146
404.38184273041935
404.32694328129236
411.1920601101209
404.4747067101714
421.1818379832142
404.2808284572946
404.30450538308173
404.29230867857797
404.2951645750676
404.33546052889864
404.35477045821335
404.306985922405
404.2821610300341
404.2062735686418
404.2212690862484
404.2820509142167
404.31040959932216
404.2932060459314
404.3746471974663
404.3540200142746
404.23460400812615
404.2747926762913
404.2893077100149
404.22906236370255
404.2813788648209
404.2646959508448
404.2867091319743
404.32771700321223
404.36095957287296
404.38245585401125
404.32611356336935
404.2715917150978
404.29697603679347
404.20553345582283
404.1889786378827
404.1676099450361
404.2471853983472
404.2150561841235
404.1669130829888
404.18175358135665
404.18030635470876
404.19702118795783
404.19951855987324
404.2380431977676
404.2484830658382
404.2018203517043
404.20117148906
404.19285832813887
404.1854019330885
404.20482571088354
404.0422065918115
403.9884696771374
404.0015502591502
404.02524482391937
404.1063029722657
404.2082774997408
404.267757346725
404.1558297566676
404.0010610309715
404.11517790526636
404.1272238269057
404.21698054102274
404.2132251471613
404.28155723879615
404.18093115783347
404.14138960243906
404.21253864616756
404.30702535333995
404.23307624247565
404.26489928487445
404.2899445876722
404.30129597487996
404.3260841705134
404.27268904768334
404.3478840324875
404.37104388354874
404.3451921611176
404.3928205979804
404.3625616525439
404.3793738411644
404.2271962302577
404.28883485198435
404.2396702044234
404.3228083559358
404.2804084348333
404.36210954082287
404.3636375315094
420.4258629569554
404.26041740711145
404.30594317875926
404.2694277941615
404.2277720576355
404.28961434171663
404.3877811110168
404.4244082726218
404.42589285957376
404.39700475468476
404.3633127565524
404.3689943801494
404.3723550098659
404.3289278880471
404.21224594191375
404.1138462034174
404.13949038388785
404.19711336352725
404.2041730176305
404.1417183149965
404.12939231515946
404.1318930257208
404.1477506827148
404.2799957549684
404.2209839969723
404.22946576125844
404.1657188479703
404.2176287418522
404.21704090128185
404.220261262211
404.2129245322034
404.19563530896556
404.2159300334504
404.22710701812355
404.2403808104403
404.24928189260197
404.17152776219893
404.12321838335765
404.1913342086775
404.272695042791
404.158806564528
404.21354972815834
404.21989675052134
404.27572527918846
404.2989174572808
404.034546708305
403.774740902699
488.4714475352804
442.08218863337686
403.68162476886124
451.38042534414836
405.76430622815667
403.86828763543747
404.0638304781138
404.09521291760575
404.04282154792276
465.3052390820788
601.4539855463966
577.4703753436822
488.35040147556475
538.205219796891
572.3608786148029
585.195745458391
605.5749092220806
622.1647563245956
571.791749672421
654.0331157870778
629.5647473088261
642.234294935822
637.8617414566581
674.2095026993178
704.8259885762186
657.6633767142245
652.3430524924875
629.0255289096658
627.1838609628996
599.9876355696712
632.3693842748642
630.9130128342997
642.4966435425233
644.2449746998517
621.7766359044729
633.3269545626815
617.0644699598325
670.5810466316256
653.6257118587711
720.0541203827927
782.8687706278179
765.9130353772616
721.5792982462367
732.3880848094166
748.2989376354276
792.8944759504279
703.4877957128167
790.291228510984
770.9048633463824
836.0299830565232
844.5050075876895
742.3114444987275
751.0606940146056
742.4386790794076
801.7781462373234
733.2650501700095
742.6236653260846
724.106651903867
760.8359638616258
766.6703972774542
821.4031197507802
782.0030840651951
770.9101463672265
769.7654827810761
744.7371352463424
774.3766344185794
764.0478213623389
760.8781496337323
811.879730405504
828.57149303663
1010.7082867660715
1004.1752811468853
1032.2072178778064
1077.7494829255468
1138.0117948220568
1064.2805586935017
996.733735675866
1005.9538651891226
1038.2088912188797
1037.5420155478375
1026.8513582948408
1006.1804223468841
1050.6158112155367
976.7890989554
1055.4975894352078
1088.2965344351003
1059.6498036578491
1027.7812261633424
989.7526956249494
1024.9360313823797
1068.922043675864
1102.5804213010133
1016.4521872790992
1048.5322564902892
971.257947411433
1059.089102950278
1123.6423795694193
1044.3839730933094
1076.7171540594604
836.3233226498501
558.1095565586024
718.1650458018296
716.0384311659308
627.7302357495491
418.55532176752024
404.1736181523601
404.06050677430557
404.2640121119939
404.21570307347156
404.36883345437013
404.3210038824016
432.8695668613087
1286.4831529915546
1104.1483607818566
1352.8010317880617
1233.1409068463695
1611.787946716807
1601.3809983952178
1442.2058140342654
530.8592519126756
851.6369463103522
1541.6326511278808
915.0893135136671
1269.5185463387195
919.4029954562341
850.6535563775005
1070.8525352353843
666.4648587583624
1101.8074679782937
766.2963304875409
889.4704897763063
669.8064164273574
1247.2583667277331
841.5449551552083
935.6387674945254
788.3268058939382
613.7986578368425
817.7112952963246
973.7501688391324
799.9667971506374
1050.84996371856
856.6072889175937
584.3125653842958
594.1541503458043
616.4677147409261
882.2376610936897
724.8241879495054
662.8871059743367
540.3020966081411
410.3063424565868
438.4956087248121
433.53528786069387
403.88284319683925
468.9991759491339
534.0688163427815
567.3506606346036
787.701552428646
664.3858867032997
806.4204578129302
759.5236830404598
455.1602995060141
449.5614737943323
448.1647162757779
431.1032694110098
616.1988979975733
418.2351177948775
416.3310050074257
409.8277054777727
431.56424048172585
430.16839331950666
427.4422555993873
409.32979423080997
419.0904486509146
415.00522863198836
418.6675863744837
442.5758512645216
415.874403055908
519.4254475874304
422.03217230693576
403.45744795256405
419.0594314819126
410.708876673103
405.21113023496275
411.2199670526476
411.1800705465157
444.4181630460409
444.90158912962613
411.23130222559996
498.941154572454
493.63232897804335
406.19616746914323
483.2369027566054
489.1280897684373
567.6142344915305
481.6751493056194
572.6015047190917
575.4734593945736
559.6874491996311
669.3531668672842
680.7840040274641
652.4059226373288
661.7241113279188
450.77761411046913
404.1290943035734
404.04158840853427
407.8772487897878
404.1657141442543
404.02348026554364
403.9914277565352
403.93822687725157
403.87796638921765
403.8823283572714
404.00111388734217
404.06725470995013
404.20708503616385
404.23360275380986
404.1493759977655
404.1360240475611
404.1777389165844
404.2220869398783
404.04330809318265
403.9759276726336
403.94998576716984
403.9610008147065
404.0173256674725
404.0333934226354
404.0670342970946
636.7380962369713
624.6527626530708
624.7463865513295
625.1093583008945
625.2147494845757
625.2777734908988
625.3325938054156
625.4092521430588
625.2605440085895
625.1855642081922
625.2838468950177
625.3930217196264
625.3428056568675
625.3848901682463
625.3966444704075
625.2175331059233
625.4909419713175
625.4761047760377
625.5805721356643
625.6078386895066
625.5438474810318
625.2565047308423
625.5676824395206
625.6030246909298
625.524067656888
625.601250263902
625.6827727112307
625.6904024163042
625.5734556464515
625.3790322854322
625.5936343328384
625.6357230688567
625.6287393906644
625.540869498668
625.5005388463343
625.4909440892276
625.7554968369019
625.8190967813623
625.8260459468619
625.8039374668788
625.512846065324
625.4370295543487
625.5516229205065
625.4532620255144
625.2861587849042
625.1678572450774
625.0321539161104
624.9842563263795
624.9620416213605
624.9907926826646
624.8905886543547
624.91264439419
625.2256576373447
625.1751817112626
625.0285748613966
624.9487179052064
624.7809459243184
624.9211194572337
624.9970857150628
624.7651898340479
624.8510627908292
624.8916659755449
625.0181525121528
625.1300812912135
625.0919514963019
625.2439309553663
625.4083730867322
625.1740981748104
625.0938992512953
624.863305138476
624.8462216687983
625.0945401797713
625.0830469621953
624.7408743562262
624.7476992707632
624.6628045338304
624.5672528224762
624.8863624570234
625.4856354966632
628.6894501550483
625.7335214345379
625.7361672559683
625.6327319931181
625.7602464197914
625.6891720756622
625.7127869495572
625.7719540071798
625.8231858620853
625.8121679623882
625.4306218871887
625.7292389219112
625.7526485978325
625.6627688305255
625.5851505542273
625.6326963541756
625.6148073158051
625.5184739364632
625.5412761304993
625.4417258991101
625.4977451019531
625.5421861351645
625.4977227810892
625.4872317503209
625.4673237341073
625.3783772782814
625.3664059075546
625.3216121060434
625.3587706015418
625.3144158427714
625.280791976746
625.2829393580021
625.3189248254101
625.227201016061
625.2525998900277
625.2289485125065
625.0779912386952
625.3322515587957
625.381428853587
625.309323253953
625.2188992769891
625.2437947604374
624.9387188270875
624.8628837110758
624.9634700108799
624.8909800703208
625.552446059725
625.4253688728339
625.0827626676065
624.6242911946941
624.3832897255601
624.6084008914157
624.3161890120601
624.2257085649271
624.0612123859883
623.9609563440123
636.8871501783376
624.9215493775187
624.9749414098063
624.7098204660224
624.855929239657
625.2482474203063
625.2669182853417
625.1162026248072
625.2172591166029
628.5291821896491
698.238862417502
695.1170347943931
625.1026249559924
625.1686897510223
625.4165367742924
625.4568506580681
624.9681699487336
730.6751883761691
951.3170372958592
944.1329903042882
804.1625087599982
812.8708617116525
928.9239129478414
993.3735697405481
1006.9397474345955
1049.7934303342486
1026.811236669703
1022.028449087576
1041.0482938200682
1060.0856492650237
1050.6044812524874
1070.4178219252606
1058.556333145474
1017.2735074854517
1041.017196410463
1025.9663406527177
1042.6606134750546
1025.9468823584866
1039.5286132012814
1043.8807697459263
1076.7515037061362
1054.5667888956998
1028.3232650993411
1041.8775902417005
1037.865756730884
1045.8206351062036
1045.04731141444
1142.7472370217454
1321.16426449231
1266.2855593428483
1246.3905048254228
1229.749192549084
1237.867175227828
1282.7446193396584
1364.5287661399032
1451.2161075427996
1320.3076945134924
1320.1582964821205
1289.8613427774158
1223.7644064887968
1227.560411799534
1270.5151552277375
1304.798978429719
1294.0397575280738
1409.4046253885178
1319.6835342346144
1220.5737866757383
1283.6094029543276
1214.6701140516134
1312.7723457460113
1331.0028100304548
1289.3162983504005
1274.3024726496185
1225.1355010541997
1215.881634253692
1232.5288500624654
1343.1805214188255
1502.3468905009659
1688.9606966531553
1632.6308711699355
1623.6847299187004
1742.5222328411646
1723.5236021008886
1692.5301275959253
1674.5371115561154
1708.7403728120257
1593.9858410178701
1626.6623797971656
1588.7077842108718
1613.5457468279017
1592.523355968585
1693.114587336929
1696.6368171981849
1536.5874146717945
1708.3599857771521
1740.1585138436963
1727.2566223727122
1546.4029815553033
1642.4006327645627
1641.9522772836206
1624.5743936758347
1648.7848620911814
1605.099575111413
1646.4251452146957
1539.441728665148
1683.3340614301753
1731.307738748486
1550.2807345672443
1316.4167366989464
1049.018837705203
1103.361158018465
1114.9987282852867
1276.9133977533575
1177.0734795534058
1208.5585950885
743.3831899320174
634.8407875572311
622.814663182846
623.0216795917864
924.2422929040694
2495.255612549951
1657.4628849217906
2036.279000318428
2619.8591761528287
2067.7546654659345
1179.3180616760314
1624.332457167172
1531.611187101607
1791.5667502336423
1668.3856158661547
2603.113235470098
850.9997513054881
1372.0066835897119
1155.5666357818284
971.5786250681034
1494.4602729031315
848.2897443645018
1445.6721504933328
1609.4144142325888
1265.947796901607
1043.020392045023
955.3157457673029
1002.4297789040305
1302.4526456326882
1104.3032183363555
1173.125192512412
948.2846229294815
1168.2620327700777
635.4148823501541
919.7123670756904
1415.3260600075812
986.5060503438375
920.6998284239393
1016.8589499270046
1021.596197667808
1230.6528647192845
1085.9353087584986
1012.0548104787482
749.1022825618766
695.2403713204834
631.7096052803213
712.5511709428591
738.3338287820642
632.4896928445941
625.6778598299718
625.8022549842834
625.9839526466691
884.1373304586648
792.8186167245932
1012.9042717068395
1180.494616985805
1282.1021594049425
1416.2960518680811
1417.3419649461885
1446.7204783535851
1501.2973813552178
1349.415220186116
1166.1543253385375
1011.7605432349752
1171.4972959433035
1011.5948221112318
794.1107470298215
1210.6631091661861
1262.6865341022028
959.7205649464901
1008.6395159394946
1240.3162345119642
1216.1420610729242
1171.6920650972147
823.0478206900005
912.602013248631
803.3155530107125
1173.1328669989207
1185.7931661758741
1132.207995490555
1352.8418677709255
1463.7773851915163
1470.8855663842771
1402.678012332008
1384.6065884359618
1354.9387986339812
1377.1669772047862
1287.35909049774
1228.843582729295
928.4806608394254
751.719315259331
684.3531487311374
711.6696039350488
1086.0565137071262
788.5384827978411
962.1596631870262
916.039656831438
991.4959604621566
1000.1576033024729
1024.8129169349234
1025.4830704267538
1054.951368949513
1055.7196162286632
895.2156172554147
625.873522029887
658.4214919672758
656.8363093164447
625.7560814862267
625.9293785956788
625.9065797413228
625.968552353554
625.9493052536799
625.7841103491564
625.6219451578827
625.581369788468
625.7970041436446
625.948623780782
625.8727373933328
625.770769171325
625.5397198762524
625.7089839158886
625.7268197234098
625.4710039024166
625.6558531951725
625.5722277081542
