0
470.6331389875026
471.09469209900914
471.13922371449917
541.8075991553332
475.2501985256277
476.05867621548606
476.6193896731666
477.3643411023246
478.72956327716184
479.90125928025924
479.35001239893165
478.12126657607655
478.20341362810376
482.19298492665234
579.0139652468766
489.3174434841446
481.22303530368526
482.2520126664873
483.47969827802694
480.7799932187786
481.4234005572735
481.77019105969913
504.62398742406447
474.29959383966644
502.1637923165437
664.5798647830117
531.0588575371079
474.00976632707784
490.7449428211051
472.84684235240945
473.57710921570845
508.78664933522526
482.344259022855
485.78138066904944
497.909187711991
489.1070981186057
482.4744016686475
482.5985656505126
482.7255829015086
482.8848215092179
482.4733201275041
489.7952061761667
485.7183426275367
482.97120515295705
483.77350266838005
484.542213095573
480.77541779177494
481.6004521698952
482.89765742852165
483.19668708203653
506.04483617678943
497.8760849478733
497.77289532618613
502.7164501417044
566.8414350846184
499.31847521093766
498.82332336257934
499.7737273929593
500.76036384631914
501.4020496706308
501.04472521414755
501.5305732399024
624.3493282643703
529.1576458655478
524.6849296523673
524.52749912242
525.0778979261501
525.8364776269027
526.7961554024865
527.4928775569962
527.6563965839439
528.242195305737
527.5025173384925
528.484035716036
529.6370244977426
529.8644188409055
530.1669152174466
530.1568069452504
531.9189949130526
532.422874633425
533.1616942686579
533.172916399221
534.6438424663585
537.3755524360448
538.0395415993455
538.3591458955536
538.3048647567971
539.1966116746756
539.4092807249597
539.8596671518065
538.1035305595927
538.3146357334276
534.4206129096319
534.9561147532172
536.1336376479221
535.9791679781578
536.2742262750259
536.7011764363258
537.1773716499845
537.8958358185434
537.007828125114
893.6861923978227
905.2638133280612
642.4979923085481
645.2950817467175
841.2284618888513
803.0598979681565
529.0327661380064
479.57029972001135
481.5147013403387
476.93161350030334
470.32218786320465
469.3918692079154
492.31840691766615
477.7721604919765
588.3501489046914
580.0422230720349
768.3211139596544
589.6457650292928
772.8684947077592
509.29150057438295
511.24348947006933
634.1437912381924
602.1353146116277
672.5845450865256
642.5460517189717
617.72973738674
654.53431038874
1109.8819538605344
764.3411522399948
628.6218296446874
585.3850440847392
650.302133630426
741.2575243679635
708.8113618710325
745.0711622697777
671.0168833099352
894.074015236752
907.1543630630156
700.9909320020389
654.6891164153764
635.9266120837913
718.3590545944121
716.4546121371349
702.0574930438719
734.3477546195871
675.9578446080487
673.4941339287623
644.8676347809072
662.0866568159416
644.6738293116858
654.7227570640176
656.294454437821
646.4293869122986
634.6953781030977
634.7527500162872
667.5190562451111
717.0499189355606
739.66670552928
755.2967815837543
727.9005513939678
718.6734138372857
704.6858187866991
707.5072291235044
720.2175539958488
744.2443154679758
731.7420741664222
725.8568133389715
728.13887958468
702.8422690111021
756.6463649633432
731.6601597859782
638.6258713323108
593.0536612394567
655.3939055545818
807.0873371814805
779.7376333665426
755.0665370916739
741.0903969448261
774.8443829865577
749.4967896837446
727.6238746334899
708.2919606961536
713.4856352488935
727.2647774297833
734.3525034683995
1007.1889767939459
1024.047435351475
1032.6186750212667
1020.9596472743127
1034.775423960178
1120.9700922936981
1092.3791840265324
965.9036474566466
894.5724904426089
1124.4300807134205
1138.9357810891438
1133.284505394184
1214.4977152871052
1058.7297087122872
1113.1255838464945
1279.6191174059109
1125.89452218221
1179.5398821329188
1219.1532902289014
1225.2604856198989
1195.3835303951755
1252.7038267492023
1224.5067335635374
1131.2692828188779
1112.3580534095847
1180.6696852248394
1181.3028704086605
1277.6985910409787
1155.198659667268
1277.2327475453085
1197.2797990419274
1162.2129250656915
1035.0739332034332
807.1693847676369
780.2659017277658
699.8841482267977
762.6917330996715
557.8326501935699
457.2820251303658
457.2379393494459
456.9668518310266
456.98604146431086
713.7114187991467
1196.2282374866775
1344.1604381793884
1431.3286823284104
1142.8601746447935
651.5289049417214
1215.7535987192439
1010.1628036360768
1066.6271444120548
1585.4341579167153
1333.6044129094143
1070.328164981796
1306.2584525565503
1105.7286599519448
1066.8021876355622
1549.1558935198739
1318.6732742605373
866.4057863862034
862.5602856857403
1567.6869100191182
1026.9861388713455
985.1357379572945
735.0220859922623
1066.6261153598723
1473.170907068034
1602.3794388986091
1177.4278576480845
1047.7461151886007
1219.4852619572362
1476.8277470644055
1541.5798961745977
1550.9392351935467
629.3086791999041
1408.6276475177126
999.0741001965583
1023.6485585062686
1131.2131447513152
554.2398985897615
931.8253168502746
707.9443903081091
765.5461882767976
628.6615951189451
726.3865074411159
603.4087940764176
729.6992433904678
713.5066928006323
1061.0965077626445
682.9006028809098
666.25560767104
704.4291008308334
672.7991252236117
624.0330997895323
761.6266105845033
648.1256560298579
651.1422620948401
646.0219531596905
633.2528851883111
812.8542611256356
675.942983670924
646.766620316981
606.2974614164274
725.1837304710897
874.9654603747844
534.7814236276922
510.33663112832375
511.63953461315987
664.2864419195276
610.0095626963888
547.435819273115
546.8561324069384
526.2493217087647
551.3613675294757
555.4477419539692
557.5681367960866
539.9832980134935
562.9727075184317
672.4906073955241
647.4958708048446
636.6808428606598
670.8649205189982
669.3893918344648
817.5788405399477
604.9501402366662
717.0296345456419
667.3771895545297
558.722101812134
617.1426927046344
592.8835546400237
676.7973201540339
605.1040440171353
589.0677779996588
578.3675237198428
567.6035517723085
543.6987508671739
553.5219232601765
590.6587395240665
602.170110887797
637.9148782926146
633.5289433446594
611.9788104535485
605.4895983400487
568.8934242663515
566.3324783093045
554.417002786866
553.6774095654581
579.3145499660105
671.5452839138285
625.7138848985293
635.6537155919855
547.4771163441103
550.7170466997851
563.079039102428
496.0652704980235
487.80538771544474
538.7955061403909
503.85904347889874
486.55397157393105
484.39148547126865
482.9975838525726
482.3713042342039
482.7368161845062
482.92471839025643
483.0546780470863
476.6601063533543
481.1020887077728
495.23361086288935
489.6776649949918
489.52144568287974
490.0292815757423
489.70420801428406
489.7010255070247
490.12761462508035
490.6900929001116
490.6219633339816
491.0556008312748
515.1449089434725
495.0096332967309
495.3531807215258
495.3511426404547
495.32768249305144
494.8689271732068
494.5647337029225
494.5095129726473
494.42680174184443
494.64945063413876
494.51760811298055
494.26636972715306
494.1460346606145
494.07136554908016
493.8374530196955
494.0864672706659
493.9581009322209
495.86497848107416
496.33695612800335
496.4382091939444
496.0116565963765
494.8454348014072
494.4343360452998
494.023228876411
493.859854495201
493.6648979743451
493.44583270783886
493.5268287458085
493.5892299283319
493.4955443892482
493.725763118829
494.0797604552607
495.7754066827793
496.6024754011665
495.92410777506393
495.9295600869682
495.79059988466446
497.31271902298107
499.20407058320285
498.8526678779736
498.1661696479035
497.8506127572494
497.4392832504135
497.80873820390406
497.518585079655
497.06609242150677
496.8955644048813
496.98625131911075
496.75475021066535
498.8378089586579
498.52316399805926
498.2824831219668
496.70962055166643
556.5604585119789
486.0683964840712
486.9896719435107
487.95370179836124
490.2549897579042
494.88026273030204
496.29144198401616
495.7568054573005
494.3675306026103
493.57005929741547
493.92903317382167
496.0868668571102
498.6285750879105
496.4606376986358
495.86258222891746
495.32122609032587
496.04695868534503
497.9239236391392
497.68461749870295
488.8693466404667
489.2926529313955
488.96598532033994
488.72196830975
488.4275577702488
487.114310010192
491.2607283903666
486.9869947122067
486.63383457987385
557.128742874122
486.17686535186937
459.07109540775406
460.1878786201067
461.88202051257684
461.2208954236299
460.07840446396176
460.1369686623867
459.8616484315556
459.75614411220454
461.5834862240813
463.5667899652181
461.3157978056794
460.7458160728555
460.24601328879976
459.70365929880455
459.59155083438804
459.38838342248715
457.96943395358926
458.10246297984014
458.48013854980866
458.78855557998736
458.6059589287558
459.0890247414696
459.80774372572915
458.8219542847799
458.72516849770267
458.08228407633214
457.9897195838304
456.010254053148
446.97347563982885
452.6533405659571
451.91319856804955
452.0881399644701
453.08995218904505
451.6738401396232
451.4249395510038
451.07376717790106
450.6061130847026
450.74746654512586
451.41778648233264
452.24008900136715
451.4449258259367
450.97188669269894
450.7636529668567
584.5644791992224
531.6772821045331
533.2652658583738
608.1465748839933
545.6841815465816
532.907466279566
532.9484044969424
533.0788607012929
533.4161310784626
533.7032327167458
642.9225148993912
532.7279005720729
567.2248023358408
660.818327389447
661.7713433795066
651.353835397647
643.7525735642461
664.9202362315325
671.6854993845669
891.1581233685622
780.0042257647744
707.412203409822
700.5602036091268
687.9521068580277
692.6070984319288
727.3728200132211
697.8179122768163
709.2250917112981
713.7370996786024
695.4206064700047
685.3239765421753
689.0064633640802
677.5804906140586
703.4141228893021
699.8959297607382
708.475527709194
689.8151268131592
693.2701549437941
780.2833815626002
696.9780878500376
717.9540798516771
731.6286546176557
713.8849273399017
797.2430809900671
770.0667311630032
774.1291139793683
714.8576853366593
762.0058410776619
775.9910564733456
700.7077989261104
706.6838067137805
795.2799655536885
807.3503847529767
842.9552730228233
785.4122733924787
789.1665155383678
804.6052468042033
793.4185096375697
825.901030561258
816.4005094780923
767.6988338245856
723.2127979087848
765.3448530468843
757.6117083406441
772.3139396833703
811.2004187529881
773.6910446379034
773.0473543000576
770.129113693785
941.6812226309764
745.1358358067055
797.863859649081
824.306820681245
1040.6802346173342
1163.322821585193
1251.7375170834075
1231.3945850212249
1239.8383269125711
1162.4330749964372
1231.690305726334
1257.471387051067
1430.0520696842261
1338.7009863459411
1405.7124492339997
1329.962456460199
1237.6380266736878
1379.239962313355
1286.2018651332662
1330.3425305924877
1370.8623286862073
1358.473591793448
1380.846656350617
1430.6191661768135
1320.4542123488734
1315.7986552899868
1294.8510835193892
1369.1095454941064
1350.14138488199
1453.9568412899532
1510.004251035558
1484.8963426626235
1443.7969979078262
1519.3256948245619
1485.645954967369
847.9326285932316
767.7238444845474
864.4027861632128
786.6599494118119
916.2019418756963
597.4072326277549
535.6581343060163
532.1619464794776
532.6148748597858
531.8260828992776
579.5054170657729
868.5686680957361
1089.4527173537729
1325.280313800689
1133.2059762454594
1051.1535400191706
1016.8041731258961
942.3172111012439
1212.790042350371
1485.5176424525268
1209.3109032698392
1345.7998362503504
1378.4787201985553
1410.22753281772
1387.2668682665833
1121.895074264865
1398.3490580335292
857.6963173993358
1718.5157380177895
1224.2051848056362
1804.1685631313128
972.118973265173
1209.312515433974
1276.3134688912135
1703.387609210925
1332.9369671308145
1137.8794896708498
1203.7666228364599
1861.1017401917743
1458.2665557750975
1733.1845554467716
1683.6636470237754
1539.2049919392348
1023.2469797450265
864.4399966184794
842.49272449797
1007.6156478672374
768.2707469840842
802.3982645808319
492.09992433060705
491.18159309204606
503.9352174008125
553.5746776222763
535.7863455431044
566.612830388041
1013.833189454197
769.0706255852256
592.5082408484609
518.4083163924637
545.8580467991148
522.1299561063767
559.7269765587909
649.2559555058331
529.590408384713
539.9268904990222
508.5742929065052
515.3027924943594
512.1195100125998
523.6722071980674
511.7717741570015
525.8080742849897
558.6459956950038
634.7843351705444
519.894735283636
509.63644402998915
530.1029946663523
506.8327683415724
562.9518385835412
510.84442781174243
508.9663315541349
499.25512183501615
540.6107614919381
503.8349686806708
499.26048346593797
500.06814710689883
510.66623920346376
505.5304598018814
499.3337012468498
499.33538892882785
507.6972263342936
504.9206395280832
498.5023495363028
523.7905238309695
533.529298188292
555.9617514973208
660.3985824594362
893.1391595911166
772.9086848346931
765.992477802983
792.796610031156
732.0380533534917
692.5046166897075
711.8858368792814
602.4633477495356
600.6933427792584
498.20041128812954
498.56200991590885
498.60906618384575
497.5163619242921
498.30486941278787
498.8166874832646
498.48965879478027
498.23872945002466
498.1018296458201
497.84802457685436
497.9620867960844
497.43523222432435
589.2565470877964
496.56835965006627
496.75713641500613
496.5984430602721
472.6262365305422
586.4570969287143
590.6048143320289
593.6277554071403
593.0366852837345
593.1830337594131
593.7912758053652
612.0682979164518
614.353230321742
614.5631504822162
606.9767937584905
611.9048516751582
613.4122905713206
624.5115898355874
619.1955506712895
621.4814460783117
614.4487572748532
620.1347044224568
609.2462803662451
610.576926779332
640.2623809750561
625.4547422256418
645.8677054343137
592.6365155065961
593.3626987741192
593.0607184163912
593.3039498592817
596.7533324824863
626.3747261601153
627.5580558800665
627.012183569202
624.9964289209325
624.9920429819365
628.5301873968305
624.6154505270059
678.9179856405639
581.345568876631
583.1355773926545
580.6209185747731
580.6062105183759
589.5168962539444
585.2835848862196
583.9270242718734
580.6797214452932
580.0623815864594
579.9360683832741
579.6112994376412
581.5385729664996
580.0385886816109
580.0736688290032
579.3523973767066
580.2395635482302
580.1575803435039
579.326256432554
579.5692055906408
579.5173300728187
579.2100476825599
579.810937163573
580.8135704824239
580.0675257471381
579.5173237723228
579.6217636894896
590.5561154925006
581.0292865940052
580.0278792497548
579.947858017866
580.0379009300788
579.5480298487464
579.1889243897
578.8265276910121
579.2355285532848
612.4772351755527
851.8894430105128
580.8249729206385
1073.154258782545
558.2354135330871
544.0563243219195
543.115568666955
539.5660584777206
541.2757601729969
540.4606554111538
538.9373061866966
537.4746740558651
536.0390161431962
536.9259997695115
536.2306763934878
534.0613035786199
535.0873950013802
535.1593618864605
539.4888951837053
538.5193035462195
538.9056351028503
538.6844871159171
539.4636508094965
538.1573552120972
690.831965321501
847.1134321091946
545.992828813921
546.9176622386184
548.2170627578039
548.6363885882009
547.1649798596588
548.2653505534073
548.7046042419711
549.286869979879
550.404726975263
550.0266788100279
550.4414584982189
547.3070405635682
547.5301000566484
547.892935207772
548.3128468641784
632.7248195481451
742.4670243294898
770.45079112595
1103.252990584924
900.7228591221649
916.0118839982671
759.1156675769138
630.6656407974284
689.0795156388318
690.4338349197748
654.6110420073097
662.9015013686495
642.2159869910572
695.9230036837872
876.8543212672233
831.3258610131928
825.0637136036936
814.162068606227
1000.4389619024631
756.8503324865588
874.0144027585483
781.2078738706069
833.3950540604226
948.6785271166049
973.4374205873224
1024.303900702737
803.0453278075732
1106.0757218289473
1398.5470707063132
967.204262975902
816.9153889056372
810.6984693398929
785.0831969726913
793.8770562226788
809.5639649860785
852.345852156864
877.1839064719394
792.1573506858548
1089.8702870056316
798.8481276973715
850.9876662328791
886.6960109941027
795.64849907462
864.2314602445539
856.4407909224691
827.0601326494326
806.6204086087172
787.4454209558721
1065.2836548841228
1060.6605142674891
906.5452481387125
808.7004684643243
852.6844264636745
916.0466230636854
976.3745033483189
768.5286859914676
888.5111067530399
815.6276286287806
834.6528401010729
791.3293003364466
889.1305647124474
773.1721507393696
855.3746393243647
832.1252311470364
892.7371233344951
841.0176398598352
803.2755787130781
863.258223832322
823.3689827854578
849.8111016257031
762.5512286470574
854.7412476081919
795.2111795501868
809.9929236350773
1186.2407533186993
1240.1490177564137
1202.873444711749
1257.2602386505328
1205.346977993226
1139.4402787496097
1255.443033001116
1205.3472999749374
1252.994516432716
1226.5696932594344
1159.0392071949184
1208.3484545991407
1202.2738143810707
1243.230379923012
1251.337521776813
1228.1398646359369
1322.5447167781945
1254.8254794406546
1247.5640073585398
1351.870916671016
1313.6871748252036
1326.714590494424
1298.6348463359577
1325.1857938794442
1333.938461089951
1416.8828069988008
1397.335041410233
1328.950351444031
1451.0088546768352
1430.2143421624241
1494.3347149287576
1182.034027541961
1074.8683390459591
1095.8380775893215
1442.1011606467273
1532.481364492654
1283.165062031691
1004.6784125815719
1067.6348759732837
605.3217946627334
654.6544624697952
675.3062108795345
761.9433649490492
974.1755092264931
1140.222410226453
1618.0641027200486
1252.128845539385
954.4261978915096
1199.6124674731375
1618.0967437329277
1349.4300682442743
1049.6952041876502
1202.8297497254482
1010.2681826117533
1764.8225193514875
1181.7375907936766
1126.1325719398287
1613.5110278725683
1661.5154812940775
1601.4234261801198
1316.4436301051026
1410.081155994751
1410.8384784855712
692.7754237249796
1545.113002362523
1182.9250536611096
1200.2774093858363
1040.9876775893729
1336.732542939263
1605.703639597302
1324.6125763015848
1219.3416295046366
1447.3479599562877
1410.1867970685723
1417.8038622457507
1276.3480121360496
2292.267004617959
1041.8024909083363
1099.0853525414461
1287.5760854019775
1073.8858263899026
1189.1069904577828
1589.5709893047401
1103.8007534419164
1339.2603173497566
994.4876260429763
721.0969407057006
912.4999329960139
861.5860754502345
775.7536210881332
884.9105171141176
703.1388324965538
820.4610174922908
720.4661519647133
678.2495965646036
715.5601639101559
810.268490806902
810.726372030457
1155.2374078147222
1297.6494176021702
977.2654412604114
869.1795876391035
825.2832737252836
1074.7938725143715
677.1799727076381
679.3855124628623
888.5701019836835
746.3756430598661
1093.2044445871372
987.2057489172342
824.9399503280196
731.181670882442
708.8222336247165
743.3264249172586
688.2653608538429
708.9061935994513
984.2340935432195
846.9596993727818
905.7830627915461
745.1625976567967
731.1194674738923
752.3685470079494
626.2484842065121
857.0059276908007
1039.3928104592264
713.9013577128632
865.5818920020831
647.9165811028453
647.0549601012418
688.9764277302496
668.7315418267849
676.3050969368456
669.5819600427209
672.2434134483439
804.3473717366882
690.5806294972296
811.7642232658582
677.909017532333
906.5690454820777
945.2082371990087
732.7442026398561
749.2720248880587
700.6513875042017
697.3948033897
661.4759982807337
692.8269027357054
710.8492153154351
909.8693551955965
709.0156379423238
596.5512182911657
595.8917892297378
598.1410271893347
618.7226707687871
610.3320475394131
597.4418654928462
598.0582787548717
597.892720994017
595.5225072818725
597.5279026239506
598.4694705820294
599.1688254192776
599.1001639313803
599.9048747020773
599.3769910067598
598.7320120654872
662.2161682122725
473.3218627607386
473.26051271369397
472.9016645115542
472.6731616698913
473.289485953161
471.8260764284463
471.50159252684773
471.3322118784002
472.2215801474787
470.49108020564006
470.25951434308104
470.15522047860753
470.10986267586514
470.12643194804247
469.4389710765058
469.1661124753091
468.8380687536528
468.70660339351883
468.3287763226278
467.79870995679937
469.6363699773059
468.5893719182896
466.9752636411478
467.31053215876216
468.29465993760556
468.9393497645821
469.45327309744704
469.511732191404
469.69634870536385
470.34388581923093
475.66020218226294
473.8367295119776
475.10170668869415
476.141240628827
476.40357953986233
477.00670809307445
478.11912917993504
463.34788670788987
467.2343814438581
475.0170891629563
477.0365367184872
477.21959953195204
477.16550878071905
492.79950912860437
482.17909730877636
529.3382156266337
457.41369438640254
448.52051660830136
448.2113854251795
448.2896840642196
448.61010777478464
450.27929317028656
451.5225285295267
451.12991184381076
451.2379608339134
453.50800698992936
453.6061924692863
461.91214341356357
452.11350126028907
452.1772918916454
452.4266435120614
452.9347242477051
453.61448687946813
462.824568784217
454.4608672034122
458.21619787810886
454.39763492570387
454.18199126037536
450.4944359998984
454.3991865260619
454.9993757536768
456.03645783263596
454.7162564247356
488.00044194670824
457.1123449518994
448.9829972260206
495.95616546077423
477.0823755737739
541.4892984840021
472.42348568336155
693.0445348425087
831.4818592349433
429.97580586037304
436.583802801541
432.4472927758337
432.90725549718917
433.9657125722131
435.4404909515452
428.5974828100646
429.51451592922984
425.6665713668671
425.0042292046744
424.58657024120015
426.1931389917316
427.89640450169395
428.2097722423101
427.6648113660361
428.158377259119
428.3522806228874
428.47949273128404
429.5278144984107
453.304784618444
426.2629045083402
437.9195333320435
425.09824743168923
427.9811193350712
427.33625513099537
428.07790328508463
425.97527192999553
426.64140487757203
426.39264582654306
426.97327896251414
424.8986491469521
429.424351341241
431.45568333342624
432.6537124232078
432.46162316303315
432.9283684602126
431.75159882776774
432.76438230026315
478.09659002428054
671.1469410509982
596.108209275995
550.8990397493162
793.1820090513244
535.0329243309122
946.7611750197321
894.752644767408
1028.0717073562842
907.3897159166949
1190.902559586678
697.1091230752598
682.9071038627443
734.3464255608683
887.2499754920785
810.9460956645224
822.5572928050099
951.1116369732741
791.2014244908496
962.0302295585728
1242.5697391059884
1016.4586792522222
977.6516879975735
1303.1361603448179
796.5078557094199
910.1512306824199
1065.6236132068316
971.4434360088727
770.1397910508034
1380.5248793831888
732.2358435954089
767.3301235941029
848.3314033026394
784.4482249022363
840.5556672998699
777.9407255073739
855.5216036625451
829.876187900205
1278.6986504759277
1015.8346940159998
991.9340408729278
1102.6161678405451
837.5716187252029
848.0773602996106
789.1968592954428
775.866158453868
1053.7900128432502
890.8319464997342
778.0612812687831
841.1832227310009
1313.966915093758
1042.3596552992383
1087.5448621286973
776.2179893269775
964.0475287889111
1143.7529750568604
1452.5322034629723
962.5299217599862
873.8638534682917
1246.4760176946174
1516.2884079705832
877.6999822913361
900.1615620374357
931.1384067231414
1537.750964366624
1737.3957595257195
1120.883272577008
1016.9966567449388
1402.9610928475167
1362.9124219558162
1360.9652402237343
1416.604880165646
1288.6979979279315
1396.746610897892
1386.32831731169
1462.3574200986968
1668.1274206334747
1765.3970980350678
1602.7043846614479
1467.437581638519
1639.4042634115071
1486.107266358118
1562.7363275863809
1561.5311547350263
1568.517564693991
1531.770999166005
1479.701050117592
1420.5152596680778
1201.195171276438
1323.048481754378
1411.5669304848152
1487.6709914661656
1375.9325507134424
1505.8852508776206
1436.7607487722416
1356.2385891493545
1392.1443580152823
1344.771311890664
847.1453566571691
993.4057609182636
1270.4160530516199
1261.642751086189
1095.5927113358307
1222.4635304962562
793.0040593256757
595.5658150218934
576.8144998696322
522.5783642986196
522.2078955596158
787.9015561873355
1208.4888121834658
1420.8994882293682
1653.9225292480337
2390.17159693694
1671.2665263908925
1674.5829477245804
1082.2340879549965
1326.9907943159096
1315.5189183246648
1389.0936995676666
1584.346188998755
1544.1968202373623
1631.9330442981252
1244.8773282933648
1179.7901237407345
1674.039051137506
1240.0589958467208
1916.8538357162502
1772.6362120352812
886.1580568693005
632.0398388140501
1452.6925433519345
1335.7077538637664
1866.1129823919048
1803.367130705002
1028.2571805465545
869.6839332981107
1204.1332162661824
997.2524688283205
1337.8228294414578
998.8267307524319
1133.5722232437631
968.2975046990406
1343.0773139348635
964.8539867103342
1176.04788549592
1096.2062743532517
669.3352495718589
555.2210376671572
542.5953454058449
498.06699816901124
635.3650444919641
597.9477525485374
643.4480106350542
896.677538314893
773.2666758689468
611.8787186445811
643.4614774200119
597.8565800934472
572.6432049637684
585.5469846126636
585.9367075699059
557.1273592123603
626.5861680273755
551.6010173214949
535.306111911403
537.5574830211538
534.2463645350608
516.6271495182854
538.9752743602841
536.173592697398
514.9647455204044
495.83457880485554
513.5087664875648
516.8834747022196
493.94130350628717
511.9979278963882
501.53807977382047
522.5340465857621
771.0231989678036
555.2822368712667
543.9939361498356
560.0052037197969
546.9694288628581
534.1642220070063
535.216480409813
642.1660494112949
521.3916951452628
815.3489231896516
589.3381084414469
787.3633484273486
1003.8545771579621
783.4628879753328
730.9094103598678
773.799691422613
1349.5138761566732
822.0251031872862
738.2517683956148
471.15028289155845
470.77074648594083
471.6266754920535
476.0791939813798
472.0161235490975
470.5304093102256
470.670725448062
471.3484852474446
471.91332031703195
472.45422175786194
472.5240065820348
472.5078347426035
472.41343957256754
472.08407198242827
415.37022720861
534.5278117411875
534.7233068738457
535.2172652820735
535.0199489495377
534.4568237606371
535.2327314590752
535.6732365787979
535.4310737931419
534.753225860991
533.3814667762798
531.8063505723755
532.7778832922144
647.5981714259385
529.9249182334341
625.6270932511317
691.1511054030899
532.282791758803
532.2990474429663
534.8971538038254
533.0836935802072
541.2500522116397
529.3343521891335
531.9159040544332
525.2880570383834
526.785521196334
527.3370434632533
527.4307894407781
527.5112448165542
527.8222221406176
534.9802457736479
653.36019845213
637.4147212015207
670.9074524300235
530.1498550473916
530.2646535020464
530.0219565019618
530.3778771530153
555.5064801873967
536.533489928431
527.5142279404471
528.0035683295254
528.3335036351706
575.7828044703365
608.3984178177875
643.1798381363091
582.205910827189
521.2137081824325
520.1751060383256
523.0916785832306
519.5262294682433
586.7883144295977
523.8096605556285
553.3305127389618
561.2997690677211
522.6635345305468
522.3909041424386
521.8744242091535
521.4617743996264
520.7504271152645
528.3444032579631
526.7129465100003
519.13908868592
520.447931238195
521.1173939207846
521.0620310756497
529.6210948338351
518.8015806871572
525.4697145782415
522.7766079801274
539.0411197599486
523.4834483269423
530.1982706663929
518.8455674016577
520.8799861286935
521.4875458827249
521.2310433081864
520.4199488418552
521.4605639000227
521.0387049315768
521.1919307009753
521.7439953394804
548.9343644876698
564.5602379745094
588.3391233079277
565.9822969152846
513.1810771317539
511.67859330614095
512.3855938588994
511.27825244397167
512.2798780797857
514.0324521562021
514.5383002104047
514.5512511399074
514.0809733249182
513.5871364387693
513.8829251126921
511.0098184714834
509.8977341619133
511.74428092139897
512.7194575602075
513.9141365903521
510.8422352641692
512.1282496460807
512.2224975625016
513.2068111784763
512.954919374591
512.400562075167
513.49016661997
513.5562696893197
514.1259434632551
514.0643316251525
513.8742446752854
527.3063751522909
508.9108393679239
511.0506540678825
513.0740649050123
507.40193363201354
509.10885532800404
510.07042789334923
509.97161136248826
674.2411858264735
868.4328925467848
723.2244598249924
630.290427592273
762.2183528788788
534.3999399992565
699.0955014854034
557.8656426160479
575.9871653826392
651.5094777232067
624.1838374831212
630.7348508098972
742.2146738402764
975.5730510080122
625.5284383373697
659.6270668166511
623.9085721246043
665.8098956019697
637.9931959493289
637.813584013507
643.0978773724511
693.7837576886606
648.7427326831938
753.6437910562861
728.5034794326688
640.1072517353447
634.9430207454494
620.7308664471774
883.936670989673
632.3929696975528
650.8930516317802
633.6979093644751
834.7707393305151
637.9156554537296
616.6790486802093
665.015111211322
792.1891360232386
644.4772656197028
680.8444701574894
703.2148763108021
644.5805207381125
696.9666142732093
868.1588143851413
686.4774209712822
627.1182381830249
763.7669362635958
840.9111170491673
649.2370539425041
653.0230379967687
640.9903962819931
700.1927296430064
691.0814155697896
684.885223185349
780.2587490137373
1066.789500668882
665.8497458528584
798.7417812981853
945.4056185694045
642.8734509392096
648.0678982903859
885.5585989410723
798.0761394863218
682.2107678774531
830.2373027865455
673.4297084662438
683.7053448550892
710.7189421591416
657.9457259678109
761.5123439406419
1013.5039704516888
1053.561794384814
1124.7848765085578
1106.8685053333552
1145.0568475294683
1122.507424027475
1076.675171928356
1067.9568012165994
1023.6141924309155
1020.8773550415355
1061.1001444777344
1075.0419461429524
939.7642338524719
994.7011659001909
1079.2095038654154
1174.896181230965
1106.0391676366671
1107.564151741781
1104.4459063821405
1136.6432732817402
1112.612413122422
1108.4425799502112
1080.3567247043231
1190.558525367831
1023.502843963034
1061.9776171217998
1126.8502979496423
1137.097585460575
1147.8326208465733
983.8292181766893
645.5761766601437
924.4490661752887
688.9941697141609
712.933659929881
698.0369865881074
660.3863571894852
758.0002603043393
718.0972887087895
711.0673173457109
932.972452655623
570.8838105212416
564.039445334913
1518.3976666836381
1078.2850469338966
998.7597326867696
1240.134065928411
1295.759198502758
1255.51291298659
1146.927417055305
606.3880003136228
775.1579480048202
1197.3237764401367
1153.8287806361527
1203.0452434903584
1191.190058194436
1440.4346821168735
1255.980872440618
1057.083990260238
1205.0156639524037
1066.1210437645095
978.5192606217487
1260.81617989634
853.5891815461944
1151.5982617805025
1131.0041541218752
1049.397986636124
1307.2029436903706
831.3261651848196
1322.203484681922
1247.0804858998763
1229.0313060442645
1071.5647116453008
1043.942135437131
1241.7225418973858
931.8264611553103
704.4144960672708
1060.244619768915
828.4768717206786
957.5449131945117
747.2341472907084
818.1467476376528
620.6543792433354
630.2370954724928
643.7298416509624
640.626106410362
780.391566196147
563.8339123967638
643.3646568789626
596.4015659198159
621.382277208077
943.3135015307915
654.1839074560615
651.0502073541818
646.0925137771632
803.8529000954906
709.4445206837137
696.5767377423047
762.7347229484235
669.9542841123588
994.4443468777769
689.4979454757278
754.1003396884122
689.2039778865307
600.6991219752441
769.5068136472374
651.1172340832499
565.4780873612245
657.2003879331761
587.742733466137
706.1727085079591
643.6644010659799
621.6331812596524
632.4263808598424
601.1417670242532
592.8569698830869
654.0755184554165
721.4246802620602
666.5020660245217
716.8272096580728
697.3290509883891
607.4340188735099
788.9311705158611
706.9346648502312
902.3209035752501
649.1271211964953
677.2193976196721
768.0045394014284
596.8249769062219
572.6889017006202
562.3413749027854
575.796890774976
568.7047920463089
943.8680927669446
619.5196867106577
623.7576876805168
609.226489370128
581.3244931114858
641.539045716812
623.1263866380724
570.2481496616465
637.1454272855308
615.598190542771
618.2021829270296
621.8845245082852
655.7084281670301
610.8573375315917
613.2953779677648
730.6383464677748
724.0534867304988
603.2206034851321
606.3347791145461
624.8549795039011
650.2121531374113
901.8760198839578
762.2609847169107
610.9740427288348
1059.330144303965
730.4192188097969
636.1303053959565
613.1011308711433
588.404951370197
588.9118383538148
689.3544960745995
772.6734915618309
707.1156059514904
534.5539363002607
530.5755850962444
529.2188308822595
528.9039631465921
528.0840718664199
527.5187054705542
527.7232734707367
528.3270175798783
528.9275425195518
533.1907820568656
530.4723444991258
809.5441626680517
544.7587895591179
538.4542729570348
535.9482631235436
533.2040527787537
537.8213342153895
537.0340112221398
538.1144738099961
536.0970922032196
604.4723805899944
555.857475532562
555.8493671506018
556.2921634068001
556.2763934216196
555.887805742215
555.7159242030692
555.8729711866896
556.1810273057996
556.1798859677497
556.2913542932374
556.3093599081967
556.3058211747058
555.487368573777
554.9229851767028
555.3191085162995
555.9425590899356
554.6304175220438
554.1734502077782
554.0178017087579
553.8332038634918
553.9439417953909
553.943955123658
553.9946652126058
553.9692761415313
554.8201577507801
554.8039648779319
554.967013607083
555.0841749331165
554.980338083168
554.6271484138408
554.4092099923548
553.7567719872278
553.9182081909348
556.0166637555521
555.8914324354622
555.5704541187717
555.8190740897275
555.873542532934
555.5784306448019
647.3290022030783
554.2347719669168
580.4744363524051
543.5581224682795
543.9888873311894
544.3924839775394
544.7586970802976
545.2423981611388
545.617828325414
547.5892587143057
530.7353827103893
563.0544815551251
539.394920488336
539.1990553031128
539.6984128584667
539.6436376955036
539.8435944396896
539.1871578401856
538.82813470999
536.7138871326547
537.7863163386131
538.3003783340708
538.4457759836362
538.0937867725931
538.5534885794588
538.9111033035747
538.7799819872256
538.8225067336183
538.4798992874516
549.6058659153379
542.5363716055771
544.2685294527879
544.1830492955168
544.9842876279514
544.226130838841
543.1616316630412
543.1343092962967
543.9481912699857
545.6750218796487
545.4358562794733
545.1618930536644
545.496946492139
545.7232748364038
546.1662883111736
545.7045051791724
551.7588183064659
672.0826810672839
503.0608413963871
495.1191217992837
495.76331228796784
497.29851810996104
497.8632085252859
495.87802054477385
495.3689018705257
494.6235107270925
495.53451307795245
495.0550288163971
495.21689756381613
495.9114684789146
493.942390851204
491.1250775826355
490.72569940488347
490.7168113033827
491.17914400572215
490.92459057236965
491.2604505515318
491.4398320856
491.60102645839663
491.18088806201206
491.27012707525074
491.01220536734894
490.2819870109382
490.35127599659484
491.28765956799737
487.83844667141625
475.8467419768643
476.80552375698323
477.71512912487174
480.3144494851225
481.02790769750777
480.6001826538351
481.53943272343497
481.8091904086732
481.41527167585116
479.97125792599905
480.2653255526358
480.6139514506831
480.46173883488257
480.46316762856344
480.45814805082
480.5573398180368
480.81409418757937
480.61107168487763
480.6355365278489
574.6654802881083
619.8146513074665
912.0799128816996
710.6940695318779
979.7402191808541
793.4863531645573
687.5260073332728
605.1395941831462
583.9171113279808
582.3401149691414
668.6263063447558
926.5325040897817
836.2606977443216
815.4690615870129
878.4973258657618
743.4945975826382
706.4532907388374
744.8429069863803
742.1730956064134
1089.3675329822577
638.520525097454
631.156913321476
632.2132318919271
678.788293331609
707.3548653413785
675.2987681136343
674.7117272599511
686.2462527987171
652.8716292085584
631.4375463662352
685.9303724408131
641.3613470719512
607.454515342824
665.7703961328798
633.3982317468113
673.0669202904111
659.9260201035717
652.2023033646634
676.9400138751163
682.1231119058181
756.8959016535227
692.22280771459
760.4049177633248
841.4059304444594
757.8514471895809
746.7776721358603
720.8010392216187
728.688015131684
733.2768429221695
802.1529985669077
741.652484164517
757.8226351505806
731.021679990886
723.6310904223157
899.8344129862098
737.2971893254453
768.8445249059099
835.8984685054204
720.3841475279748
730.1091016762936
835.4089150694848
762.3741430606968
858.4283146129834
853.343812853217
775.903284323124
738.4550718487543
738.8368880628568
723.0660966501704
748.8724249679666
723.2928859634932
798.2981557176134
1029.4484066001623
1308.1132354988797
1757.6033525191604
2076.601057364792
1895.1250538850188
1866.2184066081757
1690.5752936223348
1614.7560296317795
1738.8818668303297
1254.0761019231472
1345.379237634393
1330.3041372657199
1252.631441427649
1358.1784942678173
1350.9764316290118
1238.2051130040684
1451.6074700910317
1423.8355828107647
1277.7480312434252
1434.5487183638043
1441.6301685791352
1456.9878742191618
1417.1636417467882
1424.757978178988
1502.450397561669
1475.5622855545548
1436.4937656315687
1440.055776290504
1488.2699642238822
1413.5164414578267
1469.3492021612801
821.110645790695
724.5688853382281
891.2862836543644
1026.874173373692
1052.3937258822455
794.3151748407444
809.1793545125288
717.4018502160598
625.9459669580773
583.1548060567737
579.1614905735361
1252.6927047652625
2373.011730154577
2239.269954880703
1566.1829613385473
1118.5343643942515
1403.3712414798729
1814.8429259184086
1534.3939257026561
1602.421373003842
1362.228788371251
1458.7392404296686
1200.177958517983
1334.1501030726172
1657.2837074595504
1701.645131177836
766.6534443287602
1011.9314855836534
1722.4023221789957
1239.0421579092276
1386.6446082687085
830.9347833278842
749.3029585560774
1813.172948542249
1306.1379893927865
1116.2847997170181
2053.7078806386444
1481.8726155224442
1714.6906615578516
1802.7046633671694
1211.9879732860904
917.9148956744102
961.6799039128945
915.457363162775
1043.3913194728702
951.2648535889401
705.7924525495833
768.0057529846416
777.064096047333
736.0096214594158
734.2592679507175
826.6900115975094
939.2549284150257
799.8806563444406
678.4642992579683
680.4310011768014
737.0196033495121
633.9744322153689
692.3090179284742
813.2414748207176
1010.2981474036739
1152.8956407978092
894.3724272668272
612.8667112685263
575.764570322175
731.9519978540692
632.1694328726022
626.7374218223366
606.8918545601459
649.0105800656532
615.6180672633026
633.2185702748701
791.2065501539608
793.7136299485534
924.2737770090732
859.7687806546735
631.8691252268628
625.2767004871329
659.9820544409275
654.448583066656
588.4063221236709
600.4486251178847
603.6963248208667
628.9249248237986
721.1212258716279
597.136063869947
596.0115878149296
676.6872563034462
624.9849745152269
709.1143293787715
608.392221059079
629.5226557588925
596.8698843177474
596.3344140964044
654.7966396080508
735.5311458283255
620.0680014523358
651.5416502466284
605.4039984228722
638.2482693799669
636.563614764185
619.311489306407
651.3995271806999
642.6626248779377
677.7060763300033
1153.0284756213741
1107.4367528003836
784.771396065208
783.9511953323623
904.3856861166151
695.176058398038
723.0473569818554
722.1340177524123
695.5199827153816
865.1742643640844
564.2994790439583
564.2733900675211
564.4037213744833
564.3512459381337
563.258175330192
561.4761209519785
560.6910739074231
561.5355296800707
562.3381437248764
562.2677899169589
562.7190170180776
562.3186096709788
562.1633067187103
562.1484525625915
630.2034583930337
804.9857652941822
576.0774495537895
576.1850719219634
590.4339226821744
464.4104131144664
464.63273929811663
463.8424589788801
464.11406657976175
464.9368547412092
462.7369506809884
463.20846933712676
467.62014457241133
467.5830470888082
466.8074511965158
466.4717118855777
465.7383842385363
467.1310261983611
465.3858174868327
465.3108002345316
465.2132721909218
464.9613943108115
460.9273787423772
462.81452824526946
493.0819691824895
466.29491533563305
465.4366512328268
470.0137770975898
765.9096070902733
484.86470910349345
479.31903694316355
506.80388264608735
474.70183064456086
471.446489374746
473.2865592772328
512.6626199688823
497.37040915731234
497.46397750807773
499.0759223629633
493.36646056346905
493.91653642396284
477.66137451233743
482.80688035176837
477.22801103762305
475.8689264093642
477.8905241317874
482.44412378622866
498.09940374384763
515.7317141448086
460.302168689147
459.82119389159834
459.5837829166704
459.09969753157054
458.9580406743342
459.20815355969995
459.35270076104695
464.5049644165887
458.2342336688602
456.7619253824793
456.98326632447527
456.9137329375688
456.71603406752416
456.92793175190974
456.7633780986882
456.7653771164593
457.32486146778706
456.459953124763
456.75269919567245
457.5580897280965
456.9305470143757
457.96435137046814
457.4003551237489
456.607551062908
457.32167065760535
457.09766166593477
456.8106351003862
456.1799989000501
456.254240586713
466.2787826678775
458.7287401381185
457.99874350419816
457.88057128343365
457.3500766796801
457.81215381295146
458.5913316967348
458.0354260962007
458.02888318842565
462.4888453603579
534.2161689747929
444.42982195531204
451.82449976388415
435.9734132303699
437.06611557652246
437.8224756434272
436.8195469233848
435.5455880667878
434.2449271030948
433.8906907223283
432.8312872205333
433.1837204092505
440.0349781146945
441.7816171009174
441.5740745058174
445.0555831886042
445.54184457054737
444.6523807560262
451.0579279964226
453.751792512097
444.4345570336578
479.164763186562
493.82352878843966
445.60671684683183
445.08846810917674
457.3718448026496
444.70167394367087
444.8397541213062
444.61425709588286
444.7988725102836
445.30025697148227
445.59649804816763
445.1821420266936
445.5690134634761
445.97334749028033
445.54029198869785
445.2517561827404
445.40067493534366
444.8133882458196
444.9923251638422
444.5655196468844
444.96383462933943
445.2487521853505
448.04704199750654
683.6491002317946
816.3057857859536
1169.9385262016388
733.2050364955086
579.1612980606021
691.6884638356098
538.3116168913323
517.3623694646116
515.5727205956856
802.8588484224467
601.6361670383644
404.8415181262942
406.63058866684725
576.7383757927171
607.6343758168132
643.1483131005341
588.2726839573157
815.7022783940909
680.9605707033198
663.1240805092666
681.412057586084
638.3956205560239
679.1214112969857
963.1871867412992
688.6138313550296
703.78686982364
684.2976246948994
699.23943339332
737.2443683196075
676.0699408353989
700.0829459918664
702.083654190121
711.5915638561771
710.3831705380829
711.6371158710915
734.09418902215
710.661804933948
702.1299660983666
722.6352071036962
836.5832678616084
717.1878306243964
715.0904150287009
713.4963272364871
714.1327507527742
773.4430743213073
759.9424977101597
714.0645838547135
770.7647077390117
758.496968347356
701.8352868438881
729.3298499485634
716.7891390129789
756.9632313276002
747.8719054490639
785.2089213550903
775.5415201444706
775.0270772285221
808.7538645001059
777.147324880438
768.4669070322246
741.1062494909436
781.2684907274277
754.6251545494185
737.3377086661926
730.1662016507257
752.588162803519
743.8568493111634
761.3183715454402
762.0415288248485
794.4903352208033
836.6642284899026
831.9695739872998
788.7790870480485
770.1159927991691
765.8640560442086
754.8705135912509
777.6673356932736
741.0295426193426
750.5862638263183
779.1341004001782
1037.0954303787641
1219.2542488125728
1567.3670242734813
1794.233994088681
1462.5484081109498
1456.2058574941216
1360.8470116399844
1454.10771612554
1401.8612572340098
1299.344535913454
1365.937404036027
1349.5590140985355
1251.972326876011
1312.03504665433
1290.0325675695701
1412.5671358408185
1307.18237259119
1327.4326743204651
1371.5418967008632
1315.6532076901474
1304.0645906161983
1335.2623096410966
1192.7466880212555
1119.47763847011
1298.6567049055816
1218.5069899578016
1280.416370000694
1259.7090139697514
1294.1569611525858
1301.15977213914
768.4935221938755
903.3064655702599
687.8376271243142
934.0730755156394
918.5323842499738
807.3777395702882
782.3581891887292
543.9505015048411
507.8660143183126
497.7027714429354
498.5814658052664
502.45124211042486
498.76374815573246
498.9344707246225
499.6670242896353
663.2302595816475
1047.9719225026813
511.10740439037124
730.4954287221497
1086.6126069246013
810.2336996353613
937.1568311199103
1032.5119434951434
921.9872419779058
972.0833588649082
1125.8452441931963
1159.6821342463436
1240.0630804369018
1266.3001260643045
1217.4745174841455
984.8592474662848
1130.7619737879388
858.3396054908881
1252.2876211091063
984.1099237643916
1137.8054072652483
839.2402983923455
855.7776346736772
1310.7380440725733
1375.5838293212441
672.5496676952116
1305.663491331139
1412.1198481682459
1185.7338914494999
1050.0072448259161
1241.8158924608072
1296.577661337551
1404.025616846749
1022.7791636607076
633.0187062889698
754.4104077979059
1312.608193545536
1041.917949308497
967.8467610920088
1558.3608420289486
1259.5364258833854
1138.8542643311876
773.2894992160943
727.3454219171404
814.3075822535718
791.6477983477428
640.6218451369323
698.5176403505197
641.2441949031921
530.4725733333285
510.83570032364753
465.16467155387926
595.1962479617189
692.3001432534738
474.93255480386256
477.432438725486
503.4544223664971
474.27225166247905
471.57770614211967
716.6351396802593
471.68028685179536
464.82392998246263
498.2284577064721
634.4419895200876
636.7328693199503
565.857126424005
629.056557827884
626.912113887154
594.2251095780487
542.992439963784
540.3956621853852
570.2244724155094
585.7888435674402
772.4789182098298
878.6731166307143
660.9160638669832
693.0136133230369
543.5210722695899
580.7652828972367
575.116349663618
527.9237508106813
571.3553674678274
522.4573706773919
609.7458854402421
617.5088415013174
611.6132278305715
528.6747644786791
503.26673162018955
543.518917203705
529.7091132765181
519.220086120959
520.2185932273284
556.758527443557
530.7248058854187
508.55302325645323
546.9397353877766
540.2840615304078
535.747721965661
614.9394551584521
672.0969605530315
675.1823849941195
651.8240838798176
655.7310014069108
660.7912174505195
718.8887885863066
683.2156036673413
691.4256093952038
663.1258225511058
652.920282291814
566.4000319364462
497.0585009538388
500.6210071878866
712.3590883484168
477.27182777464105
477.98477212263964
480.4265555887244
476.70957134225887
512.2752312511658
551.1050716128236
396.9401653337098
547.0452802278517
472.69260311434897
478.5087458099862
488.939529122362
484.1553812130099
467.4251329408708
470.41967873023805
469.9345513482834
693.7456952578134
477.33300871315356
469.8643446371256
473.24799650107104
483.144075996425
559.0590264637191
303.6009087569077
366.629502967249
366.5797531076559
366.83649323447986
366.9565508873547
366.79624827409066
367.5896408248562
367.7067154472245
368.05989329586794
368.3435615850399
376.3164066643035
379.1727944498994
378.5374379640075
377.8916181220027
378.1804632226285
378.33814575618425
378.4799195119045
378.7575215469844
378.9025688577137
379.03896810287574
378.9960913278289
379.07177158985843
378.9741427158736
379.77662192425635
378.7599291724108
378.92278722858276
379.4542167888115
379.39650910129484
379.1543782545993
379.2868752144312
379.52599106297333
379.4361424219068
379.35432654127277
391.77834047160167
447.9520570030805
390.58797233018356
390.65537685695375
387.5705373173465
388.05259103895435
387.9551911671637
387.5128070480533
387.6834235269939
388.41077813764707
388.310319813122
388.35858978004484
387.81928238757433
387.3585001896568
389.60764360440993
389.6986803491263
389.3608976545751
390.02313281387217
457.93532867626556
433.49090660476605
385.9267129074844
385.5604221574376
389.78965078925995
390.130232688415
390.0877209610731
388.9163681616928
390.10371183047806
390.7159302511055
410.59885377602546
418.277708616718
441.1804657826299
475.6889329498456
444.97028538742694
397.79295573811856
397.7495745451785
397.9790022836408
550.8812376038712
422.7975867050591
475.9248667726429
401.624171584463
431.6904697816994
410.7519010141949
408.13789120014445
407.207662660929
406.86645499229434
406.9093339761448
402.3244101167525
431.2145636983967
402.3814185404015
401.648210453303
400.7162764921857
401.567424265036
401.37534762117804
402.4074654299149
402.2012054603663
402.1019361603633
401.3161995319678
402.84191326684294
402.2920138411119
399.3399730710816
402.2489521830874
401.7463665891886
401.58680237737127
403.7861384513203
402.03025426576943
530.5393062628299
417.6535404797469
414.11687988057264
412.9460546045695
413.049041143583
411.81208460343436
395.4366874396837
396.49885501647026
396.52218898832336
417.7436287576069
410.93890772924567
408.74209240600254
407.39362382824595
405.92231984971085
407.6622289654533
456.9468906920643
783.0531904351868
1036.7994768242609
490.20104134439356
386.58627457622
372.542602764259
411.9942976036152
358.9026427482288
362.6211499036752
358.1493556082276
359.626010201961
358.1008999843272
423.5142568138348
462.9215808057982
449.6984177816117
604.0847715732116
514.5325049625111
495.9035482564905
515.8915582859431
510.1947820690079
521.0404725125284
495.98759703681384
484.676433642669
474.4081455401266
502.28237010277536
529.1525587596512
538.293288915846
531.7090404741967
526.470167697193
532.488946115998
536.9190097035724
507.2138106441892
523.9216485076745
537.826626679987
529.9150462364621
556.2985205954083
501.9264174697203
520.6225032020984
539.1019450875457
524.6550778870264
507.95357748457735
504.69707951011077
542.6853053223828
626.5367269905402
607.0064222006772
593.9252229913559
577.9212798642576
574.8042686276002
713.0671930969096
788.7905950809827
546.7496328832567
540.2739827455964
561.583798501241
602.37646757009
592.6291847096951
767.3310036942028
790.6201937989091
725.6882274669158
651.6003890042199
618.1060141896826
736.7033853775573
598.6269522343459
589.332098633503
659.7895559223997
589.1886223601625
565.9489061417875
619.2375192778114
575.4445198982752
554.3460727737736
560.8731798193038
566.8875783456303
565.9352847293738
734.9640866307827
869.5228434159628
890.0722610795601
820.2870301695278
755.6808767660846
843.6459514374492
840.6620673509566
766.4416227571148
817.7663170305663
831.0171161010285
840.9757302776826
877.9554469504994
812.972656554119
719.5036563823626
613.8038238438784
704.2573387017118
787.9904796938549
800.277418812656
780.3656984151213
847.2184499617974
805.0770402474832
784.5487497004767
796.0928627186587
850.9994523533197
780.154939361556
841.5097304663789
871.7132168585864
878.9280051187901
886.7038925956712
809.9651274172257
807.1455242917218
673.6933327303345
376.9202204457103
442.9094645302615
395.82066112105844
357.04927531725735
363.2919125921043
363.2965179475229
363.6270973830215
363.88615433983153
362.418218366693
361.4244916115283
538.5305559710923
792.5352541209649
1005.9989917369071
1133.5261016018733
1004.8057622714192
1023.4218767558992
815.6525959784849
838.0473652130438
786.2174670058727
963.9073596276227
907.9759310944305
778.4778520296557
930.9432895131066
989.5663367633608
822.0951714185787
931.6732369768813
698.8756293458479
665.3933925384887
508.4986877006731
731.9193443980566
781.4420046234618
629.5975259006195
1185.2840437087236
802.5071169859225
702.3153751404396
1206.255136668907
830.0728855008209
878.4583011219836
871.3080527334637
776.2265742427016
741.656588906549
387.9495099676995
754.237001102779
1211.4106990203438
1469.6225237435285
781.0538320220442
574.2345183464153
644.6833784664575
527.4396334521927
532.0320102472276
546.6740178948212
535.1025922284884
553.4200681703356
542.577293429001
542.6953983907244
566.9640472895587
578.3749722443504
576.3635070526333
685.3054813551513
569.437893651953
526.890563442093
528.7911404352457
541.2688725535481
729.058365899059
639.1507261977849
607.5939926421718
538.2935389830772
477.9096164949446
444.8678875952682
541.1439609411296
611.6440063362104
468.98887489510736
397.4626053793539
379.038841907724
405.1057657721963
455.52173407772375
458.8606173224903
420.28520620878373
459.55509476564936
503.1620036458988
488.9242679388896
457.1493966759716
436.62065592782693
454.89668635089066
440.60053128241583
413.5182059624698
444.3369765719383
434.1879294141159
407.44691005128215
432.4664690367299
417.36645718832045
411.54074029606153
408.8623460013358
410.9283093834153
392.9128378135577
395.8278154051553
445.1737978025651
425.82612788481094
408.6975230740634
420.0299368444168
492.4762962455508
385.30581187350487
399.43153285434033
427.9766229283528
426.96938281096067
425.87059168071977
458.87745273458796
414.26313465657023
470.55881798057993
428.0813825685121
407.04714435953224
483.80906269635403
693.0168354568499
553.7113918872082
565.4261667463077
519.2000361660424
450.40588092307337
475.21353626266705
510.66775808759843
489.44789323046604
509.2978728618909
491.528481528083
495.89957905513785
429.02815076627707
623.8917912436129
450.8212044084043
383.6900111889549
380.1826794659999
381.2706343018399
475.97999677194434
399.2799967299256
388.8741298722213
380.99026776608156
436.756348073451
363.41170852263025
364.06097682095265
363.85491929815686
363.81134834322523
362.9969958657045
413.1056470544568
463.12659503901125
424.9292134605608
384.04772811149365
388.84126615112046
410.9727096539932
381.66445922788597
391.75387742586867
340.8723720922837
341.3143395864801
340.5663228270714
340.6198288063263
340.3361066896181
340.8393552526698
355.0001934695638
346.4185566226896
345.93493782057203
342.79352229891157
340.81018023553514
341.90579663681933
342.71823567882757
341.4126455926434
340.0473933450001
339.24978627218945
339.28280074191133
340.30786080564684
340.46768485014996
340.4083224660116
340.9661156721628
340.1230432388543
340.27147229966783
340.99098888079345
340.7930669565194
340.822217450924
340.5948216026721
340.0145783400754
339.62334835127007
338.7347722372477
339.16045817782424
339.9754078918145
339.56643632946526
340.26826692461793
341.0642028517872
340.7328880156092
340.9517772338114
341.1647153534318
339.47985228409664
339.37526127452105
339.6515032666609
339.2988081803404
339.4472998306238
368.3605921783393
491.11510333355784
363.94979322112636
372.01699103268123
369.04048522417963
366.3114106896555
363.2903312542288
363.2240931002815
364.13140162937015
364.30511933640724
365.77866649961726
392.47221770048463
361.49419787469344
362.0006484669019
364.09941482371886
364.32444185002356
365.8031752138029
366.2638598841208
366.3687846004773
375.868557311216
367.698344118035
369.03358164082215
368.22851726754806
366.93378551760384
366.71254414179464
366.34000576850417
376.8713067968259
368.4424388332556
367.5543830438552
368.8113798480633
368.0923875125
368.05461745554584
370.58176114147517
368.4872582492212
368.4016924833619
368.1200100321288
369.06673822926393
369.28193181981993
499.9713480329292
408.95924172525906
410.2812480457914
403.38766496821324
377.1147882806844
375.9270926648181
376.0479365716112
376.34318202137604
375.67888639194564
374.56805415032017
375.4417794883253
376.1148271175221
376.77850998918706
377.5893184114586
422.4885284551817
382.4230279618354
376.8949310484895
377.2162886041973
376.7667528684405
382.5673999780662
378.874790221809
379.9827939520398
379.80084878701643
382.068470129929
379.6985392514692
376.7987233728514
378.1065874714679
377.89251826154526
378.5944660015911
377.9552301541588
378.42813146769356
377.53510387812474
377.5603920949735
377.1898513182365
377.4863938274575
417.3021222790056
389.92217524467816
384.78275823850214
378.8296147673821
377.52058094164374
378.86402080759365
379.61371170897957
387.34372159712444
507.2867931555505
684.7176436145604
621.8487305913836
542.4367277750202
513.9160490318886
536.5611907891879
693.735792492799
688.0313127040874
448.77601194614334
395.2042709274964
392.05630146678135
395.4262862418282
393.9485726592962
410.78324536547683
514.5578445986864
462.4669881193357
396.99386350103396
517.1312534558264
479.1486424396648
464.71468759862637
434.8676621869339
503.22234477541207
390.72009765573057
532.3512131348547
650.1159754294617
469.2856602839564
454.045627037332
474.14177198171103
463.8640249501331
476.0900005776373
469.3544926479665
449.54255192942605
461.3491736089844
448.16258202594713
448.2117505960101
472.4562868793335
474.3492692602334
490.0541748292035
461.4145622929784
438.48769189415793
436.69627281121166
459.6550528262496
472.42610844865965
457.38343891260394
487.4437280199485
476.4771993721133
528.5480027951112
482.3913217015888
443.40398066549506
472.47011621532624
449.93007013126646
471.3129168677576
483.2889136624692
500.0141790184371
532.2964188505758
495.41544477573416
545.5926494211255
819.8961597998252
481.84862213235283
484.94667196471505
475.02741213473735
505.1011677170444
517.7859763596316
474.36022230439426
543.0726308663347
487.5466376690134
475.3790348220699
458.52619592799476
475.4105183540453
454.5967571237471
504.2034551250998
440.90988802847824
409.247589144554
513.6473078609617
861.1357753505026
933.462480158943
909.8026391148094
883.1737181945002
908.1488766103516
793.7319892724081
870.3115499005908
815.2966099332473
850.3829135683789
848.2931658122343
777.8878590675747
808.923334744057
946.2361990727402
897.4836552445483
942.6510842089551
872.3419351376185
965.7845293882226
891.85896253436
899.1336451817428
938.4049038459384
903.9615494425398
938.9905641570701
911.5263510049065
862.8471144963296
957.8426361336071
1010.2055599966966
962.611120712716
934.8530159169798
1003.1583148623674
731.7466545852551
393.28061858036114
405.6840292712161
546.4399547478924
630.0517458543457
557.3310352565057
328.2213144322559
342.82945070012204
688.501643874442
838.3731062658503
343.02027891525097
329.9109170167114
498.37340411983075
1190.8481164250884
1187.1257448054098
1182.4769281333754
1061.3268652929912
1045.7375497289104
1357.2711185112685
1553.416967462859
857.6174757599247
1574.5426653292036
1535.4817366362117
629.7722752007672
1056.341446431506
714.0372054122621
980.7611068824688
1328.1229377407835
660.9037907106531
1122.101226674506
727.1447995125882
856.7597598039183
694.8772529404727
1402.9601380142878
896.8605120591253
642.1778605565496
1467.1639100299403
766.1192356855231
909.0613955300983
857.6596621974475
745.9753515870538
1330.7592301066811
895.9631468556554
873.372916317875
516.8204510882344
412.6382205597637
521.5220369887866
544.2630327410695
594.136465861574
637.8587380687707
616.1170611394692
375.9401179923658
389.0804140515485
366.1627749854444
434.62716607602465
393.41084101981784
437.36661677421085
505.10947964203626
426.14063068472785
476.12714763139655
443.8674381373935
398.8727171423381
391.52899663387194
388.89492775354563
458.41997371590327
499.92773239516305
402.4232548244155
404.68841666936726
405.21863914438177
387.2496312688006
375.5217898365697
381.26550485079633
383.482896943263
354.72608194448605
387.27376178158875
365.50647068216216
412.6786039598677
365.8444592533145
400.5262923695482
385.4593652288345
354.131706792032
393.41400160908154
404.0051885826377
388.59417994065655
431.7873932575653
379.69018620010513
385.2613697503839
370.3905626774246
368.0919289884755
389.02865602084034
441.340370836933
453.83857583608506
475.0480338709175
455.809808721754
409.752323068114
369.42686159223445
747.2534319419815
672.1014999199512
875.6492230221711
693.3239484297342
418.0477145473668
541.9269094164241
555.977894997773
419.13058264715585
737.882316744854
549.8459442883079
393.3320105954311
364.1626365991782
352.4320871213992
360.4103636672427
361.5897670288528
357.80968906685104
358.86467512358035
352.48086791966716
362.21204774977105
356.6124527848644
358.85757031838057
349.89681188866814
350.3706851777491
348.370684156222
403.4394400385777
356.1898746800737
363.5819798612969
348.52621337098867
349.1661671374327
352.06794144176007
352.5742550070339
367.3951643403965
344.88416662326944
549.9376687542908
581.7818090824869
557.7622396461337
548.0064080115042
548.1235584837614
550.7946621280164
577.9530959465856
564.2332210638381
555.4642980370024
571.5888418536222
560.6852476603675
589.1781646369772
564.5265311709139
565.2997383400484
566.5521119833772
580.3077986442311
598.8040305537663
573.3995694500575
573.2292628042422
712.5925427797083
679.2653115949298
581.6237635967045
565.8811082264976
595.766999903229
549.446478868433
572.3659544151549
616.5050527164398
553.5355374562183
557.9363520611771
590.0676738645195
571.1274856010391
571.3154144614966
571.4692358153287
589.9010364239828
580.6353394295165
571.8935680759637
570.1133347201828
570.5347053343603
570.1568394188432
580.5174335355374
572.6403109707521
570.8549541647006
604.4630698272491
679.5070905254136
578.9060704963275
575.7949859144782
576.2651306393409
576.4565834743081
575.6364576637989
575.0192726662823
576.1827046412154
576.693327245592
590.2597417692725
580.2995115143439
583.4900689274446
584.5963647993713
584.4702988528616
580.928324372797
579.916410323712
580.0503987518794
580.5725438291199
580.1320325078689
578.7664583457758
579.6427192541556
591.2320366948742
582.3114422302381
580.2778263123934
583.1109454722342
573.195133170355
573.0941290834901
570.7303649570351
573.9424030366137
604.5125628196342
580.5010778458496
580.5688635973452
579.4222592307937
586.9574036852043
586.0904855716597
576.5081777098756
690.5066302940032
637.0456687585287
609.7754619631428
613.1193666271316
610.4509441371936
611.6602559826599
615.2990433343357
617.3340046882143
617.6273974283393
617.9109637056864
616.9441317197354
616.9726314259728
617.8431925582211
618.245590575062
617.5693357335456
618.456563998716
619.2462698952368
621.0539269537535
620.8309494016194
622.2932465575757
620.8848325403877
621.7278456209276
620.9165514778038
622.4214808876974
620.8289556611231
630.4087957735437
619.6038947657089
623.3747855288937
622.7437973958857
623.7686948377218
621.1658110562009
619.8630903994033
620.7432155495228
622.4074270258817
622.5723679698415
626.5981795310206
626.2892716794552
625.7047267060701
627.6000410285885
630.2436119595478
631.3873831248749
638.8251613640156
645.9749483915521
644.7484177562367
643.564072221149
631.2745382942151
623.7858434621523
630.8547346153373
638.3991854769645
641.3102261918118
642.2746271691415
638.5117966358871
639.004540137577
637.3021832265114
637.8800282154739
638.2579129382241
636.3079229780085
634.6827153575592
636.0123855957943
632.9265680756372
630.548896546017
636.8970338693592
709.7762566536132
1098.0772062294766
1334.512001506853
1204.645422693657
691.7645588972287
737.3566237685636
522.6257110706935
567.9671018273423
562.9391062071217
594.4796054538134
562.7598912589486
651.9513332926481
629.0431313581436
653.5585055003564
663.3999416305057
586.5803379209858
748.2501583465947
1038.6536369090588
714.113223278439
698.8760023936402
735.4743590407513
710.6855619079406
984.9238531979499
732.5980739327968
746.4717564570344
792.8056408502081
679.9470142005008
684.582407117671
687.3384737994002
653.2985502267295
695.5656277460105
694.5253433678895
692.7384644956614
688.0218791447621
687.5518210228745
679.5101626792406
679.9586300389792
694.6807771727424
684.3349578287315
692.3610680409843
693.8254410326464
779.7820404664276
816.5263172012512
786.2893563064904
775.0975437538266
750.8803846866504
899.1693958341748
775.166452763651
803.3812770837278
825.4860177340287
830.1068533360963
851.5088210118173
782.3019916084597
797.4253836026156
773.3147438282795
815.8132580621575
805.2176517120815
811.6601903522993
792.9513242950477
778.9643784443538
760.072716810177
770.0715561588324
772.6027788885356
774.5722273285999
833.0092974531942
804.9590304340821
784.3091682712318
804.9410885056694
749.9849835059225
724.2071813663097
814.725037711087
1099.6579670683493
1429.8957736315108
1499.7049812689602
1446.2883261840755
1465.9836079406298
1459.2330564645604
1376.3914449150006
1350.3242716864218
1425.5362885488723
1312.9045802009211
1303.4916513011779
1294.9316002689939
1250.9863602909577
1326.4735628137407
1356.349574136665
1249.2899717524933
1353.5007395238172
1385.7962250314638
1493.1695402399569
1438.4401434139631
1376.2485259244602
1573.6107022019826
1603.3490365823584
1573.1576920883572
1702.9585624067488
1519.3397196638587
1430.265156609588
1447.2568679399471
1384.2759557585666
1367.0310871747647
1209.1270820838033
717.4159070787241
730.5123337921378
740.0591972724776
780.6181331419591
766.3168138423683
1001.4420638131933
994.7087854005911
1085.9295497476257
579.0416092059318
536.717245764577
656.289617043793
1163.4583555803222
1105.6954500892289
1713.6522016357972
1847.9585118319653
1417.1450646173987
1514.556397438923
1117.4086501154811
1403.424174379799
1501.0643107414173
1333.8233442572703
1592.8950431544613
1254.248917982721
1653.139071124729
1083.7448630114409
1396.7084316102996
1348.098556296761
1835.4995286343094
1518.28972693699
1742.194057165065
1761.0250388299246
1534.2490961685244
1114.6445106266476
1038.7853842827997
1364.2051779745818
1439.5007416940937
1218.935103050341
1579.1998887804662
1678.214072669127
625.3905882235523
1492.4474294214165
1201.7762732514166
1562.2056282424107
1399.4128940500632
868.0936121883585
744.5905927523238
855.7532852076799
746.6962468049342
1042.222557685609
995.7760581194991
1070.500014831054
923.4876768581682
640.2142274353791
843.7992736275919
766.9090963393652
557.1048862632689
544.8902994059832
542.308509560856
580.1825697873763
603.286401768193
591.769001339233
643.2379833613635
672.5075554242326
660.1429145685061
707.0435690478373
718.6128034434072
754.405673217454
701.666147716678
677.5627689565317
611.322351207534
663.7003827816874
630.3417373722964
583.2918918619246
563.7592484335274
591.0259495877368
589.0374424026134
550.7163803118854
568.9449013621846
585.9690036940995
564.1552907570406
638.1879117334596
591.1332030361235
575.2688039496658
770.9616735687543
597.5586735867982
580.5459975174874
704.5731060949815
691.448232674494
621.5782548272139
627.4066601240193
665.156606960845
700.4280155259537
707.2620307638192
589.9712843248075
623.963327107193
629.1252445357803
623.206541599433
703.81924079882
870.7327925359051
928.838369893404
675.1599027388124
958.8076759266376
707.7600933218179
681.4791762854609
685.9880322517133
672.9958013962267
668.3895985443564
680.5275568428237
697.5399056645543
670.033740869744
615.8621867018974
759.120305418799
934.6916658990658
609.195335515899
590.9191637231908
564.2775949491842
608.9747080688287
643.7553449716895
566.6361191508687
566.8518134993183
650.2082886006887
571.0440763404631
574.7871006928852
768.3878159661126
568.5202541250678
559.322200824558
561.4809496669195
565.0980137412022
826.0531752009188
562.4401199880349
561.3420828980893
561.3318341245952
