0
380.69806
390.5441
391.6148
390.27808
389.93832
390.28522
390.71674
391.2684
392.4793
393.64722
394.07422
393.8535
393.974
392.56433
394.3239
397.465
398.79892
395.85153
390.24188
384.18146
376.01175
373.27792
368.72955
377.8124
380.00876
374.5794
366.88425
353.3921
348.9604
356.59583
360.2663
373.6446
374.97107
371.14236
370.02475
370.26288
372.1569
374.9787
378.47345
381.86978
384.18466
384.52658
383.8
383.10065
381.77588
381.64703
382.5879
383.2636
383.13385
381.38303
379.3598
376.04718
372.47345
383.47296
381.40735
382.18048
388.13773
402.59125
410.7623
410.7397
413.13687
507.5258
552.42596
533.88135
512.5378
442.52505
386.00967
383.4011
391.4258
404.6803
466.6596
461.22772
463.30307
465.91473
466.81265
468.35654
469.19708
466.40137
461.6966
458.4623
460.6148
467.24463
470.54108
471.98813
470.31992
468.78418
469.1766
470.56314
468.97745
464.16412
464.75946
465.59497
467.77832
470.62354
469.9886
467.35345
469.96533
472.3019
473.60004
470.34344
468.33203
469.18604
427.75726
531.2774
511.68863
479.3358
487.81656
601.69073
562.6278
582.31506
565.0128
609.71643
783.3108
657.11273
513.6832
559.02734
611.8601
690.2638
683.3581
645.1746
602.4287
627.63916
680.1313
768.33527
777.61835
789.8961
798.03455
784.2797
762.73114
785.4032
860.82666
884.6261
891.8114
912.1041
944.2531
988.9784
1053.2166
1110.2441
1100.7731
1089.472
1058.9763
1033.0337
1041.732
1028.0172
1010.438
982.05585
982.605
991.47375
990.03253
968.71106
966.2752
984.46204
962.9793
944.35547
927.9668
943.91003
941.36
952.1834
950.82605
987.0331
1038.0769
1122.9651
1144.6145
1136.9397
1144.1445
1144.8019
1179.2096
1139.5437
1117.9285
1119.0773
1145.1783
1127.8888
1125.1395
1149.5748
1150.877
1154.717
1129.5955
1151.0286
1171.3195
1197.9392
1194.8167
1171.2319
1146.3201
1178.9392
1164.0051
1119.2522
1254.0533
1348.7043
1298.2971
1313.5854
1344.5471
1375.3423
1400.2949
1421.8099
1462.891
1470.3649
1471.2566
1474.3008
1470.5637
1465.845
1479.2281
1490.9686
1472.1863
1468.1155
1468.5055
1470.4786
1478.3376
1478.7039
1466.7565
1470.4935
1470.4436
1479.1758
1476.5814
1484.4794
1479.4473
1476.3198
1470.536
1459.385
1417.7041
1384.3694
1364.2843
1315.3567
1134.6117
992.05255
884.1882
845.1087
837.36896
736.6166
745.8464
793.1952
768.71277
851.1299
951.2459
1138.4614
1275.3925
1315.1804
1368.8994
1350.1328
1316.6194
1328.8577
1439.7462
1377.4241
1384.1643
1427.8838
1442.601
1404.3987
1416.3915
1439.976
1419.9196
1368.7947
1400.9744
1444.6619
1412.5042
1248.665
1233.3816
1280.3307
1375.9418
1396.168
1405.0808
1355.7308
1337.5457
1318.5378
1235.1976
1245.6332
1268.8177
1329.0142
1302.6221
1308.2175
1379.1671
1307.0778
1233.9329
1190.6082
1123.3599
1096.3774
1109.55
1025.7332
1021.14764
956.43933
937.35754
971.18085
959.81604
943.1574
930.6455
926.0526
935.6476
934.0597
925.2412
917.8507
981.7463
974.64685
864.5363
826.07306
789.0089
787.1322
807.95703
799.84656
811.4271
915.2162
950.05896
1047.5798
1115.8673
1165.4442
1198.113
1064.6584
1069.0931
1061.759
1033.5374
996.6327
1004.3835
1018.73
1008.40564
965.616
965.46985
948.66437
941.8478
954.6256
972.6937
991.5156
985.74817
989.7191
984.30255
1013.3768
1042.1075
1069.0325
970.9253
963.3597
997.1702
1003.924
1053.3734
1111.5336
1187.7484
1229.2634
1204.7954
1183.723
1077.9557
1070.1919
1029.3914
1024.002
1045.7426
907.4053
730.21924
696.0506
622.29645
555.4332
507.49765
444.29083
384.21634
352.61636
368.25018
367.55197
368.9994
369.3335
369.38022
365.61588
360.56436
356.09705
354.15997
353.7455
353.88605
353.7048
354.68954
355.60538
357.00812
352.86404
353.84897
351.7077
348.7688
346.73007
346.3388
346.4154
345.6494
343.96112
345.095
344.3082
343.6845
343.36627
343.05756
342.98938
343.18036
343.4616
343.88605
343.53094
342.49243
341.08527
339.83438
338.29468
336.1809
334.80746
333.94003
333.29044
333.32397
333.0219
332.84012
332.9503
334.98645
334.0501
333.5489
333.4782
333.69855
333.7625
334.3637
335.549
336.71588
337.83127
339.29385
339.1851
339.87582
340.36993
340.68686
341.19275
341.11386
340.91663
340.89877
341.14307
341.4798
341.82776
341.31357
340.27704
340.17938
341.8997
343.24762
344.95215
349.10455
353.524
356.3507
361.03873
358.0643
352.72308
348.17123
345.93024
345.70557
346.3798
349.7724
351.56906
352.41168
353.1335
352.81256
351.46295
348.18695
343.19403
339.3017
338.7675
340.1328
358.5618
385.76044
384.72882
456.98383
544.3144
591.5687
607.041
581.903
543.0697
557.9751
541.8356
539.2375
539.05145
538.9246
539.89624
542.1849
542.2688
541.16003
539.69257
538.93677
538.6715
538.5394
538.83417
539.45685
540.6655
541.30206
542.057
542.73987
542.29065
541.90643
541.34827
543.6543
547.6587
546.0958
541.82544
541.0819
542.29913
542.3578
540.24774
540.51294
543.08777
543.0753
541.89514
541.2931
539.7558
538.2506
537.1603
542.5306
571.3522
582.5508
581.8264
588.5949
576.4393
552.499
544.9911
566.1163
609.2245
587.7562
589.1107
596.4459
623.59265
646.50824
656.34015
660.888
696.65393
798.6067
804.2902
790.972
780.37115
797.3672
811.631
849.78186
865.8412
855.14355
860.06964
852.7122
838.0031
836.60626
858.7531
852.942
870.7699
869.105
879.4119
868.76416
862.42596
857.75793
868.3732
865.8312
883.89844
925.8839
951.25616
948.40515
949.66144
968.6338
1006.7086
1008.9027
1008.27966
1064.4374
1087.467
1081.3104
1088.6846
1128.971
1149.4907
1148.319
1197.1647
1220.8878
1202.8252
1183.3422
1182.6825
1193.359
1131.1042
1136.1914
1193.0876
1187.1948
1192.1812
1203.6693
1233.4227
1214.2926
1200.1888
1279.093
1350.3804
1342.1978
1358.7539
1360.2424
1395.8586
1361.4144
1346.9094
1410.8027
1435.7783
1507.1252
1502.7393
1476.9972
1469.5176
1475.5452
1503.4498
1526.6835
1521.3998
1496.4567
1499.3734
1533.3905
1568.4501
1575.5413
1563.4241
1563.4181
1542.5173
1543.0168
1528.577
1530.9004
1527.5281
1478.1578
1421.7096
1417.1478
1373.6316
1294.5969
1228.7229
1078.6826
983.9999
890.2046
895.4877
857.3258
807.69714
752.6276
734.66614
765.82874
822.97003
933.3989
1217.5833
1415.2301
1513.137
1441.4489
1407.988
1460.0455
1470.8828
1519.3541
1539.2032
1543.2205
1384.2311
1361.498
1406.4319
1463.5792
1418.1484
1403.2578
1336.8666
1358.5516
1456.0768
1376.8649
1351.3064
1388.1735
1357.7019
1388.838
1340.9473
1394.0789
1353.1143
1362.5283
1379.5525
1335.9221
1325.8821
1322.9614
1183.7573
981.01935
807.0188
763.2859
814.47034
732.7793
647.5962
614.5952
569.0788
540.7981
567.8744
693.39465
732.4127
883.88885
996.7383
1075.3821
1253.074
1311.0015
1539.2655
1527.6406
1384.7631
1226.8265
1229.0875
973.6868
1018.48517
1064.1252
1100.1793
1119.0234
1146.3812
1142.425
1158.2542
1250.8356
1249.2822
1260.839
1338.8477
1373.9734
1388.698
1379.5912
1328.0339
1267.2819
1162.0786
1098.4109
1094.2777
1053.1042
1063.0339
1076.8721
979.4196
995.5843
990.79816
993.15314
986.9873
978.908
979.2987
954.035
815.8919
662.1444
555.8374
539.1086
553.2397
570.58264
546.0652
524.2812
484.76495
366.66928
355.11127
379.8865
381.62173
383.59045
384.6662
384.83878
383.25568
382.4272
383.2835
359.01102
364.12814
366.62784
360.96503
351.15656
344.76562
344.48947
342.82697
337.7586
340.91583
342.20587
342.04626
340.86084
341.26578
345.0672
345.36713
344.94196
343.28195
339.06274
336.2032
333.17737
336.60333
311.65726
300.06342
300.4611
303.97244
309.71515
332.29346
355.00717
368.3298
363.75143
361.43826
358.6048
356.66708
353.878
354.73892
351.2242
348.19492
343.90488
341.86957
342.7847
341.41418
345.17264
339.74753
328.51923
325.53278
325.6721
326.48767
330.04907
334.40912
333.21445
333.77332
333.45685
333.11554
333.04727
333.36533
334.71906
334.6125
335.47687
335.97247
354.70972
348.75415
348.92853
345.9284
342.24942
336.8509
334.28873
333.8409
334.92813
332.73407
332.8836
412.85336
430.33188
409.65582
408.3211
422.3225
444.56708
463.48187
467.7819
478.2254
487.89484
424.7106
418.5497
431.13348
447.0607
466.02383
471.64948
478.11752
483.65973
480.5309
486.6551
479.4991
475.92245
483.38193
485.46982
483.55426
493.8299
496.12027
494.49408
484.86353
490.09076
487.5205
485.4922
476.23242
482.79858
459.67538
476.2538
482.22015
480.86533
467.08072
457.1538
467.59195
484.95987
485.9755
507.30438
515.41174
527.75806
528.5869
514.1612
499.20694
468.13403
437.07416
432.74844
471.8366
494.82526
570.2814
577.25305
624.21045
703.40454
775.46985
828.7526
838.6071
788.34094
777.20917
903.32263
933.2567
934.68787
937.0464
938.56415
927.0499
951.554
956.86084
945.60535
941.20496
944.2791
943.6198
976.1121
969.3776
977.98663
993.4801
988.14075
985.5755
981.02844
980.7295
975.87976
991.9178
1021.4198
1068.068
1103.6962
1162.6113
1195.341
1229.5857
1224.2769
1215.0424
1270.4326
1275.5306
1286.796
1273.1282
1288.2712
1291.6841
1304.7366
1326.5979
1346.2542
1334.3588
1357.7146
1340.2288
1330.1721
1353.0022
1366.7236
1352.754
1365.4158
1339.8381
1321.3352
1342.1414
1294.1663
1361.5938
1473.0703
1493.2009
1536.8519
1552.9637
1548.2909
1551.085
1512.512
1479.6171
1529.7062
1520.9723
1514.7699
1519.7
1548.4514
1546.4497
1492.586
1455.3535
1444.283
1453.0925
1449.366
1422.7765
1458.7195
1479.6967
1501.4656
1494.4058
1454.8246
1368.5964
1351.3053
1389.7708
1405.9906
1364.2634
1329.7217
1389.502
1403.4376
1431.4753
1317.2625
1324.944
1257.2405
1193.0988
1003.6789
777.69763
754.1647
717.8691
656.8887
606.4709
525.36456
505.0722
488.20172
561.6295
599.7386
678.7926
761.1371
945.71564
1059.7428
1149.8414
1197.467
1280.87
1522.2233
1513.018
1484.2474
1462.8901
1526.9283
1550.8704
1405.74
1372.8342
1295.5686
1253.6758
1155.1888
1278.3038
1387.7726
1331.5818
1324.8436
1227.2147
1366.4978
1390.6447
1278.4169
1254.7411
1312.3643
1349.4758
1392.4155
1472.7141
1483.5254
1558.4045
1550.0593
1415.2043
1286.662
1191.3047
1188.9951
1221.0148
1159.5344
1082.8362
1109.1189
1117.0529
1110.7235
1155.4501
1216.0858
1295.8041
1285.0173
1314.0823
1276.0881
1295.6918
1193.76
1222.7494
1208.2482
1083.2302
1007.9863
1050.1172
1114.6139
1182.9812
1213.6443
1253.667
1204.1183
1300.44
1444.3566
1612.2367
1588.7308
1461.4152
1451.2499
1405.3649
1468.658
1198.7758
1237.8636
1154.7236
1213.4583
1254.2731
1329.9711
1328.991
1221.2577
1105.5068
1118.4421
1123.4138
1239.1726
1291.6609
1389.292
1407.9368
1240.9417
1161.2834
1172.2262
1094.7611
984.8748
1054.3887
1115.3452
1013.40155
974.6162
824.88245
848.7344
940.8538
893.833
579.9145
536.3046
554.7987
561.66223
573.05774
537.7433
481.25708
375.5977
361.014
338.95352
339.66373
342.15292
344.51074
348.7978
351.28427
353.37088
355.2573
357.26508
335.5948
315.29514
307.10513
306.9627
308.5679
315.78308
323.86224
327.9749
329.66486
328.23685
320.93353
317.1773
317.5064
320.4682
324.4539
329.14175
332.35938
334.86737
337.22562
339.60516
342.2026
347.18085
356.45834
354.3387
351.40167
344.18622
339.5112
342.37817
350.48706
352.7718
352.91995
358.3173
364.5916
365.64166
365.15332
364.24243
368.80313
364.98187
354.04172
337.31046
320.0416
308.28717
304.64297
305.8233
310.54788
316.66446
317.1457
314.27435
315.69745
316.92667
317.89056
316.44885
314.96024
315.6749
314.9366
314.45496
315.32745
319.7597
319.67154
319.48868
316.0241
312.09015
318.34546
319.28207
320.7588
326.48447
324.31845
325.50763
324.25082
319.43976
315.27808
315.45377
316.4979
320.1707
320.04407
317.6876
315.7805
315.62756
317.54156
319.87454
344.63193
371.16635
356.39282
362.9259
417.1623
475.22354
496.89542
482.4362
424.1844
398.84943
330.1715
381.79022
379.80887
380.3689
381.17813
381.9211
382.34888
382.58502
383.2453
383.41464
382.6258
383.27286
385.36353
384.30392
385.9794
388.67975
389.02704
390.33932
394.28696
395.69647
388.8403
383.72638
373.8764
340.581
345.23798
344.8061
336.55148
330.18668
321.7416
324.2169
334.02142
369.99774
419.78604
424.3588
454.47476
444.77466
410.39374
415.36264
442.26495
454.6377
469.9029
496.90137
512.85864
549.5378
591.49524
637.67883
681.39734
733.1588
777.21924
837.9686
877.9121
870.5719
920.43176
967.68976
883.16406
819.6882
824.7095
809.5676
775.1911
786.9354
775.8872
763.8656
771.6388
763.91266
750.18945
767.7888
799.19885
847.6948
911.07263
942.9349
978.40515
1002.8244
1015.12305
1051.2556
1082.0426
1053.1293
1095.834
1088.1257
1063.7936
1042.2698
1017.8096
1017.28845
1050.1167
1090.1848
1183.6185
1250.4675
1249.3258
1202.1279
1183.2279
1222.6654
1237.5818
1251.9033
1218.9957
1148.0431
1119.8196
1127.1956
1185.8927
1275.1179
1379.0691
1429.4563
1440.5123
1521.8588
1712.1901
1762.7546
1783.2242
1788.7234
1794.9773
1773.3789
1770.8011
1794.9866
1868.1013
1822.0531
1829.6656
1773.0914
1757.0797
1779.7627
1780.3359
1761.3998
1765.4285
1830.5023
1803.9368
1785.6383
1771.306
1759.0203
1834.4225
1807.1686
1820.4792
1802.2659
1700.626
1703.0638
1594.7164
1554.5385
1493.5197
1286.8884
937.9376
799.3972
698.05426
589.2813
510.1205
516.278
543.3678
551.28326
645.1362
705.64044
817.4845
959.43713
1121.615
1292.8567
1479.8248
1698.1252
1904.0088
1848.4965
1692.6361
1569.0885
1571.8799
1473.6605
1426.0046
1578.0306
1597.1329
1580.9336
1526.291
1561.3826
1557.2288
1565.0168
1544.6609
1496.8705
1401.8365
1433.0232
1441.922
1366.0326
1278.9475
1282.9834
1236.699
1185.3193
1100.4766
1101.9857
1024.8346
814.8977
867.90643
815.1544
780.8053
746.3277
675.71277
710.8138
831.9877
932.41956
964.51385
1053.112
972.73035
912.64777
1217.5912
1133.947
1106.7876
1117.3096
1159.4742
1248.7312
1273.5774
1265.9271
1300.4142
1171.0225
1134.1602
1074.5125
1045.964
1049.7948
1063.7659
1084.3013
1087.4636
1088.8549
1106.7227
1040.4773
1055.3093
1023.77527
1025.4075
1041.0033
1079.2303
1082.9197
1109.2175
1119.8284
1055.5398
889.58575
840.53357
831.55115
819.55566
811.3869
802.94495
806.72437
811.86835
747.54645
487.30524
597.5845
605.61426
561.13666
491.56665
445.79282
404.87613
354.14206
327.0417
321.62177
320.92947
320.60977
320.62213
320.50247
320.25696
320.14325
321.3612
322.6504
323.02457
324.1704
326.02408
329.5932
335.5451
346.3187
362.94434
363.84784
365.57928
371.17157
369.07867
372.4315
370.96667
369.4967
375.5157
369.23538
369.00897
369.92465
369.11658
365.01932
362.5998
367.00522
370.92114
373.03937
374.0446
369.55276
371.4401
373.453
382.69464
387.30878
380.92645
372.8597
369.77933
368.09192
362.73972
355.82336
359.04858
364.95346
367.34818
366.37857
364.50647
368.73206
376.14218
384.93903
379.50922
369.05994
364.97247
375.96494
386.98337
374.73358
372.67337
368.01987
363.1823
371.08197
377.19748
386.175
386.9624
386.1157
376.31693
364.44278
362.54977
367.41876
370.71942
369.28253
367.33524
373.3051
379.20612
372.6069
358.74536
353.16656
355.28473
360.02606
359.40005
356.4934
361.72437
365.48465
367.4125
365.9855
366.74493
384.84637
425.65472
389.19653
379.54178
379.2564
370.858
371.31354
368.96405
360.80658
388.70917
378.38132
386.82312
375.6313
371.06656
378.00363
377.1916
372.2172
387.67316
382.1973
371.52197
360.82327
348.37857
345.04837
347.141
345.17593
342.08636
345.16632
351.01007
351.10382
350.94266
350.09256
351.69257
355.33932
356.24805
355.0959
355.16827
359.02942
357.09152
355.039
360.11002
372.10315
370.41525
385.06696
383.4428
384.5857
373.82806
374.54538
431.9904
485.5188
559.38416
623.81915
631.3068
636.2556
654.6879
624.6258
656.7362
668.7798
649.2682
680.5633
679.6803
677.3482
678.7493
686.1411
675.50696
670.8109
645.0718
648.9944
659.57837
666.97943
667.71075
671.90393
660.7333
663.6599
659.3866
657.32855
645.0718
647.1442
645.26306
647.73047
656.3308
669.2336
688.0445
679.1927
703.662
685.57605
678.8304
674.3749
681.3719
683.671
703.964
723.1688
728.831
726.015
743.97577
743.0817
726.1831
721.9801
736.7175
725.9033
708.70636
708.2197
727.66956
749.4395
744.5394
727.819
724.89453
754.9161
813.4544
900.5705
1012.53143
1104.4976
1164.2906
1239.2351
1268.2445
1264.16
1304.7395
1363.6256
1377.2966
1371.7274
1395.701
1410.489
1399.1875
1453.0295
1444.9116
1447.127
1427.1702
1416.9772
1372.4053
1347.7579
1315.0452
1344.3685
1360.5393
1374.3649
1341.7949
1338.5012
1354.1039
1356.304
1323.8909
1244.4686
1175.5829
1139.4569
1020.4089
955.0294
848.04706
758.2926
654.7723
503.004
491.50845
479.05353
540.19696
637.96375
753.87286
893.6121
1035.891
1134.3754
1211.7654
1264.9609
1215.1299
1138.5702
1059.7086
1046.4539
1108.8169
1150.6898
1224.6559
1306.2728
1382.1858
1369.0251
1318.6986
1353.1066
1268.8186
1227.7667
1279.4154
1387.1702
1244.161
1158.5833
1155.8696
1198.1077
1190.4666
1180.501
1214.6086
1271.844
1268.1267
1139.5354
1046.9469
1020.6251
917.84686
768.4108
774.9788
728.4602
661.28534
627.2539
591.1361
658.10675
680.51746
706.154
674.72314
755.47687
666.9918
659.6367
654.07324
656.07214
654.0451
658.32666
671.3355
674.51807
656.15564
619.1222
610.55133
640.08105
538.8736
456.08163
423.32965
401.20505
394.6793
471.37482
596.33716
676.68164
625.3481
715.69434
805.86957
918.3885
1038.7207
992.4445
862.5579
877.57306
908.425
909.4665
917.20734
935.4863
980.1963
975.423
981.2197
976.6212
979.3091
911.7375
938.40607
807.654
693.3862
700.5122
685.4872
720.0392
759.0497
785.0055
811.83167
818.3417
864.871
900.9574
1006.77844
1074.4978
1090.5562
944.6457
819.6837
699.13544
683.7413
666.26526
688.0022
708.97235
715.7517
706.8924
709.5184
686.1324
665.113
682.27765
638.24994
618.5553
586.7855
642.4899
679.26404
720.6876
662.98566
644.325
694.7526
645.4043
613.45557
537.37463
497.471
464.8414
446.6801
415.8111
400.0759
346.45233
358.17316
354.9876
352.56183
349.49634
346.715
344.55988
343.13773
343.64435
344.43765
344.706
344.9992
345.40683
310.05157
306.40753
293.60498
280.03763
266.75452
263.58978
265.6351
268.4331
273.0806
280.6357
277.68378
276.79694
275.4398
271.96634
269.46265
269.40314
269.00946
269.05612
269.66876
269.99292
269.57358
269.4249
269.71872
270.0478
270.43256
270.3972
268.98685
268.35504
270.8376
273.84344
275.38834
277.47272
281.67056
286.56894
291.9809
291.4107
288.524
285.5292
285.51187
286.33414
287.73724
286.92728
284.33224
283.6563
280.69952
279.0368
279.261
280.89694
282.63882
281.3482
280.17203
287.69867
291.56955
290.1871
287.19003
291.62515
297.8161
301.24295
307.86823
298.52826
291.7099
290.5608
289.06015
290.39062
291.84198
295.44794
298.6491
301.081
302.3063
293.91815
264.35434
245.47324
241.28055
244.58179
252.51591
263.35043
271.44287
274.22284
274.2914
273.3095
272.71756
272.05203
271.29944
270.6247
269.60892
324.57684
395.06805
392.36157
384.66095
373.9438
373.38156
378.8749
381.3645
391.73795
424.83173
409.54163
406.2397
410.53094
409.89267
418.38184
428.2104
427.97598
420.97772
421.57928
420.69125
420.6433
421.90594
417.44183
409.81586
407.63763
414.1811
414.76562
412.95322
414.60498
417.97827
417.25702
414.2164
412.74884
412.1917
412.6599
414.5932
412.1186
408.06647
402.77435
401.15112
406.66888
412.7657
417.59854
415.0791
413.74234
413.85727
414.03067
414.90103
414.64258
423.6203
484.58954
558.99384
630.2187
637.01276
706.3426
672.2453
572.98865
496.40356
456.11148
425.51532
516.3935
523.79706
644.58136
784.08093
819.2095
805.66034
789.4251
734.91364
799.6187
836.6981
844.33606
867.5449
883.50867
908.4919
900.1876
910.33954
895.2096
903.2555
878.96204
877.0054
869.8802
887.0666
893.2653
891.21936
902.98486
931.36884
922.2549
909.47205
902.41486
914.6948
915.59406
946.06525
1005.6333
1003.9829
1058.2335
1058.2236
1135.7996
1166.6201
1254.2699
1411.0543
1445.3158
1409.4291
1277.5367
1178.4857
1013.5497
1007.8742
1012.3242
1005.19275
1016.9661
1018.10315
1018.66
981.7477
1017.7599
1008.38684
1023.3208
1051.6804
1057.4148
1060.8865
1047.5159
1078.3395
1075.657
1158.5516
1267.3141
1344.6204
1418.2772
1520.1638
1629.5406
1672.6951
1739.2272
1882.044
1967.5
1954.9421
1800.9451
1688.1436
1634.7458
1624.1664
1691.8057
1683.4265
1629.4587
1637.3418
1621.7516
1632.6691
1636.491
1641.3262
1626.4609
1642.779
1648.1262
1656.96
1660.3625
1682.8522
1590.6621
1529.6112
1589.1868
1610.3689
1552.5217
1335.7498
1206.0223
1091.3601
1003.83203
851.26013
729.9435
736.1354
842.9842
942.2311
1178.8411
997.1243
865.4618
883.3576
873.2418
890.2422
1007.2855
1272.163
1168.0994
1185.8707
1083.8038
1370.5287
1537.415
1517.3284
1532.1746
1449.1088
1442.5789
1397.5149
1371.4731
1414.8845
1557.4252
1176.2659
1569.0746
1642.012
1520.4978
1453.0024
1493.0609
1450.5232
1512.986
1564.2913
1573.1029
1533.8098
1465.2756
1423.4602
1361.9158
1420.3354
1476.8926
1307.9525
1035.1813
1015.7733
953.7521
951.86035
965.98566
968.0206
982.3638
1000.2101
1007.4116
905.709
834.40643
824.7798
734.81824
724.1959
789.9956
824.5298
791.5896
919.5791
1071.7395
1185.364
1305.5294
1324.902
1347.3221
1373.1072
1358.1721
1467.9827
1549.5538
1549.2229
1522.9352
1534.7982
1501.0262
1476.8738
1478.8965
1469.9999
1486.2059
1468.336
1457.3499
1455.2274
1444.3069
1406.301
1429.094
1402.3875
1271.6042
1244.4767
1434.8704
1554.0618
1306.7643
1220.4733
1228.5979
1310.8015
1341.8295
1297.1384
1232.3173
1180.9626
1110.0098
978.5417
917.9269
851.96484
864.56573
898.5568
1048.6344
1018.73206
890.15155
841.6699
687.76575
562.8692
460.43326
402.8587
341.7514
327.8278
298.50543
289.76697
287.14224
286.71582
286.83347
285.82037
285.6944
284.29727
286.59695
306.87555
299.46796
295.79816
344.09125
335.07416
331.84174
330.7788
334.03647
334.65485
334.64163
332.3436
329.75055
329.758
329.70413
329.70007
329.90118
329.84808
330.05203
330.1751
330.7516
331.7337
332.58215
339.8602
338.0557
336.66266
332.6645
327.80505
326.74252
321.87534
324.21817
333.06586
344.68402
354.8057
375.23245
387.8181
379.89658
367.796
359.28278
342.32568
321.36673
314.13794
322.8094
318.32568
319.48383
329.788
338.93805
359.6935
366.6901
352.92804
340.60165
331.9339
314.716
304.79678
302.22528
305.9002
312.283
315.60397
315.03265
314.59998
314.10175
313.83475
314.13214
314.69965
315.5587
315.85406
316.5038
316.8844
316.91534
316.81766
315.77432
314.69962
314.23688
314.45132
315.34515
316.59302
316.9355
318.0428
317.84854
318.40515
318.26263
318.99158
319.68286
319.69363
319.94672
319.73248
319.01526
318.96017
324.73102
319.7501
373.65387
470.50058
540.1266
553.1014
511.79443
436.62396
451.54916
436.46036
445.5581
445.33878
442.455
440.45908
432.31494
436.2791
439.67734
440.7313
430.98926
409.91095
393.3442
382.28653
390.7749
396.70642
396.01572
391.13898
392.40106
395.23074
394.51968
394.8722
397.18848
401.5301
405.68134
405.9793
403.15143
402.45746
395.08698
392.19522
393.08215
395.5296
397.86383
397.84607
395.58807
396.68335
408.7376
410.79926
432.59247
441.8418
440.3545
429.31845
420.9654
437.50946
433.9608
396.38657
440.9292
467.89032
462.48242
496.16168
530.805
480.11322
500.81827
605.7121
630.4386
613.84784
663.16254
810.7228
813.9017
818.01666
811.63745
851.1598
947.8146
1020.06366
1042.9573
1049.1418
1043.2012
1055.8978
1072.726
1080.3849
1070.7191
1079.7092
1101.8511
1072.7131
1074.6473
1063.0587
1121.2946
1209.3645
1280.8219
1280.4258
1289.7184
1455.615
1454.6816
1487.613
1389.2393
1384.5304
1401.8472
1287.8611
1288.1395
1245.763
1245.1588
1323.4486
1411.7137
1438.5157
1419.2308
1402.5696
1431.568
1442.9008
1481.879
1528.0442
1531.054
1496.4014
1434.9855
1429.351
1386.3274
1330.2761
1309.5751
1274.4841
1258.3761
1264.415
1323.578
1407.1609
1492.3954
1558.2946
1502.7058
1483.7847
1530.4669
1588.6605
1541.8793
1487.8372
1586.8712
1718.9163
1806.2859
1818.4861
1778.3942
1849.7732
1901.6917
1877.1361
1874.3821
1863.4958
1813.3685
1821.2758
1844.865
1779.3672
1750.2487
1707.1975
1644.8881
1599.86
1640.195
1653.0361
1644.7366
1655.3406
1692.7367
1673.9108
1642.6096
1569.052
1504.991
1491.1779
1416.8596
1368.8058
1289.6685
1187.2616
980.4673
869.4699
630.6976
553.07275
528.4697
556.4831
550.5138
517.64246
437.26056
415.00854
393.49188
410.62906
431.42953
486.62466
515.8747
587.80945
626.6397
673.71643
652.5464
736.21466
791.8834
878.0801
898.01404
760.89014
891.6408
1023.69745
1089.1807
1193.7584
1487.0569
1506.316
1493.4587
1515.6191
1473.5393
1290.028
1221.5979
1224.4017
1285.5481
1312.8339
1321.4375
1382.368
1414.3802
1384.0032
1345.178
1302.3318
1324.0475
1253.7201
1187.1155
1136.7986
1211.6434
1251.9537
1249.656
1393.0067
1480.2784
1476.7805
1383.6072
1225.2234
1037.4309
828.9709
710.5553
616.0248
608.19904
615.8898
608.29944
497.74643
440.1961
425.28143
468.0812
442.53165
448.7473
436.32007
449.68646
460.46036
439.67267
610.5198
757.3367
793.78235
896.9054
984.52264
1051.8647
1049.533
1093.575
1284.7925
1290.6234
1332.9606
1324.8457
1284.6062
1272.0939
1278.2712
1266.388
1076.8173
885.1769
806.4019
716.8441
673.57745
706.28644
819.1075
910.5853
1008.2264
1082.8955
1266.3828
1305.5869
1314.3077
1204.6472
1040.733
974.1976
942.5669
883.29346
777.7138
722.4376
801.4593
819.7125
802.7396
799.74744
766.2195
798.50476
759.6979
729.0342
747.25745
596.6404
616.84705
604.9133
542.3107
497.6949
445.60767
366.9082
316.92712
360.1106
389.9348
379.80573
379.7665
384.32538
395.85318
411.29388
417.57584
409.8335
395.04987
381.9289
371.91217
366.5384
360.37177
359.45224
355.68817
360.16028
221.54402
212.75986
199.78738
198.01456
201.03384
204.25917
209.24142
214.38855
220.39998
214.81015
214.69482
214.50394
214.3302
214.29459
214.3021
214.27036
214.17671
214.1296
214.23872
214.48747
214.75386
214.92563
215.0398
215.1512
215.26407
215.24661
215.1239
214.91531
214.75325
214.84953
215.16435
215.37927
215.28178
216.90381
222.46785
228.95352
231.37659
232.03122
232.64258
234.50803
236.01224
237.73837
238.35245
237.65976
237.81607
238.11392
236.86496
234.70972
234.40068
234.16312
233.74312
234.36186
240.2201
238.7559
242.45488
242.47263
240.905
240.28584
240.31717
240.16792
239.30966
238.98563
241.99402
239.62273
234.23523
231.03537
229.9462
230.40732
234.86157
264.57373
291.0579
292.76428
265.291
258.84232
263.62796
248.04825
226.35115
245.8647
244.00961
236.50558
235.59457
238.61955
239.02798
238.73901
237.6322
238.53899
237.92363
238.0187
238.35751
237.81755
237.19531
239.52881
239.93808
238.23259
236.37285
234.4827
236.39958
239.90279
239.05684
237.42679
235.28291
235.08931
237.71176
240.29439
240.19995
239.2716
238.91443
236.41484
238.46127
241.62732
242.29434
242.46463
242.12386
259.27054
256.3653
245.0092
239.3803
243.94864
271.4593
263.84503
243.56416
243.60172
250.70206
246.16728
273.733
333.34003
365.4521
415.26715
469.53363
502.13486
543.28815
575.60315
520.7379
548.88367
596.8835
597.3862
565.3523
590.58307
627.2397
652.044
648.757
630.6395
618.8529
616.06177
625.43774
633.192
624.6879
618.3223
625.1072
614.5309
637.10675
633.2476
603.86206
602.23364
630.09875
675.3634
705.0926
746.8057
741.85144
730.4674
749.5713
759.93933
826.19324
837.5143
794.4403
835.00275
800.6208
783.26526
854.8504
917.541
946.7199
1078.947
1008.10535
920.7804
850.633
794.053
847.422
871.80743
850.0199
828.84033
938.43115
1151.4247
1251.1453
1279.9908
1169.6196
1079.1666
1052.1439
973.65173
1031.758
1130.3253
1233.89
1242.4762
1181.0508
1214.262
1234.594
1245.062
1236.8163
1207.6788
1193.2006
1220.8469
1217.8232
1197.5828
1230.4061
1258.8438
1246.7423
1236.2537
1235.5352
1289.4288
1278.2786
1256.4856
1243.1757
1256.9153
1245.1892
1250.8588
1268.8811
1215.7944
1084.9587
923.0877
800.74146
627.07947
537.4459
448.8435
370.60284
342.32974
318.0041
250.14514
269.5605
359.48584
477.26895
614.21277
778.95294
872.6657
875.5259
875.50964
885.72723
976.33997
991.31995
999.44403
1015.9167
1055.5787
1145.2681
1118.5492
1073.6293
886.0908
920.86523
878.0216
779.29443
776.1387
895.6035
779.0321
792.10455
819.43787
860.69104
926.3381
1011.266
962.12854
995.2379
968.9334
947.06476
1036.4031
1032.6558
999.6865
986.8366
882.2865
904.12244
852.0926
833.9357
857.7446
816.43134
653.2508
647.49866
674.64764
677.161
652.5141
692.1989
696.26526
703.4502
703.85364
664.486
638.8443
645.91345
544.17053
496.82455
494.77875
504.69293
501.18808
623.8158
676.4144
762.74677
834.5792
863.67444
894.1239
902.88525
1017.2386
971.2581
945.9943
856.931
875.5926
832.4252
822.87683
721.6717
682.72656
674.87604
772.3934
823.9551
813.46704
892.4598
1013.83905
1000.47595
955.9955
848.7124
807.31506
676.79126
619.6819
557.611
599.4801
634.9123
757.9769
837.06366
862.0345
935.91974
921.55975
778.329
739.87775
642.0213
561.4628
586.8565
624.9073
609.85706
535.7173
646.046
697.3323
705.8084
770.5399
892.0983
952.1029
934.1454
878.379
835.71106
678.7696
558.3244
498.73233
481.06958
449.2181
417.15128
439.81412
416.64728
350.37875
286.12555
220.4852
225.31075
224.63594
225.1783
226.50223
227.84041
228.00546
226.87857
225.3815
222.87517
221.32779
230.40398
233.04472
234.54123
267.74713
267.53778
266.1617
264.63892
262.84808
261.31393
259.12033
257.9765
254.59973
246.775
246.97551
246.13379
245.58548
245.57573
245.37553
245.49345
245.4589
245.52937
245.56206
244.40181
244.6221
244.99222
244.752
244.14914
243.9379
243.85632
244.16238
245.20981
244.6818
245.08963
245.68774
245.27316
244.90152
244.77995
244.61841
244.65494
243.54013
244.21411
244.61533
245.726
246.37717
247.45532
249.14365
251.20569
263.07068
265.71274
269.4849
273.38132
276.46646
280.04135
280.90988
282.3401
286.18988
290.8178
290.0917
290.75107
291.9103
291.79535
290.90128
289.3243
288.44672
288.51196
289.058
290.20914
291.26483
291.97986
292.5113
292.8901
292.58838
291.51077
290.30408
290.06183
289.6385
289.31903
289.29803
289.55972
290.018
290.15115
290.0033
290.0821
290.4333
309.27557
346.89
292.73645
295.85736
306.1926
303.68713
308.09546
312.68634
295.28375
318.663
315.42175
320.00137
321.0724
313.07974
309.34402
307.57385
307.03522
309.8947
303.77625
306.6675
312.15924
319.6823
322.2749
318.4872
315.14612
316.6757
319.05075
320.01944
319.20724
318.4679
317.6648
317.32837
318.7702
319.21848
318.23093
320.25687
318.8302
317.9479
316.8014
318.83435
319.21753
320.68597
319.20306
320.65
323.60822
323.39755
318.53473
317.62344
338.5456
417.60245
404.16623
365.45978
342.04495
323.6882
305.82028
303.56274
350.90497
416.28314
399.7202
393.3268
389.87088
423.42807
444.62933
487.32294
554.8627
548.5314
632.40063
656.88416
649.9571
635.55334
650.1662
652.2312
647.2354
634.15515
649.8673
663.1866
675.737
676.32477
671.50323
658.93365
653.89453
693.6448
717.17
739.48
762.8622
777.00726
729.2177
715.0003
743.0311
794.80804
813.64954
823.23035
858.6564
888.57355
887.9567
943.629
965.5046
973.1846
996.54724
1026.6339
1088.6761
1115.8524
1145.3419
1131.7356
1134.9154
1145.3167
1117.088
1102.8401
1106.8701
1105.1237
1103.2288
1078.6044
1040.0144
1042.5308
1005.04236
1053.6511
1118.973
1135.1167
1131.7107
1136.081
1089.8894
1060.0667
1007.5895
1013.49884
1058.3123
1100.172
1107.7661
1096.059
1090.0066
1094.4403
1114.0402
1110.5735
1108.8206
1099.4089
1090.3815
1099.6223
1106.2526
1109.9203
1102.9258
1111.5101
1104.2062
1100.5544
1098.7029
1107.9531
1115.7225
1109.0286
1119.2029
1070.779
1040.8147
1039.1986
976.48944
921.5861
788.6749
703.7528
634.03827
522.4866
482.65985
438.60712
407.1063
422.6932
525.5522
625.137
668.2003
744.0138
868.5475
938.7549
987.20294
1002.49335
967.21375
960.8799
967.4746
962.8211
880.94446
846.1873
886.0539
948.9995
984.11456
971.8965
881.8229
880.4877
943.6029
869.1621
867.36395
857.4456
839.45197
866.7952
908.1711
907.6903
955.73865
990.41534
945.36816
946.2684
929.45374
945.7689
915.3958
902.9255
814.2264
696.7967
656.36035
546.2926
506.4471
513.65283
501.6858
542.6764
620.4442
687.5928
753.15027
838.92773
889.5475
964.86896
1053.1205
966.8501
900.53357
816.19934
799.2257
814.409
803.37384
789.2122
791.76373
765.69965
776.7726
661.3377
631.7169
596.3954
604.2502
661.35657
709.74
610.7502
602.3277
627.3027
649.8528
670.3346
735.2409
652.87134
637.1008
564.55286
565.7093
574.1754
492.32397
535.5845
559.17224
546.57184
501.87177
482.30493
463.1101
676.8261
674.0172
595.6259
592.37476
606.03296
565.6427
533.25354
487.11273
409.9096
343.44727
316.80313
301.3747
268.8085
257.81046
254.5125
251.7635
250.32356
247.47623
246.86613
248.99084
249.92583
250.72342
252.0866
254.68697
256.336
256.75705
257.05203
257.40912
258.34222
259.94244
256.13672
393.52142
360.32742
319.1455
302.48843
305.33618
326.04266
337.01855
396.16974
431.68335
404.19626
387.7083
372.05334
361.68634
351.82632
355.93405
356.75745
351.75677
349.68237
349.84274
348.93396
349.22803
349.23236
354.61777
356.40817
354.9682
358.54276
360.89478
367.94995
374.94305
379.2082
386.95883
390.74496
384.58234
377.33075
367.11334
360.153
358.15985
354.01892
351.05643
351.7389
353.06818
353.53696
370.07245
365.3374
364.005
358.5396
351.38312
347.88782
348.06387
349.8964
351.38416
349.77484
361.9145
366.46454
367.17538
370.33136
362.4577
361.40817
359.4864
357.6739
351.03607
339.97128
342.73416
335.1897
333.78278
328.96793
317.57794
336.40387
346.73178
351.87863
357.65976
371.54034
368.02225
361.45038
358.11005
352.45587
351.51282
349.17953
393.7348
459.14957
442.3106
461.0293
482.08917
489.16046
478.21387
468.98193
470.8963
502.0743
491.06836
497.66934
500.6097
502.275
494.0359
489.77142
490.07135
491.7874
496.35394
500.3846
497.8708
493.035
487.4187
485.29614
487.54572
491.4768
497.1673
500.8023
498.83212
493.7173
491.7311
493.3487
498.88608
500.82306
507.51132
504.66837
492.0934
495.11304
506.7539
508.5324
505.22797
505.70563
510.0233
511.51367
506.87622
506.04428
498.725
499.36783
514.2
509.35425
498.80038
492.48715
497.0292
498.0254
502.6417
502.17578
497.64093
491.97406
500.59976
498.21112
496.97495
502.18448
512.34674
503.24185
503.7066
522.4933
573.81335
591.62714
569.9161
550.33386
503.65656
482.92545
479.25018
522.4264
562.2069
663.026
765.45636
834.66907
838.7238
833.4918
855.7588
916.0534
939.1146
938.61053
943.3859
1020.9735
1077.8555
1063.0697
1032.4509
1064.867
1083.2643
1064.9998
1055.3591
1043.0406
1017.1605
1024.4434
1021.24695
1020.54266
1032.3391
1063.563
1037.4684
1025.782
1046.0242
1061.277
1078.5208
1070.915
1105.8077
1172.7972
1206.199
1226.8015
1227.6652
1254.4343
1302.0385
1306.151
1312.1692
1305.2816
1252.6145
1251.3269
1243.9227
1204.0791
1217.45
1206.1062
1189.4525
1172.9578
1177.5432
1181.9492
1198.703
1169.0746
1193.022
1183.2733
1164.6904
1154.1025
1182.466
1236.5847
1396.4476
1578.7288
1698.4899
1656.1842
1631.0177
1643.2136
1654.7836
1683.2744
1743.5374
1775.9926
1764.7708
1751.1721
1749.2959
1776.9886
1808.6643
1730.5039
1691.9929
1687.4766
1685.3328
1687.5283
1631.9246
1638.028
1679.5476
1702.2906
1691.2054
1669.752
1682.9319
1705.6234
1707.9984
1722.5457
1614.9172
1600.6208
1489.7557
1393.4349
1373.2273
1334.5576
1205.5374
938.9162
828.4332
737.3361
770.4898
867.1079
890.86975
951.4772
1029.9714
1216.1332
1390.1094
1327.1096
1482.9797
1582.7642
1682.7781
1649.5752
1565.061
1439.1804
1386.8525
1442.7155
1166.7416
1265.0925
1246.1985
1036.8152
1232.1067
1062.1659
1000.08527
1146.434
1077.9724
1003.5716
971.6129
913.4178
987.23816
1066.6558
1006.3071
949.5674
1252.988
1170.6047
1263.4119
1091.1105
1171.7981
1129.168
1051.0149
924.9474
869.0773
752.9626
622.0628
560.814
612.34796
648.9398
639.4098
616.5216
541.678
624.9174
705.2754
790.1844
977.9634
1149.0325
1272.2894
1366.217
1421.9436
1770.9744
1778.3037
1772.9199
1835.2924
1804.0427
1803.6897
1815.5842
1777.0007
1747.2028
1765.0149
1800.008
1767.0789
1689.457
1750.484
1745.321
1769.4515
1757.4867
1705.0778
1665.9504
1635.1886
1663.5613
1699.9342
1751.2504
1710.5465
1715.3473
1774.4381
1762.3938
1755.002
1761.0754
1567.059
1412.5629
1345.2449
1229.7976
1120.2073
1120.4377
1126.3326
1051.9763
952.8002
929.38806
882.0674
873.4657
881.3903
906.9191
832.73553
656.39246
658.0581
605.60394
614.6551
615.89197
598.166
507.81177
395.73663
413.19443
392.96054
384.59702
453.26056
441.7334
457.55338
483.38226
474.2168
459.8706
448.35532
426.2077
418.70624
418.97226
535.88806
