0
41.18263601794797
58.50110017435365
36.95184518583373
19.545670541824222
20.160728111349805
39.85496193272179
91.17527637544693
105.09354055808839
81.46784458397312
43.34435515863961
21.430585560770464
19.527058996711197
19.638455200195313
19.180950927734376
21.107927835193415
25.0421399806821
22.874873885159012
17.947270613429577
16.56300048828125
15.730874633789062
14.40751940792452
22.592020462281276
70.15897107282792
93.99020256171256
82.09708956100549
47.982088632939885
17.894912130701005
26.119381438603476
42.5534475120091
44.11460176681103
32.52407201727798
8.702561184044248
11.770994752715136
33.05004019671263
67.4528260109776
82.20873430112428
59.17521931930239
26.789104070741654
15.393406261928794
40.6914161398271
108.60241522671527
168.14114395865644
153.12394598490945
91.84297602713146
35.49258346084971
16.853948693058193
16.374357186850467
40.91924688717113
68.87091597298645
72.90886039232021
63.5357204341009
72.8997092095185
91.81516105020697
94.5010464584921
110.33713064507019
118.12500952057425
96.63497251992275
57.362964149163034
25.638044286538694
38.164728382020385
73.95364009437358
25.018649778491636
27.876617968672416
42.52829907206899
36.01005469310555
33.59838509679103
49.104693698667674
22.550299072265624
35.97932733873995
55.94078687650157
119.80006650755323
97.11591150326839
77.46040129727821
77.73077020867547
92.78940559518824
106.78159784822967
106.13279487051435
91.43174728614301
45.154041353855725
9.883261108398438
15.991821112587195
29.18374481414735
24.645228654656364
13.707626926195553
57.08321731048828
111.88460336082719
139.3117299704275
134.544989672649
104.35015270768595
59.3355891364492
22.28131743961262
9.698346105044493
23.619417176877448
61.8551459489161
91.97892992396801
90.5628494484105
84.33731504529153
62.094702852653015
44.98005432925804
42.81769787294395
29.779832322204026
14.909391570502521
96.09179377850009
48.75035841122453
105.53800525616944
177.12822111603145
170.24153162175176
45.11758996610506
55.0127378070159
42.883565734022156
43.86862979880952
98.46000126911144
286.55482448239974
167.47995029981763
13.043179774225063
15.783920128250566
14.62521262055202
68.21197883916412
45.17438337527403
13.029319351209143
22.531311420907194
34.55489592908903
61.469109655905164
110.29878061706066
81.44081443786979
73.40395285833581
72.85793216765182
38.29701914682446
33.85705594343583
48.04355215878904
149.3534970967891
169.9946376515167
146.3776627589209
143.59075962525782
167.79019337309364
200.79820425366157
232.7515244011266
261.97629281884855
241.66635848174633
225.49116619193805
191.83892026422532
168.57935539468264
190.00585749862458
186.87978078065254
181.0240074658283
149.85149799919995
130.3987387896922
119.68469340873767
135.1667087936621
179.91705442120642
221.64578077152942
234.03707374621536
183.62839512531463
141.4741948499644
105.07790125395249
88.4539573346332
29.041764517188405
21.657605103889683
55.96389998567652
23.528129880333836
83.20560457404429
199.49989524146878
221.91970875727776
205.19795852700614
220.498920878986
241.31025724393893
283.02824321660563
234.4858852310561
181.16133257640232
149.8580441246705
157.88873625660926
139.43037690871415
158.98547818441563
220.73963085035862
243.77539995674996
230.6735877349685
164.58420611703914
154.10520743036187
178.66381728909306
214.88831939163646
204.28581436216905
164.87869227082257
121.1507218144728
153.0946514161602
145.963666088665
77.52794101378159
133.9685358173702
123.90530487985798
35.521387365586314
112.63798201286708
179.89894103357364
230.36321499013766
258.3653454368181
269.3348115453232
230.23862766161784
208.82492935741485
182.43703744148243
155.1151929110466
152.0070549107294
165.96773899603417
162.1227469848307
170.83053079740066
217.700544594471
233.60058942712558
231.1614786290028
213.38454133125182
191.56315093154944
174.07242253760478
159.75765274935785
123.04958140927442
108.41455372584673
117.84232202593307
156.69477258951855
177.99495334666412
190.6166084590268
170.6814218309546
128.19637102650717
65.0445652834322
21.35672664825579
38.65881121147195
90.95767395423454
161.80301102054483
146.17345372508143
163.99650394553154
176.48687994703286
220.65741352666495
276.1075459174946
188.89981319763996
156.2144024066607
121.7620875166554
46.09698533155993
33.427717003548786
32.915395014458525
38.13790283203125
40.68550203213854
146.71972262859072
209.87950548603402
309.8251226422946
382.783606350053
395.75532062177507
334.7635294201574
458.2503158909275
492.8512524380326
481.9138651753201
487.7135877619633
522.2424383368161
461.50911044822953
367.59819361262845
336.5694472157982
403.89258473547716
431.4009061040385
446.8924653073688
495.58943310048517
630.1958173535975
626.6438279253413
552.2581125732693
440.71477173756256
427.2868349826076
431.1834832053995
499.3094338219845
514.6617410118121
482.5353655163916
485.99524236899106
371.4212802768652
242.2396169966799
82.16452911650872
37.50417999477786
107.67254734241901
283.12548046534886
290.64946157007324
280.289751040161
285.8258099524171
253.92218610054223
256.0984318375814
291.4163007193504
221.2050407454101
222.80795028593488
172.05934801204847
172.11652188838661
223.37691478611583
232.71851537609874
235.47711224998994
225.57119904347473
209.12749522465015
201.75080014949214
184.0004428659915
159.30191486336986
148.84142088479058
229.8165769195764
257.3624727254695
204.23589440673626
244.51328446344843
255.72280952027444
233.83074766413756
180.71718122548936
102.65515088245601
81.17291537029493
165.3576623809974
175.009549305262
240.14269742509595
276.6957484867219
302.0121931862863
307.23054596319525
124.41020823625817
55.786122587514
62.85584091392711
128.3533210317517
224.81511472688507
242.33766459646722
238.8428583367444
246.49052510369037
279.8740360566164
258.55431887321265
225.07765758926615
197.73137143112172
178.9752547668621
167.089008821831
149.05018368795382
129.38173386386285
76.87199581316955
44.42259637517791
27.813675406572248
88.57214475455221
157.33149475088754
91.657941324878
75.9039310645833
83.92372747396462
69.16289611061515
105.54410828503133
142.49545991020494
178.3371006108001
184.13989095834535
161.76201942532126
173.47769459456896
114.85131883051699
145.0771601611122
158.19766241022998
204.92034753285625
290.57324053103406
219.71498407486607
118.35089889468664
137.90215741231242
117.88961232871563
85.57439654599193
58.67092656365075
32.09237770248094
23.001181408401614
16.52142816844586
37.31947266892585
27.630325390203097
19.0619673113845
18.338990929480133
59.07551102649463
76.5886577418383
64.37389434143165
32.214542590701896
12.911897068895565
30.70885016361235
47.31111456691677
43.20105614245399
43.147022010030796
45.47188315717481
42.99691824106909
16.336298192062873
34.55867616747637
34.92411599479133
19.9432536680521
15.830690148004408
14.856865623209387
16.038319597059218
20.387939906898406
25.915876358125615
32.69511257242959
49.95121472729146
90.19952929429732
119.04793786378232
135.63670470294875
128.06687525370972
102.08435344936524
64.62465658508685
46.83106497160561
55.50241775676268
56.34316890921699
38.52642656004768
31.621086725788416
38.916108524395284
40.070481254079084
36.8170707775407
34.319320954121416
33.2117490502535
33.90701257030789
37.21341162196582
45.174896919990374
50.268208158812556
45.37655951854288
35.00798416673558
28.573385620117186
31.073697955138435
33.119686937139114
30.821630714916388
29.80589904785156
29.79661865234375
29.479254150390624
31.77645105036273
43.44196921780174
47.30798268376812
32.26017688200103
37.239820035092364
60.38200480666784
57.19582316127499
39.949889751906255
36.69151449349673
48.743577495582954
56.99410873673064
33.68370570913525
36.414782477064975
53.92961549353235
89.0049430182575
130.90712172189393
146.9066981551024
94.22120758218156
31.64506081362422
95.36735920860875
170.5600308795183
156.61514730543269
95.76225452939839
69.48290480969999
102.37965702941487
147.38380751195535
188.5123330512979
199.26331148954006
229.81679697345254
263.83695897180417
280.4602475555831
263.6296399263148
238.98489032788447
222.2973388096746
215.58279927646544
225.80177599989537
251.5965273581045
274.0467599267926
296.03065923819736
315.9670378000459
279.4121419454962
192.211615863533
101.6147977893138
65.40362595309303
154.73155973477986
213.50721959133458
230.00066990279265
197.90201515053633
146.5105282042295
157.87517874011672
161.74246270969854
183.5569648771586
186.98189207504163
162.67873507137455
136.01370428644847
122.14233405028878
115.70943677794162
111.32667345867318
113.334811946995
122.70840036953493
127.68266582200503
132.3251138008789
137.90288264436884
132.5280180435892
107.92666759413021
94.59242701628189
114.25034978201158
158.76466083381837
191.14483025422186
202.82803606176836
198.97206409948188
192.40277843664242
186.59246488010942
173.6932089708631
151.38117155966506
134.67228979943312
130.16753489742516
123.49663229233707
117.83349634861335
130.26936844730454
160.84790799676773
182.42620401702644
180.68331042736284
168.6946398864607
160.71741913604328
160.2514274667183
159.93376823530937
148.63812863660687
132.83058818457732
113.06631586863212
123.15818590275569
177.75643356567593
203.76043502117471
190.67227983991467
165.8170128346941
148.56049233946905
157.06189122052857
123.83259286937403
120.33948955555013
101.72586924913972
66.87334629406908
21.702357180797797
51.431755267985906
83.0695851709863
74.13282833429066
21.540046186688528
25.686269608790553
30.522414522207235
28.503222351437238
47.47385738798757
39.83955459567055
32.381210234193894
68.82768678994417
160.29269281837395
225.20948333673095
221.508056211258
187.03584481392608
136.33121760020654
110.66247224756049
149.37127844109128
178.0798927813994
183.4154639285674
127.25373533493067
90.3170895850775
109.15681787976241
174.3084165587173
201.1767364817345
225.88079532317914
219.92407390523235
207.72641743517778
187.14128201002853
188.453910264579
169.9547011072636
115.21894288572825
54.91074597106217
62.97910050000919
103.52587041435777
60.337212820533935
51.381158447265626
70.37029668173159
63.48903232939324
67.49949673564151
62.58888576079566
64.93647472818402
134.8171289627211
182.82136429048896
161.04141460744367
125.42557729357995
130.11706348413645
155.51681968842027
121.93960536374416
157.90254351304202
230.36813196687345
222.32207997541482
221.00292967074756
242.51277693500543
272.83797283507033
211.9337645753382
135.45814245595793
146.62206073672914
150.16157020599604
90.48493175315143
61.46217731917068
47.42377255627575
40.539972308490995
104.46104000711611
166.8043318966967
140.0740452543887
133.119011775314
61.54777027326709
56.423136181636984
77.018429646389
82.46784800752434
74.20964662216011
37.41657034528798
27.2671630859375
31.59593448376204
87.92425836727625
90.2656982693939
44.919570758137205
22.1820556640625
18.702587890625
20.577164868182127
44.82976032955285
91.70298696642007
113.84959692245624
146.67223222972467
148.585571038121
115.38926869381604
79.00340005456219
22.32901412230658
94.4662654504743
157.46247985305718
159.75308293927475
178.34656608040513
146.4898003479325
191.85669793175697
230.46846253855819
338.7409858475358
345.6740984142268
277.0564494512536
165.63437106622638
67.55237166506427
23.1342394489164
125.95677205942316
179.42469944792538
71.8403076171875
87.66156005859375
78.71032673931259
291.3274154046944
472.97984016426307
536.5433597926861
571.8829098635754
488.8580919120849
412.1857916504864
366.8046511506151
513.0740520132571
577.3782630687191
594.9218371848983
574.4336655519575
626.7478734930334
642.1220702642971
722.2959757897304
717.1523533144348
607.1672002821127
691.6239812335876
740.6091395699921
709.2071634883712
740.1621628673423
672.6589965500665
651.9659651333916
505.50377999720257
440.25395752477607
322.80875700173357
207.871939762644
152.06121420133232
43.308284420970175
95.89309267177296
131.32437623457946
100.77570032150007
68.11916664270117
106.30398164950218
219.1721900742537
166.69395250166335
92.19929845153692
57.82163599149303
11.97646484375
63.84513398811621
90.48847002603176
23.485310051937176
47.22736759234592
35.56975543764129
36.011046050495864
35.67934721392967
33.7891786227613
32.94711738294118
135.43016674412758
124.66029554124052
85.63280907600956
174.91736775129257
136.1179210857355
337.11606048361534
244.25300640757342
174.53951686866185
115.69439774100707
96.7222967672395
211.53048722651988
309.33598637760895
388.9025161934707
503.64563935213084
473.44495206755664
417.47103197674613
432.24829877492266
397.1857954356692
346.44113213992694
251.34541332618718
91.72122311097345
83.50200366026893
179.22727901474354
219.72088151687103
205.43661475197058
219.2749035763165
177.60311765011653
96.77249448293074
76.7838911444198
79.04406295146279
141.01842068626593
185.46621314448322
192.62775516772757
171.73202784351474
142.4382334140333
116.38794038937013
28.84215841141911
92.83253621657612
149.0907460807015
93.70462421080785
31.0631591796875
78.06310440053937
91.06400485886964
106.85394722768604
105.96487809882827
26.05092663323062
49.31586586550011
98.34939322963962
114.78785102579059
117.69413556143316
108.83547294491866
98.06853475976455
88.9602017650711
88.52355199179101
96.9090818049506
59.17328809957435
54.112329112490805
41.19109983247817
29.98444486420585
31.18678618122258
35.52260664588131
31.811649447767934
25.118120912403537
16.959335576609828
8.84681067030283
26.246591377988704
58.74380040096671
83.74722351364176
81.9592780965027
45.392339058390874
6.613899361269785
37.7564558875604
51.984807835724396
33.87693706961144
15.339437853961181
46.02795588101675
54.401368770374646
71.30445531060192
73.66384951634737
53.900050942548035
30.275456091115256
17.88041250731567
26.14080846942695
28.71233717501061
20.928191841796195
27.398748858381815
23.532441491554643
24.411813629315567
47.085966378751685
81.17607577605281
83.16974946396003
81.12030726199859
79.86534752804721
96.23264691474556
101.96345889039951
98.57179290225368
76.71681319820277
39.93822741639009
22.53707457237872
32.366607600407974
53.798363719694336
72.34772263849311
79.87256941697872
65.91021076704556
52.49787655318407
46.73667151901758
54.63128878570096
56.42682040375047
42.71339006093211
18.861999565499037
14.112634199309195
41.07839440447297
75.53986061464339
97.41060189700269
94.99081248046696
72.12584501653328
81.70756157542417
72.90547068362426
56.13472011745826
36.34798857213947
32.363749634487135
44.73374365726878
63.67209005670188
83.07087527265102
120.38318909258676
169.017280095121
150.66013160476723
126.52238496559293
113.05775351991149
95.7045662362159
55.573247446242384
53.031386786776395
71.06710747394861
83.81875577828218
38.12410217333409
20.881414794921874
73.7468900790519
90.54573381437106
53.43714454978412
29.17803039550781
55.60221011865754
65.86247127907947
80.15207321003295
92.0266294685694
87.1305520672909
82.02352753621385
66.6771036897666
64.95929128503212
86.81794622324324
98.15738754268754
77.21973562944466
63.01624984104633
62.19512765576646
67.50460110510298
35.602838524385334
24.755608514431835
42.426694581846235
81.66303087417084
95.607042027126
84.36907505562559
31.08017692762538
28.746436621345037
41.97606854310861
71.6694414724229
65.50964369091449
29.79550412884827
23.911785888671876
42.93488368772887
67.50319150192226
76.03263686044872
81.74203525626103
75.0849798372819
41.41140381072637
31.85901794433594
30.755334457033076
32.64485035449343
38.10748732871664
49.803486005403464
97.3543629689703
75.35234187632761
83.3010644560175
29.112957905867553
41.46359898513829
84.34744425165692
116.4438788632383
130.13730723870904
109.47416542016629
68.41014531977628
55.905951299655136
91.83408635834724
104.21159283425774
117.37890947653386
142.68319302584231
139.22531136720062
76.31181717747931
24.429164840903105
30.341478641142725
34.129040208521516
23.511138095113985
80.07052797071529
112.38313959236609
161.41709436422133
148.58929344830813
130.92524059033235
125.59613199491136
117.9077977853738
111.40326040848717
70.57406567322239
39.778375607506085
33.78483266014045
71.84084833399868
102.02740971317144
136.83342397494206
194.87849176901864
322.63017601472575
380.8917145431723
343.22620307106786
181.0741559401128
62.14176802692327
98.89154466071177
119.28766197126716
144.74920339340838
146.25660283043143
183.6234737462904
219.9922824182854
231.76306578547883
235.2654625521277
231.87110620190333
203.02835548263693
219.12731813306905
187.2914634454606
176.9496090609959
224.41546855572815
275.9827319068674
313.80299501023984
359.1819913834376
325.8972822633908
277.3021715133169
258.630227575144
176.14633727909714
193.6999225810295
236.77985841195914
171.5059335603637
103.88317423853714
43.165966796875
120.3103696659908
192.75638055165882
265.5175272586686
309.9290820909374
273.542441628748
285.0483337603142
277.1364846534381
277.9806611983622
274.86092671874394
309.10041725960616
393.87039521337437
445.0591078794545
454.5841939709262
443.75342984334566
441.41038256911696
459.09382091208784
397.3747271743711
372.25283880931175
405.3829088167319
495.5810394153985
601.798932002627
708.0902814792164
720.127042113935
666.0351510452772
618.9408886091967
572.660674386061
478.36713314556994
254.3468271435234
124.91094603125029
97.1705322265625
63.247098408638564
41.59175326633404
64.53960710651646
100.58042344814984
46.85876408815243
60.25777408938609
57.781574839944824
130.80905831466853
136.7891682802477
113.8281282227581
45.769717296275346
21.749503451474983
41.922836216228276
29.682858676965406
82.37841159435297
108.04825457846023
116.92609043144799
39.556573127169166
40.31686803620814
68.10137766785138
131.6673426153004
162.3396287179482
53.902969744492154
144.99555306352653
238.63304332643185
279.478211316723
179.10324705495296
84.60626625897575
197.86107535135534
250.07750226593333
372.2484648580148
421.9008514398235
510.24768679974125
385.4386850353552
285.6595910502895
354.47475086263876
372.28750431722835
492.79916478566236
366.96628368793625
354.64333705082333
481.4891825054436
505.7934315667074
445.63466493027346
409.93010565465585
324.45164123249407
173.70866583202377
95.24215562268714
94.89397675457458
150.02212170867628
84.32357998149965
49.246337890625
39.836338516572326
27.032521658625182
77.43809200567121
91.0430721147357
97.19583105787157
180.4993435811648
205.2033004658368
197.754150422968
209.98743502733623
199.05818702029606
185.6450339321637
104.56484622131798
81.06458202017662
61.8619140625
50.66676025390625
102.76431213832711
65.64483987956483
82.87745413893185
200.0276873711855
258.7977822807205
213.11392139236386
167.64616270767678
136.9405280921971
138.8615429455918
115.1810527597394
188.3473787249165
169.997486820142
112.8081530497871
80.019384765625
76.7910060282849
187.30250437821505
196.30019388668407
185.97117841007943
92.57194937992872
348.5186289318766
285.8266328742411
291.39464242518113
146.18125700282263
54.38038150409393
97.85283157898866
181.29016152621952
152.86778878321638
55.322917752916645
123.37942855642282
281.37660802942975
324.9242631903091
405.5089733188946
325.46976727740474
216.9013866314827
248.59168269269531
192.778432226819
72.92692580000804
80.88465412634233
115.24412226779305
34.47291259765625
96.83084197185595
46.27248141719838
71.55342443521712
198.86833160056435
127.43612354967482
63.073350474424544
65.37081413839397
159.5367054969816
106.3558400519294
28.12116576579524
49.93141578482314
103.2990412241164
97.71815358205886
86.55170202930216
29.796994425922982
28.192006145361937
11.219528254266425
39.26023956693772
67.48502416546398
68.47868984526335
29.560019394340213
10.00356919522901
12.680447683514364
7.6286039057367585
20.20270334129617
5.627870947518988
6.796194971021078
6.90643770595077
7.245892333984375
32.508303265034066
40.74391530287769
38.42034777949054
40.49326121764132
105.62139070434796
120.15734910937746
81.82716683918872
17.016766357421876
29.721335549385298
24.175616979047597
19.867245483398438
17.320071411132812
16.050771467730396
15.591051546236873
14.047320530145829
12.158547973632812
35.52229238083057
53.691768435703
45.889113270877
32.98450026801406
27.571901005040207
27.16437302505492
27.300316415564748
32.043898017500396
40.04925572328248
37.153543038994414
26.00462378779556
8.982767825927771
18.77289057957855
17.156909919245845
12.6285734367823
8.34482421875
18.85344949949864
43.88006825393794
53.13568772180757
58.04667358284146
34.05788427742222
22.062233629983485
71.83972331534227
74.58423974540833
35.37618254259223
19.25455192235495
52.341207610053274
67.40906237249037
55.73881352359577
35.89648263967757
18.217314819330227
15.325628662109375
20.17020048667864
40.00530353003961
61.542725949786906
75.17119161552769
86.30495099349915
120.31213354546428
145.55842148449076
154.6887836938277
154.06270541707474
148.4156249821486
128.64008334095598
106.77895436227638
83.53092167809632
72.42117350766266
73.2124502313789
72.91858954529872
78.0718546668069
99.34097971955748
143.49578255222013
173.26562482636098
177.9188802495641
164.0826743285371
132.00732163236233
106.88432604414848
83.81186524242011
75.59162861712291
80.37890209965295
100.68459033837526
114.18050147903861
106.35077841985665
118.63745917553383
102.5093956521608
62.80094314309313
28.77998046875
44.449951697685904
53.32340876841285
28.09638355430716
24.361347761650542
75.01086019438708
24.219416024541488
23.650854256859112
24.152851209032953
23.042161283435508
21.838837730146555
21.86264112401384
25.873450490664048
28.735373876069776
32.062680980016594
32.4875482110953
37.90700444920858
42.10891524709318
35.732885774688384
25.36771120496858
22.819650424038628
28.749012905906103
32.475353394340274
30.839865287610472
31.959014538909834
46.821884283369684
82.99719703573138
126.6710816935165
161.09469844568815
128.770930547423
86.94319430713918
71.43169586560711
73.92112839364613
89.0213461166527
99.07357420093092
100.02645706396015
89.50123811947974
58.19239663182766
73.43922077303182
60.636202185436765
89.9305682110557
145.10655010503723
160.82783905069837
193.42276170270233
229.15896641213575
242.17034970288123
223.04628679315442
227.05643809046825
211.66873066657672
183.1738475383632
173.98125823549762
194.18223158202554
186.6681158527931
154.28714593189525
95.95467621766765
68.19235668764959
109.84585741088058
107.03082352214096
117.1384378031511
206.14331236628496
237.05141004839055
194.3007399486195
190.01826336573976
209.4464376650548
167.06911545023817
144.60548498764757
133.8067112026999
141.2185112852329
165.66917467737454
189.5230173875484
193.50608806757987
205.07112354804522
183.41835173306495
119.53925717742058
85.25643225286213
66.85053749572107
75.32060203923174
101.24824862767892
71.31643674351116
46.50153832504611
51.53617136223538
41.068398196648516
72.5378305653292
67.64600998953983
52.6868745261547
45.35214688059041
61.942378110942265
42.81149693295438
59.65453230865287
132.7943853371024
179.20736264413645
196.32025503677332
156.1907925952858
121.48606028415888
105.93628641339937
110.5600904927262
154.86410362237683
152.0374219073275
115.79786202729701
108.50217302401566
124.08966475535507
177.80322528953292
237.12052061120795
283.92726238612124
257.54536065071807
171.0399490491227
155.94653911976403
275.7735195946134
238.23420313967245
201.0050382714121
162.66447899698125
139.7938943885843
95.14668019953164
75.13568274737955
97.6975471839963
185.04447623515526
142.1954574659554
153.94722684591943
114.24832513583824
115.36439282991883
151.33384204720943
151.79146244771877
109.64842964584992
99.73571127649356
146.21478111056985
112.59390444804698
79.0079685168972
53.583137757770785
36.14782412489035
81.07830121408988
54.66342455042568
95.1456729294564
125.92049786433299
74.26412385297809
142.53686069450652
125.29203165156227
191.31789241374418
232.6242454721978
137.84120570663694
92.07008607822729
66.88840201671277
49.84946879484107
21.56097023714947
36.89454040527344
29.445887293158318
30.07483825683594
70.79660722355898
108.87794349037003
166.83014409704236
135.49148815559693
62.00821342222289
83.82575369563884
141.46582975164583
178.56039616132279
262.8145847483573
384.28780616815067
237.6808729441468
91.80888866545665
177.50450048241117
181.49870370180224
311.6186597584589
388.126113123523
231.962241269677
157.99183661068514
111.06892770354679
119.11388871161617
85.3244252389859
120.44699916972377
157.47392308222464
183.59719004661824
199.2226208084096
217.6546825741791
99.49048987685178
54.32719569244405
66.4527171783091
117.82991823233223
88.89552911201004
105.41849075775527
100.15581173021414
61.62213552130815
67.07725219726562
59.4425537109375
181.9678389709793
112.37282088914108
91.16451716658139
53.23206284973385
56.069062671319806
110.52202352857084
120.94209438635339
65.93624044310748
56.92336057000339
134.83317480257037
179.5285836441557
353.18743781290493
461.95943209940253
177.17087349772913
270.52155358647315
251.9692737894442
168.6214950957912
69.51650055225105
90.14819775309897
173.2519286680471
246.00461185289743
361.8723242008299
263.7094384747688
218.13695945477895
182.70519851698896
203.7881085117091
279.63455108594815
357.4696541328192
433.88413117689527
455.96562736097184
426.4945207407377
406.99197134428226
298.02107918062995
277.0484695378222
200.28987175247326
171.08210055965918
128.129941554585
90.69578939502154
49.72141419561181
47.752193725910686
65.70613238578335
121.04279254186653
261.8927380846743
269.35618622179953
229.89873692168862
189.51268263582952
170.51567409665708
188.989840987931
209.85264563693045
219.11278647566147
253.271459724221
430.4384027742614
177.16041857218875
31.164214376424912
69.51017848445278
36.25232432185444
59.29497608170773
106.86034288369395
111.95834680664302
99.01636762237968
76.20491026157042
40.79829516400698
13.2693761742373
28.861537534141736
37.34815854507328
28.05169821983286
17.531787259230306
24.50750500458985
17.771550604636833
14.649667189176455
14.996917724609375
16.2024421080529
16.276949300964134
16.412657252070403
31.509067386224
66.25395838422764
79.33432456854356
81.81195341874414
74.14084929992813
56.77985855742278
43.108849734309764
36.14975866455036
40.034612574326616
58.71413814667436
64.70953473811548
70.77575226154946
77.23541867976186
79.7309999939774
76.81983564828428
67.38100305389885
52.027572735152525
24.375257369915538
12.046708737426105
17.799546126647762
8.624334550787045
19.108373754690014
20.32177909267741
34.773538479309465
49.09329590116094
71.3651933716421
82.16801083332658
89.0339703297343
77.15941161112275
60.374937987165914
57.043488418055915
49.731310438801884
46.039483921529026
29.078002251172176
17.11658659267731
14.722049500578384
28.872844240742403
48.95494975363572
64.39385424385894
59.08035008850472
47.115582153876495
33.056743710104946
22.449335654621983
12.04729998884934
22.364349525821535
22.529601466809346
15.941391675573858
11.346829469514342
8.799319570916737
18.227392255863357
29.15036253281487
24.619771208319627
17.415861144406882
16.665416685513208
24.96931153546435
36.746147272309486
41.71910699889138
29.67986775295419
7.5799683571592595
36.12218408562804
48.048495443988905
49.137998710783485
34.54112072280003
30.656042001762216
6.03770760951088
14.290421168198645
16.16892812919921
10.408543444411317
12.80973103998324
14.80186353208751
20.169453654592484
27.54679325474776
37.01660423783824
42.21266199744606
28.153825446101212
21.978038205444545
21.125606710498495
18.446921637059337
14.2068115234375
14.996566772460938
15.89250398450081
19.529199080809757
16.880241478480322
40.05260862359868
34.405257919475936
49.132226768711824
37.41844115061472
22.832949930725864
21.50574102415292
24.10009027424122
24.591347164580885
25.697528076171874
24.40729609501825
16.485182652437278
13.391455255366235
25.756808760799913
26.557662275638336
19.37706681474857
20.048128909852096
24.501572786932922
31.42592432583991
38.47177523239607
54.39004117277866
62.57050608446334
65.60600689360561
52.7980906919707
24.338476528541445
9.93947642683661
24.555028274908135
35.57979268150554
40.53137424657518
31.890152565824053
12.616410265533158
12.261149460148157
18.336457815975496
23.15238768892241
21.276960221369073
32.51501613277708
37.342418685350665
41.853196141432036
50.49398787830522
16.148320406580524
13.737698717166472
24.365435589852087
46.786137359692155
25.6608224849213
24.259100348759034
41.37518397721017
88.2738776811653
58.36541109751399
24.17540952734878
28.10898253626374
21.23644680341922
34.87847383531766
54.36160320174099
58.849937833105834
51.588262336357616
41.252463152311705
16.739617919921876
65.1666937626542
109.16689483370521
100.16773527268899
87.31526034342392
66.29709416723001
46.27130716236206
57.513057727475164
64.84012291287804
69.99997607550475
98.54166720836326
124.0385674063853
149.16792578939766
142.4107242624472
132.4297517232538
98.90466770581115
72.46594636669275
68.00389943062127
113.04399034711635
130.133006675367
197.46501791567644
269.31906649874674
318.2509722904676
324.02599063795236
301.75855436407676
253.7193151016123
197.94231122367947
162.6447640584466
140.95377130092373
124.23738121842993
130.22218746810466
180.55605259271542
218.08915094832642
199.79782509458968
171.09199415812458
155.7983605869743
177.94163463221844
173.98889419180767
156.15661922034946
174.64961785075215
225.0853673555639
255.6687666203931
228.1579482931617
205.68767677033875
225.8270456354472
263.18926635760033
305.40005644698704
340.0346420146123
329.26978982453494
346.3404141373743
382.5534257056793
331.9898421090369
222.6407221935386
163.96187773517562
122.88422713838114
67.83356736786428
59.33244930845863
157.07617495023524
203.75031047009415
249.25309239438792
193.65623760684534
166.99624496989287
185.84615064623085
266.95827462639755
324.2780231545412
369.59614308682904
345.76124320677775
323.0572307645114
304.1726693656363
319.44953277728894
295.2619901979442
242.08629128770062
176.80144409949102
134.96576690872172
135.50909686986628
127.76721313908533
48.660875229457815
42.359484104973674
43.726261085545865
33.6799455448644
25.78616921230914
65.31327936853332
157.17763925930677
103.8117536383118
110.65522598493703
109.84454332794789
94.83463541716117
45.26402526559259
30.38661658410001
42.272359832749274
30.66860222768846
31.07147216796875
59.24544596596279
26.880509448577232
89.96634723766246
210.30205546354213
248.21975409384996
173.0386588483597
146.12004697372763
90.27070007642624
46.92510725215152
54.58660279882842
41.60406858894294
39.36347166373789
25.327526605501042
179.41863791733664
341.1154186622331
378.2265196658267
307.31732738771353
461.93131947172526
553.8368854217815
562.2301055533835
510.726220641533
504.64827016442166
467.291073921355
372.80328321256
240.22893360005645
149.37831862188764
189.30323397662013
193.8477163715308
181.68789181557494
245.8217148801494
397.3910014497704
325.4281374410937
291.0537071600633
238.00541941082696
203.705645214248
200.96615410200243
115.52097232324641
78.48656407186476
25.137633900112085
43.823070295738674
33.13750803128096
109.03863703944936
139.17617703226932
127.74194575920811
71.30348985012392
24.945909358465997
16.939918796218354
20.31462037230865
12.494970703125
18.58828718277605
48.08731541407585
68.04506897515043
32.00004385416819
85.54800326575864
92.13518853745487
66.41882343575381
62.461203172107545
74.0317269426022
31.379607031872048
38.74275472728332
32.175414456450675
139.11912686726228
179.35606882549274
215.7286463762272
190.1820431459783
121.13257930958657
202.66196570918402
357.9698815441865
362.4726130184263
383.3347423071952
447.9028648587012
513.0967359900502
536.8114773852683
486.85299672578003
445.9009867328902
345.1434924244819
243.17863382866972
137.82875297406719
124.58904473021862
74.79168767840324
175.77231851581428
271.56889470927615
221.13429011549934
157.38204164312083
52.19145672313755
30.32867315628573
49.86926260041635
62.7137721660453
72.51196899414063
94.22371215820313
113.88287628166015
71.75920925531469
73.8270608919127
80.48743006507743
208.290390767903
365.82218374398354
549.1193404493202
678.7112108444986
780.9193492163874
741.3712286235989
607.5983043620042
492.8550191536848
392.3599821815149
266.0294034360225
171.40382708908777
124.01844339135569
61.12860659534063
76.74829944327061
100.09182778731638
156.6255297046382
116.9893975933168
90.69410559239198
63.734523947369624
103.12894478981723
76.47864148270597
20.560717691443095
40.61005591250587
53.74135651043125
29.571525945700454
26.366039709226037
25.602460398279412
35.25580988338246
39.472288687852235
46.27798465655037
11.565835758087974
13.060314267188357
39.16478635829918
37.59122066739402
8.874704672714278
35.7269734613706
62.431925888001345
71.56852052893919
70.47042587434164
68.58112245694883
78.35857184852019
87.26673776669415
82.20349200306438
49.85670545944298
40.57424769231068
38.480051845345415
38.33387206197521
41.2884893441685
39.49854180903672
35.635601728464806
32.48574838416855
31.664946734719752
35.027717467879185
54.10317174952483
67.85515603518202
74.5131772325752
75.6843684687748
74.49400907500012
73.16925314928783
75.71787635926735
76.04930027248875
67.74580229902763
54.54679723554629
36.587250952792274
27.56214750995599
29.020423277461134
40.59869379540147
49.3181381550767
43.02626648325929
28.995871506927337
18.941021341398027
19.442779701710368
24.383473958269303
35.1818674462211
44.16965439911371
49.3863272233544
49.33613121636606
42.859643736611304
39.472562479262116
43.160526915701894
52.038986430467375
57.480623434258085
68.25653712018598
85.0652722881883
100.2728386050012
101.23294918985457
88.90942024622896
81.09290348791737
77.26445352411297
76.02664276734018
72.28044944475971
66.9208469171814
68.71152235762686
75.97868722271218
74.58135609977012
73.86660984265919
77.31236504007738
85.22548415583697
81.57605178771504
67.9076869714218
53.4087722245421
38.83069136252866
45.549016675782376
54.51414185536462
61.811125341670596
71.61267185645238
74.21616411403461
68.1261944368011
58.286466111643904
52.355148884159995
50.00438129714028
46.61284835200746
53.139588043235086
84.80324212550295
109.44114267853925
120.51828597605181
120.92309339547
108.61448937277842
90.42820852729793
82.89375916951413
89.10045346268107
102.21937387960172
111.77233973891202
117.30095330713839
125.08169177939007
134.6557014533086
143.96708762007466
164.19991852724152
127.37270870230518
51.44549463654577
28.259100093513062
25.145074555723113
32.6559937075546
27.139837964743947
36.008714901311215
48.37596521968027
66.68573006590745
103.90084804841626
87.4998007159364
79.44682303400059
82.0459503526267
86.49796990299812
100.30456115211614
111.42517072846661
107.71622910255212
92.95619263625113
83.5078196626896
76.91809095945375
80.31427308018662
89.16491482670399
86.88537874525332
75.32231753794485
69.00191741624909
76.32337642976056
80.31046574579291
79.76585139564705
77.48111667543019
73.496027687778
73.53721042898083
76.43167087332859
80.93513542796578
79.65062507366255
68.89304203077977
62.782758610035636
56.95534303100136
60.79908880704353
66.76996931984824
71.38238176534735
76.67551296632591
77.1345611696169
74.84940858056503
67.66538276784027
64.27944082514031
63.66186071692887
60.05391657657337
43.551432255997454
21.69906005859375
40.12547727162905
31.54135646530026
55.222655547563775
86.90165770753022
52.8531572964215
96.26122869422238
72.02273845384752
33.95457763671875
39.62698850192528
60.351557566849806
66.11435652143072
37.154632568359375
27.551175129940837
39.86040155552102
99.19907757701826
56.93257013096668
70.5092384897107
140.9817192961109
222.15222190935174
135.24307712524643
64.14305410652204
49.15477138449778
25.32686767578125
39.585010017657716
71.13627699121858
49.216747583549974
36.540751522191975
56.55843446610989
63.85751451663045
89.85627788279012
69.92026511533459
50.721762002919945
33.01685933974843
38.91493805290149
35.26329538653427
47.839081454254256
104.8420139872891
102.10787466902738
65.4779623328086
42.3038797081912
39.26072387695312
36.312367601405164
37.996942138671876
36.816229248046874
51.35360087062399
35.08583619159458
42.44555531378005
76.40280076422877
88.7222256796621
165.4542927720967
326.29119050701166
389.2487884530361
404.85747237175985
300.3454320832619
177.70076083836753
47.57016387229105
69.47149847885302
62.292344495203494
62.90691096623141
50.750759552606
56.43210381643239
70.0028240072339
94.86431094661211
40.945404052734375
46.20633199798108
71.08354722539116
109.08664793679225
115.82666773850137
106.16204919204017
51.14215073439853
34.51442723690302
146.10602705659372
184.7122455565368
209.30029923785906
252.04234508001483
270.0453151959811
209.08476393946088
119.82207828053397
101.87811215309867
91.4345703125
154.97075241938427
198.0069746118201
161.44119617947212
78.13872714607723
135.6196756407967
196.14700221600134
219.14552426442015
147.93805780898282
133.8456802650805
156.40400209339137
117.77090551769024
125.23941580832589
119.22455132685327
127.85725838830759
143.31548742727787
171.03860948432012
159.35769233279785
166.64862812783
174.42042783119032
168.50891556645644
81.37617044207181
84.89440940493141
86.58655666431241
28.80022845130552
105.89022052739756
148.64590898905527
97.94922123589413
135.22492437291277
96.17205481312067
177.16724984138983
132.37129106046504
81.15613261264438
59.08125610351563
91.4761478886887
168.57985613626073
419.7319932264169
265.86529137311896
25.98090889750754
111.18525478257588
184.72804693286088
244.9946962590303
217.45272778241707
107.70796113886236
247.35151941897638
346.8868728598638
554.538165379358
304.07942708353346
119.18031620070451
99.69708373154576
50.13718704784528
39.34570297340524
42.95784864744341
103.3465815194957
81.02693163908052
51.716175432560114
67.72978026374021
366.13924704726287
55.09898583885943
74.55429660577848
123.69490568441798
177.61712311023203
128.93573807028451
133.65706698638928
65.61241310829624
104.44153386269053
132.50098306821945
135.39940737512603
154.36706929237025
204.13864691358503
217.44258868116032
341.89471513790187
472.45699901655655
386.03465452471704
171.18398575744533
171.01368774562033
95.62628689529836
68.22635193193348
65.66402203531152
66.13908312496824
83.49884499419275
100.33281602815627
118.87825459607174
52.01194694370215
43.70401857214422
43.23460083007812
84.6123394820248
116.73506359753137
77.25615142204624
50.30738234458495
107.17061314149055
52.84049275779157
61.10600655531548
69.5012060670344
78.94238135218157
55.65926513671875
75.2164281549105
148.3811929198191
218.4214759727431
146.50410725878587
106.9403454539748
109.04107575255406
134.99304164869895
155.7416374562651
206.9723638028069
250.72596192225427
300.7049307698124
349.57983393511824
436.3700581695048
483.63586142852256
528.854466846014
579.6029577274195
602.6733319925005
548.3285588754833
524.4925447826477
430.8271579755063
228.6808674131252
111.28803643802448
197.11279817385358
211.3286598027434
131.08259357142668
252.94211123989453
290.11990532082507
210.95627217573397
118.58270035025434
58.53973388671875
69.49371507674655
63.667113466189036
38.97881136153687
74.77509950336552
78.20151765929987
79.41026091473259
39.85327818628432
26.948541259765626
183.0340219250973
193.0803813376874
144.9132461684172
200.32238591829582
131.4036866036989
88.34180696880398
112.23742515676868
144.77362350401773
188.32845356612862
173.29738246111575
174.25866712601913
152.20403150313703
123.87299047966935
102.72050915259584
97.1966556916312
96.05235610107283
84.97063999053094
70.56651233203775
68.30193432272986
64.72638046258143
89.27303578208821
92.16132820235862
46.9414040386071
70.90311010130033
90.60218491126439
94.39648181808653
75.38327646617384
47.31530263217163
36.04741388566198
38.77445197405878
53.266384068907804
62.09792992597156
64.22171985990128
71.65698552746247
65.5109308297446
30.29633799434057
17.722965254451925
20.235950366436462
17.03386547500145
24.775070167520788
26.343157202561862
23.773550285242163
30.271496460210678
35.01983713222436
49.71341427720582
78.4263858753116
99.55722176753602
108.17792597117514
91.62536578190993
71.36520385948725
61.92782235389084
53.15933954076216
28.262722491147702
12.603690508897625
17.918694186196944
30.328612325961274
45.937074427344534
75.02428919513227
103.18872048183955
100.66385589005036
69.92341261709635
52.36953439470849
41.75703021299232
30.59867250278694
33.3846294845073
35.60278184045425
48.54405106765379
68.70332245063176
74.50507085018323
72.87963466574683
85.76083452211408
105.5152155183182
138.83664158287684
158.02060064070616
141.1170452749221
103.69028106605406
71.55427642729487
61.37054819124696
51.46042596421165
51.240873416943145
62.49138620801923
82.72905285393685
109.27682385792771
143.30146027239533
190.99697664139956
216.86806879325758
189.0466505422959
139.78042909024046
105.66435609867276
98.13295449825618
94.06678031215759
97.4674565509785
107.27664434881771
114.90378919024076
114.6353515988028
112.32321389517377
118.6141318632619
112.79157831709486
92.19840799604648
64.1238574304444
46.871372333690225
46.3647507626993
63.75935488129985
101.94414933505614
164.6533014647587
207.729543386917
206.05368830157414
202.63688996446058
113.75594632477028
34.696293629026584
119.36066109970855
153.86589728750155
115.91197986314073
40.58777287849216
34.37334466508332
28.088897974454973
54.11324872688668
67.97194226355377
65.27531260537721
52.33106326407743
17.390407997937153
16.806197612926734
14.872659499349766
18.348963220724634
29.84173795988495
24.582654768670363
15.57981845067501
7.73240813011306
17.463540296188093
31.23951636334781
32.63287388711738
21.123092384460687
14.15065534062129
21.028591209095293
40.89049364622248
62.20587394394524
70.01767775524964
67.63374979185838
62.86127921902928
55.1938826200773
46.57977009972391
41.91166669450406
36.41416561374014
29.856428122744752
26.012802178115088
24.783890720131602
19.484139752213924
21.553530559182832
119.7673479133693
213.5341692670247
224.47308700753425
191.23536861983848
116.47149771551717
94.3306958096141
101.97150201774498
107.13213431951434
76.87949056437199
20.876398647313454
12.771166105646193
35.69219505573894
21.899677222622906
52.12663103208231
24.269407858346653
16.616761658984046
14.898465152699647
100.3513465820344
132.4275794025737
83.36260103553488
102.97660477988936
150.69504146213004
134.3284181822431
32.41914873292681
58.1345721631857
79.87754887953409
77.77364974065775
36.87957763671875
130.32516255768124
226.44192894387885
251.3766775774846
239.89468002426648
214.38685615748986
198.6112786877781
171.81523677120745
141.23906872965136
136.53462437116224
152.82463909502638
159.34187760251288
113.68548512704983
116.25582381950362
117.14282965912635
166.1942541016505
217.83745789299434
250.31454429995966
251.84261675305933
299.83625378127454
495.03281034083176
546.7336279330577
608.1407153759484
483.52319581157735
421.2344527248947
402.5957636960122
287.78809685323097
275.92345776649597
203.38600302294657
151.23770323395888
199.7545066864278
284.1417977977909
312.3751649404861
309.57137554865074
322.5395648226069
395.9160694317719
433.84206408173424
485.4950427097118
534.5341468686361
530.2584089935352
463.736341067967
362.21999883450536
337.5524371386258
313.068450694919
295.6297060308576
295.3285910040671
240.57509122624668
188.43725131321503
190.019444914023
281.1856016514388
388.1480075168713
446.0087030222673
480.6332611407218
414.2211587016992
367.36124741235506
324.4874905916196
236.0529394135081
38.994099398908475
229.18197645659112
297.02414584088166
307.71033029253215
336.9125524323025
410.5972629644219
490.04593017753393
412.2274207289159
348.8742907640176
369.9546575030989
366.9683806976098
364.8379792002087
424.3946064079435
445.2632525049159
445.4332650042981
481.26310078222576
445.1097064617613
441.2375873447686
486.2242383267409
537.9368810720185
512.7544296606753
506.1194615042292
527.7228347446373
524.4760514677364
471.1928706502611
445.4062110451845
396.7599603204873
354.8542353117602
316.2058491261153
253.8456869403436
254.52892142566398
192.6188458455145
131.1618121444054
90.88077966225569
152.10428411623684
109.90982008604787
178.21167290760476
141.77618023043573
98.95971632389816
24.9577756534306
12.4080804797788
14.496011301155523
156.96693064603264
268.5505492835291
337.6130717027608
321.6494684499695
308.07265161688827
326.86857049190996
386.9896772726576
393.17053673405786
417.39401108942064
444.8072520532457
528.0408025418358
511.41493945784896
531.4762557244347
520.5259707381488
576.8425663299902
781.7980705924383
711.2107597196722
627.9885782518727
585.189104554883
488.4105808226012
225.31347126123805
264.614446970966
331.57875104239355
317.18259651167193
340.14686902629865
512.893222540892
578.885390823549
573.0214362734383
519.8016230104349
492.7528620651807
476.165961291462
410.4104357056464
370.12133468652485
370.5029856189461
323.1349620057492
241.02242293141754
119.21522279327482
157.05333855146714
242.58519318663903
299.76266501063236
226.9297303755027
197.2062432111724
208.1051749126328
46.1884647776149
90.3069413387805
138.00953297244195
124.32737574658253
81.34464962102084
48.03363037109375
53.18437207743998
45.03933555587935
31.173476471082246
55.53449333571471
129.9382220677774
145.51420796541862
15.162552753576325
67.50044616045406
76.10532939669652
13.457773683671167
11.884567260742188
20.399357144978616
14.048031607430516
25.642904766176162
108.68954166128758
254.4577012700116
218.61788468076173
218.95707194861865
341.28471657047123
406.3778974838421
478.9725794218517
520.1898308488669
581.3542703605787
530.8480939959769
268.4202830892731
161.93834775412105
21.4923828125
88.84949069383052
138.57925786717084
175.4348466995297
184.0150182756991
158.91244403770992
51.08018627584006
156.55203832354215
178.59086845591952
218.1107294422639
261.3052185424498
280.28599137427534
262.2420748937182
270.1690338491121
267.2216241394726
308.275694661358
243.54377280987683
278.3258782078734
270.3910863048524
332.1224145389895
415.7881246091285
374.4778527133143
288.4349220355924
246.12324983503441
261.32527367373785
239.80566333023634
90.89894910022576
28.59764830302845
38.92254234650882
43.1685637449217
77.79927749957304
41.8165823954062
70.56715082627719
82.21080357732004
38.1356255000775
106.24702251916668
43.05887464585055
100.76250801158116
130.26608900784885
124.31834040940666
51.16728952351876
67.00754305432449
126.6160427456155
58.77188687638356
12.45343702094566
21.920526922428554
35.91928182642366
44.93879546812408
44.56453882514694
48.202691429228175
60.66166035836709
68.76830312350394
68.36696515343719
60.83361862445611
50.9690537265835
36.96895994703995
18.85134190178138
23.48384691262704
50.323751521606894
33.41384425308729
21.247257774145965
11.506170654296875
17.715368186056025
16.204760255849646
13.365818726533394
10.202026224371735
9.892500597521144
16.871419102964968
20.037313265060504
11.499170935140274
7.679831247224979
5.90021050771287
9.669753401211233
18.080358240114016
20.303317436321834
7.800460689635133
7.386685003728587
12.219592443056381
5.042367603080192
11.457339575276297
19.01414438541216
25.161085764642934
20.42976279692679
8.889097671477089
9.746014069677381
19.982714778304892
20.424078721676647
12.998835423037656
4.755296716034269
11.274137416371786
13.874515632240104
8.594695072918238
7.87701352136462
12.943629633241546
7.334375433065384
10.794135347211853
19.52362571816473
25.281254235317828
26.84354924106261
20.26003525685914
10.257001183430338
7.231340612853785
7.034500727899581
5.432968337340242
5.780450769226445
7.527131047207854
10.535967122282546
17.37183400006334
18.85086370771537
17.295213445255257
20.91233039979005
21.703989336347707
19.845231128325715
14.957138786730933
6.382100006792513
5.486175218744426
5.844527107128056
4.373478698730469
4.260541414491672
9.33885754397034
18.76535605925551
20.49047631517966
10.983808472131011
8.987769757143997
22.089713205255
49.89812463291592
59.08603452708453
56.25098751833294
45.548159652876755
30.588898094343744
17.20253463466029
18.10455840451765
20.92002679889482
21.47026997983703
18.130043029785156
13.04547513902853
25.371077066324506
11.741206536427535
20.313262847926286
27.115776895976524
25.189827801072216
15.397117062887428
13.905552469824011
13.56196015732363
15.495443108165414
13.939845626530303
14.46910960881595
14.325643794810748
14.192385237931784
14.568874956190808
12.874440002441407
13.045017556973857
13.521297384006038
13.424231370345149
14.222039897632083
16.683571831804482
17.11243766027212
16.563660620552668
19.612618885734115
26.98529472868629
55.06258354621565
116.6181284260628
130.86370786302797
101.68947745650007
47.09535984984895
28.027625390684204
26.021112833344773
23.076265177966615
16.342617869032047
14.040552682000264
14.213169489494351
16.077265242142506
30.321138462190856
49.7821469050737
102.69593077473189
130.34701516883834
128.4823797593398
96.36891203753112
51.816906249541375
33.50587291360985
28.673018528324256
17.146765285132005
16.18055780139257
34.21693358889845
28.451721275969838
11.88997399009545
15.359374259631569
11.10045629584057
24.268684758033988
27.265051412917
34.763793868823356
25.488256646501373
87.84256148351417
66.51530118801952
26.703045654296876
43.683411432470436
28.389437064371805
35.232720947265626
46.249993896484376
50.559173583984375
60.97564203012844
48.36652806286834
19.333066411539857
9.422419163722088
16.59090891848673
24.261780773041277
26.886407470703126
21.56224365234375
22.60947854067242
21.206573486328125
37.067369779622915
36.45889566558501
24.632173316647574
17.77772216796875
18.47597576402468
50.11866302842968
60.82058432814783
84.00259716334385
60.03485860706178
34.00928100959559
25.784149877379605
26.721064680103495
49.525466520805004
50.288933766223316
44.91274543949353
60.9771454652052
34.021273819540056
37.99458583959072
81.68183004872344
117.00619047917662
130.74682608591516
240.7523494906287
164.94579594705766
96.987053517408
66.15434093400663
36.830541434609245
53.38669379578287
76.80180667936229
76.68348602524448
68.97198143010658
174.9112613146016
365.5732800960655
452.0222253390425
464.38342517527224
326.98335983332674
186.72520093213006
112.50089075190574
96.71181314380556
105.68863623430953
72.38319477474337
23.295191086916702
35.85083452588892
136.33713097877808
142.66212608416635
140.5984156723407
139.56945128738272
142.40367443755554
158.35681687344862
155.50568293451482
112.25493684253051
110.2027110177833
117.07870873634742
76.8329700915795
45.89034118364343
58.481333331484485
78.4650441998862
92.992966270006
47.742909251928175
60.65316428279643
91.17370729877643
108.82965549056648
99.6783944605791
100.34741282534205
70.93922134727714
28.43607141035209
30.470342354824787
48.71745287206299
117.40298644447572
134.38172390163163
178.14837048655136
133.98508805857983
112.64058389098159
115.39091534223527
97.43228731115721
89.58619227717838
141.0570052851639
130.7541612381093
80.90928563932498
22.127352775619965
53.71116542695408
158.54402346519151
196.17148368171289
153.05151750741803
101.84395936175443
56.8336101911007
91.72286146746933
55.23242444580114
28.426995407837058
22.48181826874329
39.62569572492312
99.70174814352427
54.29836076702691
35.77441855609536
145.41921075718818
112.25631667892553
175.71988060855384
300.98161095166915
322.21283429232744
213.04292781092786
324.6561247500587
296.9811181788931
248.4273142024962
181.28567941670553
99.03953596528132
31.368573240266347
55.3734795358655
29.294045710475416
48.87153935899012
96.3848034427715
54.252624892656605
69.45139898778748
76.83034201610512
43.952562757617486
108.43361347100954
48.7641968470371
56.35799071192805
38.17679403094705
45.667504922766604
40.02059264283116
114.07359990313141
90.64082825635637
53.60750855706256
50.12257720791524
68.59223587892947
47.09846226019117
47.17009691294879
43.418599812498904
40.29066162109375
49.50791084412897
41.45959954694638
28.07074416102223
68.24760596959898
69.7601829927736
37.541733452352716
26.14017333984375
33.35344543457031
89.82846551366242
121.49482651216526
185.19109442506002
229.38235550783276
216.02633881871157
181.96839136511585
113.56525665135806
143.9219992795879
47.27437901908176
68.0999185985941
193.80798229188045
214.1528489601963
281.63906405253573
297.44980577771
403.6730376294178
430.7670088616495
395.73676651699105
239.53394329896656
136.43410293638098
109.53861679930598
53.5727783203125
141.30312773832082
136.0399267426629
97.5666900209815
27.745752738960846
38.786976792030075
119.841526385408
175.71196820677278
240.48078278710454
197.29879289487363
155.60414494973347
75.05058299348104
45.89700916005781
56.34445061242677
93.22435773438306
59.0411627743156
111.36928932280418
173.92650709742438
299.71212448841305
405.3999456099474
379.15447245843313
313.24977895570373
280.72653966992715
299.49472742994027
124.84412499904352
34.142543640345686
48.09222693225379
139.74091190281106
241.07839745327365
273.9820764921878
253.714956815528
213.28356453726943
186.77146691925864
62.094601010073305
37.507981854169614
50.679211258273426
28.287004414352985
37.62854818576792
48.04391304267839
26.768228458407794
29.05751861029371
27.76488079752851
82.51532087558249
143.3094767962045
126.91291694282329
104.05306252829163
76.79243156257196
71.38139917975222
98.03045858702649
125.84132395175735
142.05162113045924
157.70492496283663
209.65047107093488
228.10142442886135
190.46480251055326
143.4952272673639
93.68460516459291
57.8455859952147
19.179909964884338
5.891730425675019
11.108924447049322
10.336852266044389
6.5227586990574995
26.404890832034948
42.20620762726985
48.947172149586734
54.21232288133623
47.26171170510403
44.760568715752456
40.58744293377049
27.93492119903167
9.779899692483275
7.580664057413185
7.976809677663278
8.05673322204343
12.155199752837643
10.546680360561709
7.385615539550781
7.482750233577571
7.710612487792969
10.13936157040789
10.311331639393211
8.381763077349836
7.869058227539062
8.048648418168352
9.062675591258596
9.497234979999485
12.113393165412424
15.511080992397774
17.014838957473877
15.877104775287268
14.293726825567443
13.08144956831477
9.681470096141288
8.35000087544949
15.52913775422893
23.998139678400673
29.7315549175451
32.68751358538968
34.053916162176506
43.56657300188063
42.993055875817205
39.676263922368776
24.380581329991344
10.855316293989755
8.879885116332071
8.451482207582922
11.460731917335817
16.078978981895695
25.41579931882336
37.24784286920327
51.84109399423297
55.006798984922696
40.36562231027341
19.244582533421273
8.050953412584818
6.249324670708506
5.405893510564328
7.251347356272982
7.429828956335927
5.306175535633804
5.431354822577418
5.686710220370924
9.945338084712569
20.78390364464078
32.47098313692284
36.838430978606766
32.660664675369745
26.759971308499964
33.08510101770766
48.67799315381603
76.83182096859773
91.80509917109529
86.94278348556709
65.1294520636803
47.686489337882605
49.8646198355882
67.67542092913598
76.59217194834714
50.803428414056086
83.75685907712277
43.1707431566424
13.278944005499932
19.20834287955705
21.247177102656952
18.219414249758596
32.821378015106596
24.84431489744852
30.993206615354392
23.0629960702493
14.759476416264794
12.28793400673012
22.809550327957595
53.69977624785448
148.40513238201635
231.09211206920926
229.28648298139132
179.55551593629352
96.97710042034781
42.378186393104855
28.354112223183517
24.326169718880386
35.997220701251855
41.744970731784406
44.042291068773054
55.748302259164305
66.41150507993976
51.22291253367721
24.19155257988739
21.37044099832915
26.293251887949587
24.781910041822947
23.156585819460314
20.77570052702306
18.972979736328124
19.745009294795885
22.536693722342044
23.470533972215755
21.517394303840526
23.449507047742962
40.44641507182
67.24025457720037
81.84843931455332
83.58714254098986
85.78829798619446
99.37597472494777
95.06950182051507
36.83414533402671
51.73181950764533
69.00518739680244
55.161463868870314
43.37584279728162
50.28632969670433
65.81742723965435
53.4938610180713
28.042214888182013
64.23777486829385
66.57615973610105
64.84898742830705
38.42692966146691
28.850045101833167
9.982074940779786
50.62021967871878
20.81253662109375
29.760164588352836
27.289641678107273
19.578651035025814
31.878753662109375
37.62620983027828
37.61955995230928
39.179544227032196
43.98394864428822
69.07074049884329
72.1940287108471
67.82646706445045
61.19140327715495
56.322107400655156
36.973413383896606
26.466178001779646
39.317291695210926
52.37166077312823
70.48000038647797
104.05983943368945
139.1121753766698
98.11166077890103
76.29659129621423
96.93378253936059
143.32763956432882
136.08202289153988
107.90888015452477
112.29532673336465
138.9625585127199
148.42548003721058
199.43999161092142
198.30686709774608
191.23642302818362
216.23277277095275
251.19860699526998
301.8115356448433
293.03202736714263
307.67512982779755
291.7229440945831
293.6663943115999
304.5959497339298
306.30679681166714
307.37666178090234
258.61948485891264
180.08325108142554
163.2036285372548
178.16914866822793
183.16841388204108
222.3641788103518
205.04902887535218
252.10763420188223
297.1799538595269
272.62123662415325
201.78248712423238
115.67048244945659
38.2195698336162
85.07221364484704
170.28401944979723
218.41669568095364
225.2951819636408
199.76155683251713
181.73946565432047
177.31075364005875
173.94169613156382
169.2561323153462
165.52505455371366
197.84141780730928
225.81971794369264
242.63297237251464
252.3890641079479
252.44845399347133
252.07293775779127
245.70660232713198
249.51343092266833
254.09112140517283
280.65303662292956
294.69866152461157
292.3878558777242
279.7540310828719
290.2580891793592
304.2649965997869
249.06019602346822
215.1671522527111
160.48270980744633
98.02229798844378
105.04395805510958
69.2357226548205
94.34327033470156
89.7749574028267
92.80131366296652
138.1851217788847
98.69341086469743
77.1586821523035
87.73892724418332
105.27386622073962
74.87476701134926
58.62141049854201
103.38157857947022
128.7488826897934
125.86030451637971
159.99176131418352
152.69811969326275
122.26473988444886
146.74035534595433
185.2724528079188
243.8015673598902
310.850403349746
426.6406874281589
474.1881790260169
424.3361676286959
349.3026208166387
309.9280357415063
326.35849271838686
407.97249741262624
383.76701218430736
298.9620672689287
382.4156495337587
388.3413187615952
402.69545641433103
430.37639392552876
400.8243980231831
334.6148310968156
303.87191874475576
261.3839912207204
234.8579345080231
239.88586746555902
174.54344568048896
140.32814131556455
83.85010547220095
54.15964927841653
30.03616943359375
31.26407470703125
58.20777947068309
29.130266184480025
68.23452045494165
112.34951722427672
168.20129907821
278.72683241263076
320.9447161782499
303.668462003742
306.2640688895655
332.26485763502296
342.16317357229025
367.9571684819865
325.18849734806827
232.15178443649802
288.60683422989024
311.6365114661397
358.77365677214004
335.0911376611899
266.43462768707195
239.19442884937342
245.27515820436966
252.37275231084132
264.1630989752569
197.85406919222424
260.2684272196566
255.2366862029199
269.7282009139441
251.19481570433248
185.5231468835068
126.30436523567236
226.18508411389917
260.1661376638861
290.42421949224644
339.1780137418622
386.38559739810006
364.4827702544553
446.3135431321545
433.02344726603604
480.78710914707233
445.3113529771922
362.2488899744705
334.26246537128515
191.58907324135663
106.08555474771856
90.72812450896576
119.47829973280923
126.06801134824173
146.39270175084386
55.10066223755739
29.720896885864295
98.79215546622795
106.82942905499647
78.3405391022942
81.76470117714716
70.09461306480269
74.61442622462596
116.59778089589813
152.39768390515619
149.6615393372723
132.5468890332023
122.85672409840754
88.62028834120974
73.92148778112755
83.72190918811869
103.53244184998466
123.26781913950404
123.03594695420615
100.40037456070152
63.539550818624505
32.363493624313605
19.856110867568646
14.895203459890775
15.219134705145063
23.172757521602158
36.295856914849956
46.87751338638591
58.08348628991858
66.24058857149949
70.91443488850219
41.30303164598704
50.98759500466658
117.77390098520873
174.69378098526622
227.31548179897192
277.0053670169715
276.7179019074069
159.64233649130824
37.65627202201638
22.158404541015624
22.16285400390625
18.029743071438634
48.07656404679792
103.46781422196561
164.03312313306225
160.4551276768042
113.44355762061411
44.83127884481975
19.883608322873897
29.289170418637788
32.09342827838849
27.45768261732901
15.637013160999027
17.652116875047273
25.035202166332716
23.19036226233145
22.101860721333367
22.128451538085937
23.49898947410579
25.539602790523862
32.94708719606324
32.632531940346325
23.259197998046876
14.169723510742188
18.378062075552
15.799835467361902
12.701423739106213
14.354494725817494
20.818068271158495
25.571234578357142
24.869993090663762
23.189956564274382
8.66446086042049
13.908993507640663
21.473977988115486
37.65375172325581
58.10041105028258
72.84550745196766
87.84385859214385
101.5018489382408
102.55252456182527
95.67257139086007
72.69416890154461
76.46912075368009
82.16649782366726
81.14133653464869
81.88356103958385
81.28762515595618
81.5283256871775
80.03877601924947
90.72418174206068
106.96744815314898
116.60185711468276
119.81548059250053
113.00696147004597
104.04294249515328
104.79390333052588
86.39516024089157
85.75703545370902
113.53646788449039
156.73629007560868
133.48837675293325
96.91330129747955
56.26072054577835
53.112729526739486
66.41177120798538
81.86376985104934
106.29743700302565
88.53783358109372
44.93970974191507
61.08437206519848
50.205487107733646
47.45307406071915
49.61333227063547
54.41448021518297
55.19791499843318
63.97305494707798
102.9258613221538
90.16670942479436
88.90044679939483
85.92468529260069
100.01725564163056
98.7661363554868
81.65193349358364
52.141750890980006
38.61943563281559
54.97621151123703
89.46856246992687
105.57717048377633
109.16394100975499
102.69331346426472
93.57280125666144
71.7851322258141
41.02395826071038
29.149602240170204
26.378791541739552
35.61228019328291
37.98040779088463
50.03135563720997
66.8006431052736
89.40632653146322
98.3481014419004
108.02254533801882
103.43579242472815
72.05815492830452
68.07430830624222
84.98716351226683
95.11981000501623
80.40758267503152
51.94744767288695
32.43687292623747
26.416147911770302
31.46858302557307
35.79580982915439
15.9174657202263
69.87732834272745
74.78601151917925
40.88028855423147
26.194555721214783
61.980488962414526
75.47553768266759
72.94217336158695
76.4525629103548
85.82218545519882
95.63312946151545
98.37387690704682
104.06014607876948
83.0440901222396
41.47255452589902
18.62232005928181
20.043413889042426
16.31154947105016
13.543742578492607
18.48296343428101
41.78980206811934
50.803704133826635
34.39750660548789
21.356006463613493
37.413080044022536
75.36684961467293
124.12074623315429
131.69548908032493
145.9860348441094
71.96140519387032
22.433018141186587
69.68110323547106
25.38238700768452
38.01420879382481
47.928689268451265
45.60249742024371
25.672225698874378
38.764621338361074
61.674646570135835
36.211175537109376
104.53062337153649
122.89032006815869
98.23231503631573
141.5753843241031
177.98436803876484
158.07577283735932
131.08585902036143
98.56899819063514
75.65755916339381
79.19805534611423
55.21017009427442
37.18331366239081
48.46240077773791
103.5083573863109
104.73914297827866
123.09437670635657
142.0053909300474
107.0563922156939
59.587510956611005
38.87412109375
34.34763793945312
60.05468783397487
67.58383514519282
52.905962575541025
34.78007644772151
63.00546255135286
121.631265200905
135.16200663759292
138.1342744338157
136.73854118105396
93.72341463151642
62.66211661555017
47.690450424240545
88.62999534646079
102.79663737427236
151.44228765139178
171.74795831084325
162.57650447896881
135.06615511309445
134.36414341054146
114.57376563368052
122.6759599046447
85.93230637701818
104.1833003603053
122.85161261518424
121.67883270055422
101.53985181983549
95.114964667307
34.36051749814101
58.72766189457725
42.75171949567839
160.70617348613004
331.8735062281453
439.73765363974843
512.6257841043825
510.43663704055797
454.15974376722625
408.97891350785073
401.50373923083464
397.7551400866323
400.67906432454964
388.8540953111392
378.678172210556
488.0339580324542
559.5566755128566
586.3217092257786
572.54685161142
550.7267761522264
592.8778451449729
590.1873858130078
596.3405144275727
656.4151456425137
764.1229005158275
859.0051674954217
852.5053960882631
774.1926034396301
679.5352023813073
545.3941852857315
524.5288388378269
422.60174610302863
396.4588837646476
328.8828771032627
201.8294748591994
158.40372387646366
193.61982190326597
272.09182107680226
211.67529683388642
212.8599142130714
184.20670231892518
145.43619480493498
179.51288054204574
185.78108434955212
180.31614743340805
89.2842613060454
38.65441233134966
148.53006093151777
133.21277305610747
163.3776600865495
136.09512943889416
167.53543712457022
225.95982729605626
332.11997234038625
367.0188364161437
306.02937577580303
586.2926305540743
498.7827306689636
558.6421757329194
788.5101932176985
614.4342214182398
769.5584523723079
790.9041826087836
603.924729451447
675.2321722561363
777.9127126008221
836.1099343453534
890.4391914042533
789.6173018803366
661.9985634450463
667.0837170012051
696.3792051781571
397.7963473831449
483.2156096357946
356.433112537932
456.3390145196205
273.92843377905103
210.27330259514912
195.98320542666443
235.93037083984464
210.8474465654518
253.7335055045512
338.0670986682566
392.3441599936048
346.15475246883716
274.52190589205077
217.89283326146978
176.66745498116
234.44782777817528
197.90116519060865
225.64709908214377
285.72130689084787
275.57795991688073
278.9035693149558
307.89178197301055
317.20016046509755
312.27720861304715
87.2745849609375
74.35073107591639
79.38874650969774
117.76916684288207
161.61118037250998
228.94314193516863
286.96582279301873
297.68658225198317
313.7049250208491
352.3203568931893
414.43221267668594
431.9249986979641
405.9793478170706
503.97963222210717
470.2499944641804
450.7794216423039
365.8423110608308
269.81793804229653
206.4237113766248
166.63650282339694
157.0786778288986
152.5477671961233
166.74378908393996
107.69274782000794
91.22756701449134
121.26903110303101
74.98847162311431
43.42912471936161
83.37463602660628
43.8484375
48.45979703087296
57.138673459278834
18.00022676739145
125.64691125163154
136.31733615302173
94.38772482573468
113.2929238401664
163.19267501782616
171.43522384325837
225.82414036616802
248.1192687265553
222.18240956735553
148.62195836320421
158.08573658216932
280.17546296319836
212.66029207269312
187.10183348841392
81.77217260589028
14.536757801915291
17.303334208730803
87.70520157394142
210.9658379946571
179.6644421370373
197.4031613641783
201.24608507900516
150.97004407703906
210.10626256735318
173.53148073891816
107.18573154187179
56.67963911242041
46.84534784744337
44.74154653748733
50.05732086081449
49.16475985302723
55.3978281451253
42.21217415284134
