0
27.554471961148398
26.63628631905042
26.59816007194977
67.89594609291017
71.82941570323342
26.236901911839084
37.401054573689144
44.44973257468996
25.285873795503313
26.3076904296875
46.69987124211681
55.82017071468622
63.920754538637496
87.1899848279485
84.60368052618136
70.96869027046273
64.86261539696575
63.693560262930234
62.98769922912934
58.98324431787451
48.150147701940206
64.79523396325786
102.06166272321855
123.70738700995477
76.98590486862267
28.269107796000345
26.490693022210213
18.090745750881375
16.963805711095848
14.365017268708106
13.515484619140626
15.224431000495837
22.30131791236338
30.108050241074455
48.22733467796979
46.27337358335086
19.644735717773436
30.99470185082855
48.75520796238393
27.19244858355802
62.10853400112933
142.93937088736737
137.8574054575657
75.11826289236583
11.767578428285196
23.982007117488685
25.06710704654797
13.452361840805953
48.87553023079896
64.07461356614833
58.58120383253841
67.70121372612007
85.86938163126165
38.202963080173376
88.90502310112488
138.92107580475394
128.55548948769618
104.26215848510053
80.33599655704651
94.3597753790907
131.913707843397
72.8514624001165
77.22966650429416
58.20989196826504
32.3273016217283
28.48403331190675
17.808098697791582
65.1358222803897
92.0790709910837
73.7670625112672
90.27666257688918
99.38471643490902
76.18641142911414
67.34204035027703
85.3428388227273
101.82608942537811
99.52775031485028
81.7110899375102
40.18625265756666
12.190859985351562
13.528211886860003
32.13723907684266
34.4148911302423
12.632547288781371
52.72787978607422
104.54227853172563
124.22937218234158
120.97544621561774
94.14328930436564
56.09473525461327
23.550607600745433
11.513897862856993
25.202479921018075
58.749115675478606
89.9788048018977
92.14334566423081
81.07551389783059
50.12315133898113
30.45653735989081
33.58628002626426
26.811076551122596
23.83509869493246
22.142280856943806
74.93147051672386
83.05876865377294
57.484423828125
45.41020930064965
28.38985595703125
25.484033663311948
23.677531158026703
50.27715768794178
24.689427837081986
15.211191336909632
25.519088396471396
25.348216867565498
18.648248291015626
36.37685680540981
23.50184515132496
28.34028947628847
34.568876914945896
51.4712503540258
14.920045461242125
19.102947727136847
53.51086557799815
62.22040428161979
53.81832053411706
59.81615970671432
30.997246372961854
20.679950230545206
64.29458400162757
105.23383156944537
108.7059840870636
141.95985270032716
160.47457920533594
172.48877735746865
161.4434801325678
160.78283543628285
147.5954090297861
138.2534983743244
99.48430584037563
77.69959531305344
40.87261100991698
64.85025447128085
87.04411793885563
119.10442128418768
125.76617695427808
100.87327492250468
76.70648906303454
77.02626079561522
114.24804197003455
135.5670820410607
170.72978004504353
88.53708653156464
81.71991628551127
30.554141875418374
26.287922947784683
28.243886869043195
35.50849621717093
69.17281722200464
55.90782226066767
22.216378775851034
58.12090354224999
99.04729664790277
78.45902420083425
134.54648557625165
145.28637418729835
166.379653128715
118.47222556308739
71.19940020335544
73.28170263372076
42.64271385880302
51.78126802199542
63.629321268235614
118.22468944410866
113.9171296930781
108.20839608457781
90.35493975961724
82.92958487176813
53.81702163479618
91.46267852249585
68.90255020201286
59.56883272290806
53.442005354308684
77.08788421886565
93.10994294413373
35.02886282079089
52.049419606432686
51.08014618845173
37.37015445543007
82.50761091911708
125.81230773279239
142.0270211424814
145.85826535869313
151.4076386937607
146.46827854052412
115.48105728710235
92.05749642585742
87.6465893954216
82.76241379744815
106.21749485540917
119.9424491332682
116.01219583646316
143.831892250721
154.49972272790683
158.21195470322155
139.04075471015807
138.95453276748694
142.9371198032298
125.18945206576409
97.90718638974317
78.88919972194049
117.39436060015183
152.7681734684248
170.81352024119536
183.64970172074555
153.9247323778296
70.18044085072593
20.733767978653077
18.51724796111921
19.32822265625
62.020526370418885
126.89514969241982
155.9178506977377
110.30581180685965
132.39241583570475
110.53951801885246
52.69527785108842
52.357009242561844
74.3190349750201
33.61238241566807
27.094944415947793
9.247670335222574
30.55187572734915
80.28148726640443
152.62939951282942
222.73767208456653
102.54637560322153
142.47462215401333
170.85306435786552
186.81603839521244
314.1838175060949
495.17525485577124
519.852546383345
538.8496928120388
561.9703016291508
544.2356878485349
485.4222940419795
347.44743677669095
307.98991840720447
353.7422063175084
410.93504917044464
454.7884614011188
471.2098066356414
492.83435495125366
502.1887009722162
455.9727732178006
387.37036255787507
406.64769924042014
469.3679680686808
531.5527809899532
614.3427224571245
593.0842058484229
552.4137482283661
413.56813086280283
370.2703543013674
148.05006378447746
57.20233000657945
155.80244236195026
244.2649702114426
244.6835558083545
238.345073305786
243.4354779211671
247.1882139325735
269.3315861344564
257.6788617545066
187.92313766923817
175.67875106718483
174.38849229915786
143.00349698604288
137.69232616306894
152.23746679211436
195.8146976992087
174.54650421925598
178.63149913090015
126.8986456084765
138.8292514597415
108.5162581250886
116.6226037461187
241.72799049379515
338.6376314168757
302.014104855955
315.07814042047966
311.6791266589463
266.61851621882505
193.67445051259875
131.05404004261226
119.96899691326371
107.71356448060676
73.863943836512
123.28840055009596
144.3021876957063
189.4034712624582
154.29651886358585
53.436724264439135
57.21237594764225
152.46053034808165
165.05004209779509
257.27733609659464
281.834531917459
281.8158075554944
315.69999165642474
299.3589786835695
250.8414657912228
152.13299816543804
104.90494931198108
30.51516325805992
32.422314453125
31.419734757930836
28.151557826213548
32.000442900245616
134.55131385719952
257.53643155842286
271.4314770299428
321.1306951903407
324.6069435628357
222.67412149427088
144.483731136074
63.04006298224213
208.8154339686251
202.84381196098622
110.93169289595635
167.00102377084536
188.0292191323525
246.79414967269395
220.47030686762633
251.27105664548725
148.21317754694874
119.15264733754375
65.65879350954962
45.37093500260043
8.0006103515625
11.206972728434403
12.577723798519354
14.11702241234209
23.07545166015625
28.997096756316502
41.11898536347974
43.000207686841506
18.842880249023438
22.306498700056647
39.268625648018016
72.90447901829548
112.08433060657276
104.03380544691643
73.5402639703379
38.07394810828002
16.368117627661594
26.023500873441684
31.993922781463105
24.992339664939756
22.955524607385666
18.933994152117386
19.49221273099795
45.319143741034225
33.78394926477358
25.313742577229903
25.660660632645794
27.582579984154243
27.240069855795262
24.050521050239695
30.68039916460152
31.80148362235759
28.56477274048033
53.37614758861959
95.47117541246139
123.41427087159482
135.8128124910347
123.9836934910144
98.36475811245118
66.55108785950092
59.844451789458184
66.712015535083
56.35588558402168
36.027075104159394
29.62108154296875
35.79827099998122
44.57365029840753
50.236363234768895
52.34462501713948
53.964419121014814
55.219722772451725
68.46705719212157
88.08424389008812
93.30968112747078
81.41031200681626
61.45708047299131
53.93662694721132
25.767331872926253
22.48442988414995
32.468072798682854
36.91161746855018
30.104840849703727
20.338179948101697
32.593096681919675
49.43043303747263
63.294506121268114
38.1489045494885
21.152165179644907
50.84632365432409
54.4635508224078
32.448111337812506
22.831813910059658
39.376530376442325
50.08138901016814
30.04790858999463
31.864096069335936
55.33545534103655
103.17516091376532
138.0919453302924
130.26340286701645
83.93315521401749
41.139605880178124
71.97222371056186
157.7187466998308
148.34575338453425
106.63408985654682
90.2402320802078
120.03026738097735
174.86342176976785
200.14601835403226
189.7944302639541
225.0258210213041
277.0855246456323
297.557841244548
277.41421176469373
250.93226886792354
217.93919671983085
215.41981404697327
241.42134081923132
249.04927088837795
254.19083646487857
287.0496808446427
303.6260160715303
262.88686118377746
148.0764840275955
45.22412643945886
27.0482431171235
71.92060087247519
91.1894308950455
102.16495212935516
80.36985572670824
73.2286159727842
61.146562407108874
123.90552118137823
148.36151504805704
152.61340757797132
129.32925387020268
102.17940863215158
86.70317999755439
80.64359510313693
77.23116869793103
79.25402581418253
87.75985605801152
92.507894703841
98.52743313681644
105.01468379182981
99.14257492835486
73.18733959120054
59.037760878586575
77.78295476248032
123.16368121956057
156.7823607718
167.76159013891683
164.12874134557563
155.43406810949398
147.11278958714067
137.31264561637093
117.51529631552444
98.05099768517532
90.42821299801112
84.36674337632144
83.71888453220713
97.12409256839828
124.12483975946304
145.15173502288582
143.87726489513628
131.98616515501539
125.8402523879964
125.93804550871047
128.37989860640312
115.00785519910684
57.36373942969453
17.58912048339844
21.3178346476868
55.61591537719937
94.10350142742475
104.06108904401624
82.6977318288347
41.332284942008094
23.35888671875
18.44216066371856
20.518252067451193
33.1671727430478
66.3344112742903
90.03489582822763
124.74975453556404
137.53895772958003
134.48490963311878
67.42063498617702
73.24493427588263
31.961028981299343
14.711163939703647
44.607634243456324
35.594797515592425
36.96978778356534
122.7448181525111
210.53697382423334
275.50204315118407
266.89097857453925
207.02790414009797
160.9571331275503
147.5962429995136
188.02713171257565
221.01767354311815
222.71161261020802
173.59586790329004
130.7903256690619
154.63534571179366
209.84423198840483
237.69902041728136
249.05428165130417
255.17683879781052
258.8310316929903
238.81752102370046
194.7161844345009
177.93838640999797
134.31034913572825
84.76488662642537
78.08764542188419
169.07085942802965
135.38804065466593
68.37683272218138
25.983684929748144
22.62619617340538
23.486770354202235
107.65803091281855
108.64606903891494
31.14880246199882
24.831933622972247
33.45116802541243
35.95804710592715
24.5103759765625
33.49552580291843
38.45972900390625
39.00334706629301
65.84131311921718
49.97235463361797
85.60550535434129
110.50502547016171
187.59123211241408
136.44029533705694
82.59611556994741
85.7370875921979
172.9876810458398
162.09180617093148
155.16578265339544
152.85158983216002
103.12476388620499
22.32463576135533
26.230154970482364
39.40777135976096
59.0060248499387
54.49493623025573
34.32347476562209
41.205990681545245
189.81435679658685
226.71859437606636
239.36469486520372
188.497531797014
108.34623965954329
79.94098200008875
30.289306618859882
35.23192640130274
52.767264200027014
64.31102150048636
21.495342236316084
30.782079665490347
73.54036489610758
109.92698950058124
194.0173616242559
240.46217015921474
232.19828968990979
175.22145425378093
49.520703688039475
66.06699787234929
113.99390075149468
184.5462347947435
172.94419791634263
128.78087700808874
128.00664910363193
84.0707574604332
77.9423957596451
62.916932886883004
49.643302478597455
20.043241238461132
77.03879044431073
132.6394347260586
201.04706746957942
247.17690892058164
296.2265793634282
252.07883816237126
247.7729548108595
270.93421472110066
350.73931282051296
397.73894084737356
402.3089108401379
387.7144395683348
317.017066064549
307.04693630686506
395.54715992341335
563.9905555491879
517.0830798606796
533.691355981645
571.6428197820958
566.3812133307034
617.0723063561367
633.9964206972472
648.9935430555503
759.8769109210876
761.2397792184296
737.5397928829025
656.2049485118736
563.5495361008477
456.08592362948536
347.0825763839213
311.7188378958699
298.06792448220233
248.72717657905022
135.51413168180108
61.260860104563925
44.43433031410332
34.59375584827394
18.322449521867156
25.078004860513012
96.12458280362281
73.11847765035562
71.62904554521162
59.29993555725214
85.6109628854601
72.236580051897
75.42646028206153
93.15334429360989
55.188214100233836
45.15070298594112
20.236934426092922
41.039508171743456
89.5985938649023
120.29291648020612
134.67115302747243
154.8125967456218
161.81211322553662
113.58800778239156
159.57187214582382
255.31994745292303
239.88032439963098
147.53880897382223
95.62320827491185
49.18393657134275
47.04100404263013
141.1336671581605
371.3073608893277
482.2221695137831
563.6509738247871
557.1598446456817
485.6037590275274
469.7650590288289
354.9999800059817
166.4647405383645
62.580178951187236
28.821078626704367
94.07506316908616
266.9701491834685
327.8713392805429
209.24603852052965
203.2633789210792
172.93284177121026
132.7367889165245
140.57529129090418
95.18277512646826
50.38719704473724
27.877615084003583
19.869883308936142
18.005499267578124
48.18191429104479
30.266049242940426
37.62939271472608
70.09855184157611
19.065004057953775
21.513848745234714
34.75241948149378
53.14633499135969
48.947955664533694
31.31838910539104
34.995785990156335
31.73048901116031
72.6000631564493
52.8376249352742
68.73676460000937
75.37315167471442
71.73267156882552
62.13167473163976
52.375895176705356
45.69521793620625
51.19752545372607
22.136318583126478
32.288610528110986
42.27325670964642
45.536127524543964
30.299213587261875
21.28595048302494
22.346902002743548
25.81503097094428
19.66646473232122
25.129863435534787
73.9637010581645
119.88463139461905
133.91909698776288
69.23136977130739
17.589295242496974
44.802947123731734
80.3635115516229
72.76047311892754
47.678826107697375
25.83547440493927
28.0277071636404
77.66411596275745
94.10648015191052
87.66293856664034
63.87663938248943
30.25039471115871
20.494077849129646
27.069748652721092
10.924510289730176
42.177082866207535
48.51604017087074
38.23712274145826
33.47113896715355
46.38868549496262
70.35307162566218
105.4959579600538
113.91037073856107
106.97591423947298
96.36030499580026
65.64354617067295
34.52189666201931
34.288575283163695
30.946020165533945
51.001863390738094
37.06833797333072
38.45052203044297
30.916315767932996
34.74368297498923
57.31735151873229
33.27162510183232
43.820440120487504
58.24410616851346
56.76573641937547
49.917479416400866
34.78675237311622
36.36196281259045
44.77164374623462
71.89067543397933
97.22309274172929
99.61843394042792
86.1142300262989
111.73113945628354
85.33795969729613
54.453781953341604
38.11858922196939
33.40259824246673
32.51149321683065
56.43969869928001
87.64683657636196
87.31862305254768
167.7783366136757
88.4167203498844
32.65137897740262
29.713479614257814
76.64004597254402
82.89343919061548
107.42251837857327
143.6061394563705
145.44120450875093
121.05384521544693
93.19999041821215
88.51691266205971
88.07078569425387
56.52348757199578
22.8708999081947
16.97501146747943
17.199078369140626
17.94141155940381
19.32098507340138
19.16495684900506
22.111935424804688
22.629152015952933
20.394540058423264
21.058296886250208
22.544923400864082
17.441151751064194
24.77921829860212
31.95507070849135
27.086789886107965
51.464764680211694
73.25726319118871
46.086247708971506
19.990215480439268
24.596779213194147
18.349194963656487
24.663528948387512
51.51670931975425
42.33049644391697
24.82522608539823
21.987445068359374
27.93387637149658
52.252862555445894
102.97326540678023
143.9239709208676
158.43026259287063
149.0373386009876
142.95092527185224
109.34123383101515
78.93739796346827
77.17450858887632
63.93669008463748
29.140135717196053
23.284260829166307
35.878325371314055
18.689471532046547
31.57522656481401
20.15711662812091
25.136199422683195
17.129232827615898
17.265743683967184
23.275206608850407
33.82039678925803
26.876606501416905
116.0018047810212
65.57404607514411
53.045119445585875
75.84383867575261
103.63350430513917
103.59093026368501
41.753713687397976
36.451134132282824
80.49676168380559
55.88364611576503
20.914766165168203
57.03107484571528
88.88144281502234
112.71980432515886
117.96132103619877
88.36700694775422
68.14140787381761
68.63122307834256
67.06161467444599
39.10669790026948
37.27071770076441
40.61840980665247
24.89781494140625
33.741751003684115
82.11823232455143
125.27292536276863
204.23563866121012
231.4953644455161
171.35697699684906
35.50391042292013
82.34868107962716
39.26918738644099
34.86650390625
27.155054340849574
24.490618145171176
38.000920110313565
69.52074921516041
86.58581969172883
75.3581383333777
51.393686719335165
30.66538272039852
54.10946681114274
44.09615248133887
34.39085430378505
43.28566740276001
90.50999020764871
148.39708680711482
193.7776700943751
170.6017866579221
117.9212877242544
54.6257109735815
37.71787072683328
58.91111970544862
59.91867676592551
76.0115739524903
147.62126578495153
222.20114052765794
299.45780618942825
297.08750848134633
206.49697061804358
182.1034473253124
204.60851828890424
186.06237184625166
176.99112332531308
186.06810016320597
253.23405904296268
240.59969704476242
272.3445163071243
256.81165914898577
238.6805074474888
195.1247066988144
157.52879077224196
118.25619884177544
131.73747131499627
145.0981879304055
172.6836168245443
245.3908660755548
301.8874696002832
314.0830671237477
288.42836047331014
244.25756315465233
154.868830503728
35.59889513111843
102.0726739833362
44.486058598664115
51.349393324218454
29.362755077692782
47.18564821332607
48.52822032705926
18.261214513148026
62.5193956165705
56.620655230683454
45.4147702968995
20.205723335506445
79.14639962326225
90.42137042868521
45.523972880920496
41.76800215290912
57.49702925141414
123.0470778325412
66.4731885195466
113.64940158458735
45.84253798894006
35.66521480574379
82.13536771918646
141.83475296743512
191.37317110366234
96.38194937688709
60.31268667407894
54.04526189346352
133.07460579790154
206.24225963502553
200.63092127766055
249.96850584401545
202.9652384269445
99.89018912088659
49.66651600799751
56.88674981324639
96.33581237732338
89.9108581864601
78.43001804316773
141.27071165575825
218.62564197592002
313.0631879109784
389.3968942778498
246.58442333637376
236.65405482426087
261.34931434138105
250.98753557061355
267.42763368027335
265.2198883694996
244.1090264864004
132.5863757929613
88.18251883609196
85.36618994545366
138.18494616241748
37.818766209906606
47.959626043983825
68.70357561691071
55.62851719515534
89.57018894798912
38.55075723096743
36.14184311714482
96.28389558311794
109.91672820021174
136.035986360468
119.86927706835186
58.299279108424344
29.812757225209225
46.05922928954478
95.81406560721243
133.56130449099973
48.537589454648696
106.33259827113962
84.83284566731018
72.28968453294314
93.32817969289536
73.5144768121423
65.54182187048391
65.79493421133142
140.21815260391585
122.34685008376132
257.69241750583313
176.282559388979
173.23385156623576
165.40027951463085
210.28451983802861
296.37254723126824
431.2179218586838
491.81847661128484
391.1690299725795
370.38289908696
443.20034279906406
498.40142535470994
401.5506116634624
337.6385812215726
232.91536640648465
188.9100194862251
62.20738230050019
38.04840558693395
73.58639295317717
106.62955581857719
65.72191630635625
372.4243608465591
463.861085135301
466.79591473834216
435.7328563580451
305.9107744895703
307.036879492444
332.8107026554768
329.0940409245295
311.772051955293
289.4226441872746
295.85152436656824
212.2404930937772
257.60274398396285
188.78862579001748
77.00439137194044
45.50440043285444
35.75652322056224
35.862936627805354
18.75044271022489
16.817252799083484
10.098585633860239
23.318224573725775
23.83415047090948
29.949852124610437
39.1954489142751
20.223060382958373
33.12449196636057
57.441091433823615
48.46499853069836
46.118287569570064
24.62801983015454
45.71540402167075
59.1506960966003
47.69395818025066
58.08601349326917
75.09391476949436
69.24111950643851
67.53577477004373
38.33086416151186
21.36378173828125
19.12295735650264
40.09364150484244
72.8160176655193
140.08591401977765
175.5641942021509
97.51943368489185
34.14665222167969
82.97415686453539
83.88011758189631
51.549095301309436
37.4714254730712
38.58504019998011
32.23006241868436
23.599395645973935
15.814167366018477
26.232099041383208
40.4227010528905
31.05021378979611
26.680909453016874
24.71063166178815
16.707102589187617
29.884648690955373
45.47146454582071
62.639355820938725
38.622613473564726
17.485258478478634
13.594980833129863
11.763233783810653
10.722797208909242
11.905396639475862
17.060796697530712
26.651771032701767
32.3768744273691
37.7009323795945
51.22112304596067
35.5191678223127
48.57851377820201
82.55207683096727
67.26523034599427
36.1087291683629
40.46709497203965
67.27986855386294
77.292027460381
53.81675541812702
48.059258823759606
33.44904003905108
34.2020143801809
36.632417973651556
33.51345258877366
55.279492039126396
72.59966752582059
88.33640240951476
131.38766760308147
144.22714707042826
141.72530713132772
159.33657321492632
164.53992307785174
142.89599154408097
101.86817250192482
72.47472966149476
70.14492533871734
79.48105679876171
76.14750189881434
78.3148966589944
101.27250437776061
155.77518166110684
199.35812818329458
196.74935815483752
179.0198065917207
156.11766403958887
122.25239550215629
88.11336670726386
81.28721272356822
88.47128186039512
123.81691303124634
116.64740821731985
93.11501181829415
71.65659980053383
47.95285268341081
34.98239150735094
23.041326111747765
7.544575237582831
40.50489070200659
27.99404647124793
16.24293212890625
39.5075419052223
106.65501981413456
113.07572385492253
111.39827511462465
112.1962966205128
116.80615009438445
121.4203891259526
130.78037305283203
136.94338944351475
143.14590913661615
144.32319538274996
148.82138831297556
151.041554825468
144.35854496250113
124.62520605197226
106.00455854875217
87.65849343103552
78.38292968592884
74.7747403668449
65.71273601354224
47.85303337040788
31.039034744060338
64.05627456461028
72.18413020838348
46.75251804525068
52.6678449032206
41.68586730957031
31.226364135742188
34.756585693359376
32.69045025991147
28.809024383106408
26.445004198624655
23.298685172203285
25.36453011297176
28.764616819074558
44.381311258297686
93.95362652105288
160.6821939090968
229.6854722739914
269.2463534970967
277.2703924274906
271.1181709484279
309.9337757369526
299.62731220954544
256.2972850383632
181.45646654933557
145.57086683593178
111.69829151035947
98.1710558568443
78.52827217789918
56.45478344546209
71.91440599486495
168.23148594564495
261.2772988871355
386.86928282526935
368.8731568745625
320.64479512440073
337.6733231801929
307.2674398623204
274.95156784281625
234.16198523178824
215.69537087066868
227.52004937117036
235.77339220667145
252.48652446762648
275.12470379023614
305.0084831671858
306.9009628170494
262.259354369725
238.17097824332382
225.26754046095994
230.68556089864904
220.76905407073144
179.06737463436758
168.9918890255059
139.25603204328377
117.78827758240872
104.37461385270653
65.26723048391935
79.78167405782968
112.91677467217914
174.87565330274032
192.69165824875626
170.22733805161002
125.96741275860072
72.96664040226896
51.74082864935317
56.715286204604034
56.94163387185836
41.20626322513262
46.427813444423506
41.569523284888234
16.412316643925124
22.086739328868862
30.176342945890656
29.23080160341476
21.79247733329721
39.15548962028847
63.63793133143376
167.3619866272806
181.77951203740395
176.80357036976403
159.8301113914884
150.61403712404746
74.5446622948496
33.86715244556126
66.52075362975756
36.26489227090601
38.14308381510091
27.291259765625
87.67206412578025
112.6821273878304
88.55904325216943
112.64603021396324
116.87601392366882
107.29914966439692
100.37246830709378
100.78099800522492
54.79057415421071
36.098417327040444
19.514713611406204
23.7538184176507
29.540090252548545
42.6273966095212
108.35946379682937
135.73710512784206
92.5456844924186
21.979991320462705
86.0554408869024
115.50896115142605
131.56620809453148
105.21272282063083
65.05984190349173
85.7170584535193
151.89881289730593
116.87310465115698
86.17153220662723
77.62729131552992
63.403433175372285
21.19246428358226
86.16058686450035
61.49915998835509
25.895432711273862
29.122970204029023
55.114108768231176
198.6977245371806
282.2449207101793
383.02412984092445
183.89261051679154
96.58421174399828
61.25337442038526
189.00716416522818
332.55600338587703
439.7126303652237
508.0369605377397
475.26597421158397
503.47734603367934
529.7149878517082
433.93935858334123
322.88041451995304
233.44389287194207
156.484541558498
161.33482875956753
86.88193089472466
76.97314219505574
134.1313854568471
78.47046626558536
58.95212317763303
81.09238872680744
96.3865170668665
113.4827698725987
157.31172759130018
146.50135271455756
108.26831646357073
114.17778842018988
24.16952376377094
32.52883168331937
89.00278191897095
30.448855473984715
78.42209773298764
137.3016477183064
150.18497546456948
153.58100180005522
128.6437545426034
120.82853170287308
134.39546750359713
217.48406591585163
158.8937997086088
183.5249256058737
182.55852267557438
194.99409127116664
211.34491784428565
367.88642466835046
363.0950851836818
169.75136363200696
111.67562011819659
74.29459231946858
81.68986276377582
58.55330418846663
31.8187255859375
34.06448783822141
57.605186981287126
73.61848766561923
187.52726959180745
281.3589607734442
280.08394807142656
350.0398827320656
365.6624589731596
300.5527379458448
246.5259070614893
207.89532012375975
133.21813102981702
84.78267429012791
80.47049121325078
35.23815022961476
90.3596831723316
152.72509216470968
227.21293467292017
184.79686969030405
111.77008793818996
143.79052460070574
112.30786778106362
82.88673048739201
76.47092922361021
99.62290373207163
147.14270911349294
217.50572470808333
231.83043189218975
217.48718207113643
198.04626146769655
63.47087758076607
7.268862653546739
7.853992816817436
89.77883533463742
124.7786717411158
105.17696252929925
88.69888715362967
96.22245176547668
57.695598411479025
32.22861938476562
36.910967436504464
38.426299878043245
35.0046744883344
25.87407237801648
28.641245818872072
30.18824446657991
44.694344413004444
47.44530248477706
29.663241348520092
14.230826063090081
23.47660378527353
52.57962097509119
64.20110804243077
67.13322593573108
50.959502857220706
56.651301570435955
30.975725224844474
24.67992546444008
22.037860107421874
23.16414105023846
49.1277947628853
69.25219831233423
48.73532257404945
68.0525420928478
83.86911339729772
90.1565818641046
70.04381128143791
37.04312144120721
36.00222270194679
25.557334030956508
65.41609580926495
26.44251890300252
17.44040460933644
30.05178397548991
47.15608547637978
51.71790527616095
52.171031384337425
49.55542233235002
51.640104362937436
48.49815367655244
41.427309202986216
28.505332290126226
18.866451668554568
22.59969926405023
37.38269354898462
24.21322021484375
23.008272204803177
30.08390100048433
18.885015219281833
17.974813009344963
13.746438598632812
18.10518986794159
23.285844521007345
28.08702232994808
28.049748835050174
55.73977833794098
58.6449212910281
60.96983100662855
45.14301635959801
21.97994057008059
38.79847682030932
34.92030201476373
32.53000273549274
36.289009461061866
21.88753359494881
19.01175781731074
65.83216411801261
83.97083429381325
66.86878376857919
29.954037284704917
14.486960010484983
29.087335783902063
26.527637993010046
60.03126659682348
63.27926893047315
53.57998363298235
44.67064282075755
38.11680268707032
39.06544284723022
53.5137074827706
39.71989331724376
29.102518400313556
37.97306583775558
48.195595937056986
42.941638437875746
40.939924689265276
17.248630537271858
16.63221140893778
20.435883194210838
20.022004342692345
10.565367307042402
10.433163452148438
16.482889453429586
15.450846778355617
20.993376232090792
96.91379362126875
101.73620626089932
88.74452037654646
78.42655039459305
64.81350603144313
51.44750316733787
45.56301934983846
44.766681422338976
54.52543541450003
40.06716905106183
34.9818757875928
53.22212791684306
62.08045294062786
63.09863587367386
60.09655061323324
54.508824147515085
57.057776509011774
61.78909224402232
77.75436764982945
88.01625651170943
91.04661205717983
76.61516222517382
52.62289762366784
30.140283759237946
43.00280924102026
50.60841178192318
47.406276155072646
31.45855595599834
23.372152950904773
37.38378545333245
88.21526566861488
69.86651520254648
56.829881606436366
71.26572481740406
50.88076277804741
28.379618680723752
32.39921801260512
32.98179208626802
25.26856014740837
14.881420496110422
21.879783599926533
23.931648156092887
9.807879624747557
18.42544032486642
59.3567145952278
20.904958272542444
13.145719467582149
15.540922086702654
58.1528277913834
82.40902193102079
119.93828777205349
92.5627246983402
82.15014588127949
102.50247621822166
46.730823298276526
15.057793930485195
49.44164458956459
43.60811613206399
76.61311800943955
57.191320241448764
38.717272738533936
42.936275500912664
51.719657824987415
47.75070239386412
54.64971774547264
51.56727834388532
67.58727393392891
60.186529926509664
62.2573274068475
41.97512058667053
61.45164582958337
68.13024220405877
113.1320152494601
168.81556893122638
214.10606405825462
261.0450674753092
316.71985656781135
309.49375797193676
305.685861492983
258.0693395156748
216.66135419242943
166.70874110922787
137.12604302943936
106.10943322038307
116.90799069076093
142.9948160204498
177.81850885848266
134.28716225279283
128.26227614054648
70.16564891879815
139.94629771815593
173.66475478751082
148.90038142738072
144.22871941325215
192.0339757540014
223.13897536062746
227.17272490448983
152.48823829377625
197.05568333075976
277.79227539080347
288.6077529801902
300.4671371317998
332.92693093781617
306.83346833659306
311.65908976817934
263.9273299020057
214.84929152947612
174.11268339923814
105.65113387666239
16.274246472416415
23.13399411473565
138.637783836954
219.37382121228165
270.32974034360666
201.02387676700158
148.1816819816116
175.33081861498084
199.63284738030376
251.29805489282245
293.9491582235478
332.6724492614652
360.4753704129489
334.3392465140738
276.60297516010144
280.34404586200674
262.5735471470756
161.4054357987098
182.78382110794047
133.2833644479913
139.86816528752283
114.2403365905332
45.42405511106699
35.36185009960811
17.061725647690672
81.74377386085098
49.551499583377066
123.90102487942394
95.19225595764775
80.0196211265386
128.46044908966664
149.64710489958307
83.6059257470298
76.08884535874218
88.12157760622517
138.71580776930168
127.65185550629285
78.43875223492932
79.21738482582255
129.78205768688122
156.40095683072963
183.9814972579124
91.51196207101593
72.99668271591513
21.173300174082488
62.56138873584755
121.99073636962854
114.78516084585257
154.19411613118945
217.4534533400052
308.5800636985867
399.90344356457683
460.8723692752017
526.2132990674011
653.3394859756315
678.2240070038127
709.6362395865866
653.9692504266893
617.1034276351248
487.61211884323
344.6064326266225
198.80491016255647
71.91077711798138
61.96539217974514
38.13144214019339
55.801118133934324
81.33065653054
266.8209758150048
332.7509523825
296.4217674627977
170.6234980241082
104.04159492127924
94.63409843793993
60.0816107509808
57.022263534755396
22.07196044921875
16.76305187150215
42.90089480709021
94.28432185390247
88.62742825297246
75.15351802483312
36.98367173488955
33.92757937838419
44.46455387804754
40.0895312353593
50.20261762625735
58.64972882040363
58.87081761134148
73.91811585015043
16.187038619790904
43.873155853649266
14.47081298828125
46.74627585057142
57.48536054859558
23.43906180529325
81.13971392744511
30.342980557361443
42.61099318625429
31.813889140294215
151.23810617900835
228.05464124927408
254.1551998842595
281.97635372364914
318.98980994746523
472.7882592297333
520.060082500848
484.7611217017264
470.83193590362305
568.204566800597
624.9312832934714
566.3268858859362
501.0280192035933
496.96289550065376
313.9789695220291
127.16493291680271
140.3386820732374
102.30008067907211
182.65375162128302
204.16910222880742
150.0592107697962
38.49998218459209
53.064148182914344
68.73405311527904
107.9030638699476
125.6157968653828
45.09383925463171
30.042434898885585
69.97629241930338
53.6522817650803
53.279209329412694
248.22865948346242
273.4633338831374
375.9565648474992
477.16162560557024
572.3991319870768
690.9194651831843
690.2440496685208
533.2261302897385
393.7768941536847
303.69500415417116
217.77785924656936
165.16515521408778
122.41147928002756
69.2227167027625
20.9232177734375
56.31757162674612
10.151564501435837
122.44506165581679
116.4172562271576
131.70033815635398
100.7779621238016
43.05068127762784
18.433145182598764
13.708867438094739
20.61069244793125
37.20365001366743
13.772142895014577
11.402368845545038
10.096798484890508
14.564297997822768
38.483743323542555
25.179604168544508
52.93682962816355
31.35181311781314
62.3290594125112
35.08664869768786
19.80592752397929
52.68191062921227
65.36126955237668
62.71296737824789
54.37668825284727
63.62935431922331
94.83246042294415
97.0553261095097
41.38695982653876
46.15946224076261
42.25469974043649
25.987640621665083
24.874359130859375
21.79057117920828
18.357166763682038
18.438972186599337
30.874027855284975
41.532607909773716
45.444724483899826
47.780651945826534
41.30023320181348
27.439863549433902
22.2864847258204
20.479716484274014
21.95762628272637
22.224039827366006
17.461756892111897
13.649209910976447
18.040107685031806
25.545249643402393
23.514133179788907
14.519294454495661
15.662008666992188
20.453067625446284
29.66800178408829
34.9659974168804
31.125672136146783
27.544673315468106
21.1406557314725
16.36909628509618
21.001155284542893
32.966639639217625
27.41702372975975
28.31986089649563
28.10453021160033
35.760841594041594
38.4904439908987
45.70841547711957
64.64343696103985
76.58891221339964
106.02431729288192
99.02506966029145
79.90523258947988
67.27302896356609
69.42123505249643
67.6063985414394
43.45618436968262
48.953662109375
39.40970575961505
72.18032155387168
137.27810886609672
99.6107354014055
67.65090224665728
51.674666289668174
25.35229947948119
20.926308888267794
29.18308285258386
32.49280700683594
21.278292846679687
29.590002504832295
26.50617286855752
26.67853250542411
22.98317895083678
25.91224526757228
22.283330191871062
31.09682902411264
33.99236868409069
44.31799855958807
68.65473901270998
91.45679819611738
91.9776640278096
68.03996198677858
50.66970795330085
40.554554352493234
53.904904189045375
44.99770382889201
53.59666117208219
58.69236689955655
60.863372435556336
66.55753864218306
76.63072891912888
86.8621864970278
106.30075165712431
64.53232116699219
87.16946103057255
43.33280039228227
9.542815976444398
17.77610501238239
26.170748105718257
25.451378909029152
15.29801173927633
15.490216606453714
26.426568875720115
15.734933471679687
17.714282243785817
18.83159910699619
17.018032362173813
18.088323119095104
21.065211757998007
20.06467648457293
16.19515380859375
18.32777707445656
25.112652448749373
24.979890129600697
21.16208582713091
20.008803213812733
17.181821275837684
18.314294679008185
20.07753297301765
18.96101816945627
18.457701800139624
20.754417953851362
23.47038366032448
22.108662581337352
18.309022934848258
15.9100830078125
15.47096934561905
23.401643035532423
34.517839534495614
37.8929388293502
26.938768248620534
17.603467350185703
15.802990810016468
17.540517469719635
21.533372187426675
27.02199644873185
31.065037154034748
33.37600961431281
34.606050049672696
39.578184863856315
58.096977778182236
97.80296326848766
141.6970412916848
137.315804188153
80.91721331893496
134.5011708699366
109.09055303072691
86.78602131708303
67.53752074457529
75.95229545614593
101.95975491451597
113.00700675204135
109.26440840131356
138.89761724328872
87.97997334731303
65.03306487165767
104.97188799915361
189.3490342673099
239.86618890537721
263.9815667082202
249.005505600758
243.5306259533714
208.1402098450666
148.9712607366351
139.76441093568664
96.35153014150208
65.6465294052658
89.74058101309379
120.18380845037946
159.27383196203192
184.31881822756796
198.00804179880575
146.8563979278346
137.23026007648113
122.6625132514765
104.85302579994566
123.26430309662555
106.53690688613874
50.88873500157497
41.49049637262342
34.3661865234375
47.219974958617605
51.904711023416255
73.45109581952582
83.16830793794838
96.48461813837363
159.22180765773336
145.0294250985979
126.92088676117787
115.6786517759515
95.09997280666603
100.44423017712207
138.65038664142585
120.1270538321202
90.90256214165466
74.37439774159357
83.83756923975741
122.12614210260263
166.7499459135077
185.03755933895349
185.60462717214472
187.0852970896298
191.47945624759126
161.4637126791089
169.9595685149715
120.38074619854847
80.59260148470398
45.7673784072259
30.534368174003703
50.07247776931113
72.61657629624108
110.321482581341
114.16638667279635
98.97933027924996
110.28899726552117
152.64002091754656
77.73378795110852
41.74403754674127
107.25235764257036
181.12099908973505
273.3693070195971
266.7240694875398
271.4284879190259
188.47070752197638
122.07322742947213
76.99795701944868
60.95687465217206
21.785361974132048
49.38249745306666
47.54460035226593
85.18814541851324
173.2586321839524
253.9663869627785
272.83220284401784
349.40196234502173
381.6873583109112
222.17173181100338
113.96054823052364
61.56053276485841
113.2741013643575
114.82566591880968
135.64543013666858
155.4348647141782
156.2781247747561
76.9696392526173
28.80155117305203
76.65146648432119
73.21267255391349
105.19197500868049
151.63714280306968
66.72375817516058
55.57233653982185
74.56097338202508
26.683797007855038
33.920156261956734
31.17960801171314
32.230060446118024
58.998820618995026
173.17041563488573
25.5301588594682
77.5460431999888
137.94712652270465
81.99653952074905
89.57645214765144
93.34421314989027
183.72600062014823
135.4641555747075
165.50460214693612
180.4095906577523
289.63334354445453
188.9205383155971
40.06233244727819
28.762396467626512
44.2398667431115
87.44444097665136
31.953117432412864
133.22471261201932
188.63338929434818
385.5163954847629
355.33692260988266
354.97078314375693
443.5037975107959
450.66148346179455
315.2684651210658
262.8129263613893
72.59918645636131
146.6447648325076
226.67071396786577
210.95664614465727
264.0017494681515
242.2406122456163
188.6014753999103
74.98320390743297
28.950365524591415
36.006508310560434
37.10359702087344
46.88318530391816
37.27465744592619
31.38487793097652
24.292854772625198
35.0357942148501
28.162481689453124
27.70428659430313
31.418367268116207
40.340170482541495
43.36853154651078
33.191907442507656
113.78479996288256
100.63900771957046
103.71477698507734
110.29671114606322
139.14600987000617
186.16083272455708
179.21601853410962
222.8552581632773
290.44710448087426
342.5722175879817
254.4295745002788
199.3126514280942
170.66144179305562
138.07251546191088
244.38671568571826
236.5138595184797
196.45725269400523
322.5618060175404
153.03884225188057
106.90320507157158
170.92369471846882
146.6878357426161
157.63866985783892
79.3165301068736
60.47418438482778
168.89958858679447
273.501823203438
339.6503484262645
497.6420198803039
578.6995090497251
591.3894367490628
586.9492913208371
533.0395437793225
441.01125257618105
282.93918967634164
198.70772403286327
267.0465654770751
600.5047340897966
542.6097017317632
341.18559543298835
257.9752661690016
231.22009376296683
292.1785252535583
259.9029487810623
129.29040873183968
173.5460994588454
84.33231504354679
111.74007302134774
86.95895292841833
28.24051670719382
66.52093698298245
99.16121648470205
91.2413330880739
38.16479961452774
39.224359705886535
99.97709484022724
173.81843617110908
186.4454674830884
185.24502119096056
131.05278638594953
118.80277258416154
100.56927811065088
91.27353304939871
81.67340831835827
77.49735202666375
51.70458301074867
56.33000439108925
46.37544824213546
65.20610768150227
100.14961860763204
76.89900291556023
103.94993169553861
113.22452072669407
122.07803241623105
115.11395578746287
74.23363759310914
59.14365071302177
33.59560546875
47.51408862603813
27.4323994884385
29.55915395282443
27.644509887695314
26.19298400878906
41.87489432620723
70.78077281630559
76.85893566950912
57.70850806366898
50.3572509994714
40.00267714802408
36.88091138467971
27.224751049654845
16.802157920547756
12.901522827148437
56.40042457160066
100.79691292964542
106.67425012889001
113.76950945866777
100.33628845421383
89.90213876014084
76.74517022923874
49.767345904233636
26.684361796603717
21.5747802734375
50.111846350654886
45.08954784753969
53.91720911700727
64.27205483242548
59.92968230606598
117.14111739004557
67.41334850486024
47.87783378674821
39.77565614536506
32.013762309845006
32.72398776457523
23.561922184874014
34.98678473014468
74.24221074276136
59.94840907980934
68.63751909242657
81.23737433179477
124.87791355553308
164.39001287215146
173.35245024318382
96.96264129554625
63.797947081591744
43.78835824984071
37.68965119617401
42.16830298160139
50.062781817977886
78.52992260491342
111.99376416554489
153.7984176698563
198.42287385819643
220.95125971122633
195.5949171438584
136.74019776699828
99.9788427930087
83.90931558224057
67.1650041891107
82.82810413398632
109.61178534002867
120.06282849688141
126.46749576384188
123.0097525914628
101.19980996384785
74.04777033369642
66.53256021772617
54.871791632832085
39.88482578894484
48.42373815293208
65.70803347016704
77.50166276279052
137.86575568839152
189.4339714875029
94.1980242390741
67.34051392686293
32.90671934008965
14.679972828245331
52.200037930763266
83.66687079824374
81.4788591356017
47.74269129675768
14.642680282037748
66.98503444906434
104.31641339973825
120.52995923132718
96.01865366983034
56.75032290763211
29.59457364735122
12.579266864612327
24.471826567058905
21.964574376931616
14.80209674396051
18.226435354859678
39.6614931948328
36.77007907645769
32.57747206511851
26.2899830798695
27.866987375079724
29.46583251953125
29.50335847571862
27.338485717773438
30.67736991820224
52.3245171324218
58.48998610485901
49.96052896666305
39.75611869656834
32.14009022692121
27.20938240512394
23.50874809870006
26.478305405652304
25.637155985877076
26.582034301757812
27.8595703125
29.091175973502413
46.760569873595635
131.95883961258806
222.4391436322591
238.1401219196436
200.5900469645651
157.48315848211874
154.93002442289534
148.18542413688562
146.45803458806904
116.00035543253607
78.34729426861448
39.66153397372216
29.80898187466928
23.728704833984374
31.641675269157645
35.05691050102835
37.661806087500985
54.277475909982606
108.87702407226877
107.1609778400737
161.0400302347536
145.64915727012377
99.71090449923943
66.3850343931806
27.145885532237664
80.15407289560758
63.478879445940336
72.92242903753274
31.24000379285935
41.928216552734376
59.634135404870314
46.97055768346568
32.62998657226562
52.32435302734375
40.001593017578124
34.62927590602553
33.60237058024161
35.75289812381443
39.178833326833185
82.92569469533346
99.12193416398513
61.77827472024542
38.448193359375
56.802192832101625
39.31968994140625
59.99597023231954
102.66198931165313
224.9941029023683
268.333750282238
333.40894531587037
322.5585620556359
226.9912378037649
127.46392049833221
76.0582148678873
50.8332018336997
37.95708574331716
51.808440838964316
70.6183579206454
76.63572082273276
63.00697698538797
41.30237298864931
34.5923728394886
82.22961609213822
124.6056202130219
146.67181261689046
226.53723020971194
232.65383681004218
235.1820295990039
195.17940747421713
103.05715629416682
71.36993555074442
44.55731426687271
35.63725721226456
39.90319995169121
28.93193359375
46.71389432925848
81.96358731253949
39.7182373046875
33.765057247157756
51.98824915711039
58.20705141099565
87.69689766448445
111.00472885766763
87.5164988209519
112.53128566830142
149.12370466561387
247.32493299955985
306.78542513775665
357.16289376909464
416.90211542058375
431.0343967534844
452.2983837908153
491.39453498672844
493.456004631205
504.45231375309885
486.50140071714105
434.9093415048962
435.389601525131
434.82447076663465
511.4151497699231
516.3805080087883
488.08589054379263
469.73462103617493
447.5285596158034
420.32412472436215
407.9697128638004
427.8385288870418
390.0191238071373
401.0344010771115
411.7407344197924
400.3366920022157
287.7641229181436
236.38593697191646
243.34870801283404
233.96234953799984
266.358120644414
295.9457257283269
235.74200013268666
164.8696712638182
164.14516546389308
167.79657228773561
184.31297905994853
122.55403362399042
100.1745417633513
95.782119469132
83.95079184254519
93.70704027681458
175.28405405911857
310.89642941048226
372.051349901003
299.2782160085632
298.3357680719664
305.71158196651936
388.9332777365248
361.3402083649172
372.0474473687176
365.85824082277696
441.7047917996483
445.9120769090208
539.1559493279503
516.0124453475238
595.3588016815527
709.7117119498602
690.1453666532659
590.756754521404
504.9146050431643
298.7316623655699
280.3903023159255
392.49967646315355
468.7912998705186
583.7647986601094
673.8310487137987
730.7392064276107
774.5673610383926
828.8562629335944
701.7361567018412
657.1438898972119
580.2447454711495
512.2478258423653
448.54530929589976
350.4970530017587
290.7796397401242
258.35071882985505
252.6303717190561
298.2860533952171
374.5552859600765
318.2184145223511
349.93358779737775
248.70984428539114
174.25645665091406
123.00396781283894
118.13984821200074
92.66125560177679
78.40378880419871
63.456070593822915
116.67496510926085
132.09817628141036
124.89765464767625
54.67193228162912
18.454259980770257
54.88266786855867
32.274147540613896
16.59366890690985
50.5313635188525
49.4531016134934
32.14716858417792
19.25860595703125
34.21374587639665
21.512087995134472
80.86479611094464
148.67859195425635
213.35646530809754
217.02300553037108
225.74748332557178
260.05815407047123
305.0491987533734
362.07576545700783
325.28001639574177
354.9113382316724
309.29214917175807
149.1832835775543
127.23525937521481
109.21499175791214
90.84954495070073
62.42573581797542
46.18709629303093
32.667747307483566
63.725650238582055
85.4083288401378
105.9524009726409
69.45159843638825
86.8039911610139
108.1260071166686
164.31218766333785
198.34864227653074
210.15107730614335
217.12155089728512
278.9956897785455
382.8289778880018
448.35062186021725
415.08055163688357
407.70338377727074
466.302943945066
362.57326897307996
234.80975113715493
206.52636873151883
165.39133812686282
181.37054370133006
149.5416309849914
120.82675067106302
160.86468716510018
149.19158817512988
208.85425186480742
158.91138830360933
135.84634394151152
127.13226353825753
101.97701666054377
25.92975139047917
43.64978902631553
44.640559769393654
108.11748976468479
99.11343318284415
31.130590041666572
47.64693514416824
113.95000118067409
95.43704953507498
16.157253201508855
27.32299772006861
48.0387445529358
61.583746335436764
55.92642964410193
36.943710194450965
40.15938590468123
42.16641034089925
56.44490094445282
60.86696823383111
64.76555641213038
43.60837950270401
30.154546683633033
27.551342110451593
34.68529577294957
50.33510242809672
40.457147356324
21.39285647277748
31.88264163331644
33.41182533507085
17.58348388671875
21.07510485719724
30.03483641615843
30.70151248675403
18.129550170898437
26.705464044209872
25.99216430899863
25.778182983398438
26.11317924080574
28.239933037182958
29.232616307088584
26.235758972167968
27.310363710552757
28.623597748865183
25.680821228027344
25.579073358174544
27.61042592298087
30.007167816207634
27.7411292561627
24.845253391257945
26.322970115930087
29.768128941107115
30.13537581240113
27.87123735525022
25.799801635742188
25.047823981168143
25.66067717160983
26.09230194091797
26.471958763641936
32.509749557288686
24.791719271708473
17.274853985946276
30.580281601953793
52.058778039028766
68.54346226596495
55.742759255882596
30.965282128254557
17.128481115783472
24.459689959495428
13.95031108160507
20.747288842956912
19.673925175625822
18.495597428294786
23.295761307192247
27.59076086347709
26.051619084903695
33.39893776062989
36.24600898966802
16.443209538811836
23.006214904785157
39.015665829763556
62.640282566395115
17.07003369892493
12.52467889924912
13.662479760431234
11.177462170425173
19.210345455314563
16.880970089593724
27.08501857946262
30.691231976382277
39.324423457270406
54.33300927647061
49.836077251693915
36.988324249289974
28.458874124245586
14.563657752824223
14.936475447212956
15.029920037818432
25.070263750755068
33.14413950801391
29.309611944711207
27.551288107646904
27.405382751025172
18.76005984642161
24.69831022138869
23.296205806332
16.817179928846052
9.141623574151515
8.883363138769322
8.536108557665722
8.63231201171875
9.314141845703125
9.795518493652343
10.154347102916216
10.425156539201316
9.303779767930285
10.603819864161164
12.287818011896935
12.34914841791442
11.072441387011429
9.30868041696703
8.431391721441338
9.191052393631935
10.931033451624955
12.438214531407379
19.660033552530535
48.215566639477366
107.23001654862139
124.8257043229889
98.939657510211
45.02062382689972
25.34761549895935
23.993938971101965
17.697974294723895
9.43627982922813
8.695917349738016
9.98682176707464
16.02299091130946
33.90848446384697
44.928544429665315
129.36941252522018
156.09747751014692
145.3506674180312
102.41739989153503
40.927407348174185
53.98264693928631
41.673320523343
14.719857099353112
21.556014495574708
35.98151183596876
25.31276799507409
17.8551432926909
25.880047815085003
36.63710450712527
17.583535766601564
25.5249208693755
42.41722860311904
39.8457028724185
37.02983870519385
30.853129077069525
99.88326659528404
120.602393563049
111.91445569803889
95.6344652676523
50.40588094658415
45.22842532671043
64.02992437612156
110.18593580875367
127.21890502400701
137.71845465417135
116.8796182037725
79.74920537887826
57.615719425859695
36.966610616636466
59.09094760995531
69.3348702088877
68.88665363077864
81.09082232206568
88.1121239074566
71.91901721763698
67.05605979292147
107.68441009874218
160.87011517580976
180.08252807039077
222.33653743119044
247.48000285453435
255.25492336967372
163.48340950963876
72.41647692682855
135.01413294244472
78.55395598616651
104.13134473693053
208.3969533548324
216.33271655399955
251.45821586887888
316.96099902453915
316.04619329748874
195.150037693364
146.84734013651078
114.98898833186112
73.92986450195312
76.60845779992148
32.23121782150431
87.63484654500364
126.86736603165745
182.05361366280786
327.1165592482324
427.66068243981556
471.45075317107376
399.37831042917844
313.8259257512955
186.09310852600242
38.648529052734375
72.09296548755556
100.91631744864863
95.55961946506709
83.52455726072898
57.17660356885767
55.72127404518433
94.11617881854136
96.8492945785907
73.7467706233202
66.26568615630553
82.74922410001113
116.04594172357733
101.29512238940552
101.04144392793955
97.35090111915993
110.6294056384545
73.59005050299179
91.49938753070323
96.06472681707369
98.2099340434435
54.00137216061334
33.26837424373393
45.402430443307686
78.62087863509774
104.32882170667285
128.42736888002955
117.74780289024588
59.473594723439604
68.26420692674719
41.00798640657308
110.94940978431946
122.37872097194413
130.7194764435826
109.74100236522047
91.7985459271144
84.49894756879777
70.20910005529784
60.79846644710026
67.36071774854284
78.76731126252339
29.924871138413117
50.9059263840184
16.925604248046874
40.529741238629
8.252032332045701
14.06759033203125
27.200181147876357
58.46946330039932
57.92918470965683
85.41446128515653
87.55117742630023
99.39395607224886
132.38132925088047
118.86859384664926
22.286434497495655
31.458741844295265
91.81697076695382
167.32523757736303
272.998280266757
333.00802086377854
407.23273175326494
345.81405207850605
322.63853441802746
295.8404077296744
189.27727147788687
152.51854684834615
136.80121809418756
78.96959325403414
31.940051499112542
63.19658052965417
32.11277465820312
38.310972661055075
30.325909423828126
160.80124029638122
191.48591452587075
213.51892987272186
227.0120680608533
185.9051046897233
151.40682982057416
149.2831658328284
165.58987721945067
136.1819412444846
57.01537650453638
39.975152587890626
67.65139739686717
49.364762167379425
50.18755135937035
62.642755126953126
57.32029418945312
73.67038334179797
52.42894287109375
45.17684867735541
32.537254252580375
26.237106648658663
12.213845534740107
40.607285268945155
16.900120583902662
25.116192899197312
15.760103702161405
67.6505785507718
132.36361923677464
248.90525458131
387.10290604494213
462.98945527378953
458.0505752030064
436.178049620108
372.76076270732233
239.81297785908077
17.759382131367012
160.38229869813046
124.66706404808693
104.03567049784824
71.2640086585694
157.36512747316783
170.30650471125878
210.07988785488155
208.92665570131027
146.1544459539591
92.68842759032161
41.72763853530819
12.874209532039163
14.651446533203124
29.741891436997115
46.63017892459338
50.94116584453711
168.96180836782986
219.7241935485697
168.7426693837843
155.8651686272955
87.44055852395225
16.523797607421876
80.33919619091407
190.55886212677007
160.48724225586744
39.9792975399406
52.087135559805844
151.87784376734626
267.19246811634275
404.3206243208849
277.57568827874564
161.04560109925836
117.67530065625533
62.08926783521376
58.09211157322211
178.21755752511234
286.0052274205351
247.9022522348423
233.79884423061745
215.8028528593753
241.04286819248114
115.59660775016005
59.438623901680515
113.86673613983571
76.37600788899003
19.282191872965633
32.56160313355667
22.90974894900496
51.68381477607683
65.93162385942178
99.49131242201963
118.36367207709827
136.42631178134417
183.38782915216154
126.46688422797953
114.43172463766663
89.60362846198602
87.67329523688113
113.91491598448741
138.59489450839797
155.76705692147488
170.03722934516082
221.18835711829814
243.10971300308012
213.13876338701806
179.50162527761782
122.14236578471011
49.493645077245944
17.045155334472657
13.180947875976562
11.617288866278932
13.769837571010475
17.575323486328124
17.929181596582772
22.439767127206505
31.888048919606263
43.67266528856279
40.14799100197903
38.63225145501027
29.00767865121561
14.264492161253292
15.52232694626897
19.758229059854592
25.182600388112498
23.625552368164062
23.874737327590697
30.23480580264785
21.33105926513672
34.529697833724356
14.207426250710046
22.31278533796217
28.775806773978502
29.541226960363737
26.57479229841678
26.331817869573644
26.160075968580855
19.267314974599866
18.315952730755964
15.212864685058594
18.36667778481551
22.333928701847867
14.376360479941752
16.941754472212573
19.460682123854475
25.14854236023519
32.5876642321272
41.87006808416239
31.432594397903266
26.473525577784404
24.911751704155268
26.63732883607481
24.64311795081312
48.42091288808374
30.692561169175338
17.13480224609375
18.137159915985343
15.694477317977316
21.062743142900025
19.292476298347424
26.131009816386815
52.77977341119546
68.23619592294389
73.68684964410238
59.74580724679686
38.451401686253305
25.15196845619605
21.895100444019384
17.757122913042302
10.920395907781858
10.985777374625012
17.727246101127854
19.377800724215216
19.104989649511435
26.266865964755322
39.92566389854703
51.482942975790024
56.83735523397786
53.163612673416615
46.6213330028359
51.11535614466078
66.96894774365978
96.39165678402742
111.39429900019688
105.26135953537175
83.50274460518422
66.62932838817558
68.74130135414289
86.05840737933129
72.51599702158933
103.54006781835297
75.8470018993884
34.177711935304956
8.819935647922147
29.430530775824252
33.99165035501419
29.8068379315254
17.199927435257553
26.46330422357073
29.325134105588766
30.619902198178988
23.07537067920928
16.566052574654123
20.138834995926345
45.40978906523729
134.00785760174293
212.93532801159208
218.4324546610788
165.6276839050435
78.3747993949572
19.3668093504927
22.21506962101578
38.09957801710093
49.50373010066592
55.952429227878156
60.06914343801709
74.92382997239288
83.7350280291585
67.60610114683284
34.829195858016966
23.663995361328126
23.077713012695312
23.410791015625
22.690042114257814
25.010902256180067
28.06170402288192
30.428749529170886
31.6442226133973
30.896241980028254
29.000941109439793
31.161663008734763
44.164725618695
69.6202380977082
69.16086607236582
54.694433190403934
60.01563868443666
85.49735228842432
115.22769884199943
79.6289710645237
54.10605961995002
25.767440204419632
22.924579808560622
42.850338745117185
56.11516117863793
89.78989885830667
103.05160943115727
109.65184928759611
92.96457845716104
76.9621124948901
77.8008520523305
75.41443271322473
65.02647332448942
41.82165028933887
58.44439570410941
27.52893886145248
82.81137166652998
100.14192919371445
76.09412275455843
46.55487035727556
54.779600716596725
39.48717272002068
46.32172780948381
20.243658447265624
14.844629056799908
18.205252285192408
31.871299048830792
45.882147153666665
24.42273202700603
36.75660370594714
14.886875598719552
26.35758405482293
78.63870467323815
72.187980168758
41.3541620311543
38.821690757529176
21.196625521873692
27.44179777505294
16.726650138850733
90.7407926405007
34.480405459899224
22.853642762408846
28.545629072279144
27.579880078335076
32.19035113439524
35.57028375374357
30.805702418431245
33.666330805359394
74.52769526754346
129.60939801089498
132.66984863312445
82.62611261637039
118.81526255364425
123.99819658426023
123.56391628425618
154.49710940189848
147.39800774916708
126.76313639027731
37.957693358501295
41.2262892368399
60.987602541289924
38.382830422604414
44.575137854533224
107.56046787285182
105.49175348472718
105.01634077503559
85.02063066448349
66.73808671143198
59.17218438985738
30.093562391311117
64.65525883604974
80.26490163312829
87.08644864901598
131.83614148173487
140.08645393629703
161.6967252895484
123.62946809572672
94.51203537833999
74.84610286984507
90.51411571378371
109.8131038701199
138.11937190887178
146.41590934994264
159.04688838813968
160.2265274868542
171.73024110284632
175.19243238669748
173.86673416306945
175.63752760235587
192.48006183486027
207.368393068242
206.3755780285178
201.89906193241163
194.74468049693445
199.24825031217165
219.66859767400564
182.20714426565573
160.65185684255485
142.53424789338382
137.71803773453752
146.11688285979707
112.96868163919551
138.2597925514984
119.15941785204545
144.7596510653103
143.3215231460722
126.20197714887709
96.07568654683476
107.28430688285519
104.7585555517943
86.9749226509977
40.48033884805236
20.60271077749121
26.93262687975555
40.42214498029125
44.030964991635116
45.5136036851949
40.0369140625
116.20027966236057
124.44860026885631
125.03948239895267
184.4565434864647
224.29687639300263
286.43239289320445
286.4963238786959
270.2918298010137
331.5176963860375
330.0665127379181
391.9906736821575
408.75661179368234
451.86662659510057
445.64028332282123
431.1262674920639
410.5548192072999
391.2593529099037
314.6693198981831
325.23820756165935
217.87780253381828
193.28672559572047
191.34508050411688
166.43000809055897
121.31407556330146
117.76406660853331
109.7598833042322
86.78993492294778
114.12131281931333
86.83942605395524
140.73412056962806
117.09064959205944
94.02472736412133
119.18498170181579
133.31483362410845
218.01825086966195
221.74392272121864
223.23087655452323
246.5599856376124
226.07928634596047
178.62972630666528
295.1903105718302
303.27574100041204
342.178493420873
318.22702465957775
343.75303978645223
346.25525467253067
311.174517788143
203.2384606948844
140.71323988452974
146.0739619153071
137.27317345341945
108.75891806705377
91.99918637972421
253.06287302043785
170.7581156462793
168.95389671472532
173.96487796019193
170.3661217370224
111.55395019660986
195.08711048108663
228.44444576935484
260.9411567481058
335.44771589029966
378.96548021060005
435.4182805083616
473.6163141282483
465.21915039103607
465.6874173746114
460.6747135728954
366.637390951033
261.8494679347617
188.42438207924724
119.42765069498418
61.626610837090766
34.2265052992155
13.10109369945294
25.33509976282801
20.188693247491482
90.37235272888165
141.27386933341546
120.15237217023086
135.53621781323173
176.27751855995967
179.20236147788864
150.02443904200877
151.97222242421844
157.13785419324213
154.15794131481135
166.09262267578043
132.7344447404974
115.6006182362293
56.89613682897912
84.2581900108726
120.61163649109794
138.8972533436056
135.8319003233468
119.46816020523275
69.23219913405418
28.907578291287383
28.159958662564282
28.236095838044413
19.991522106600463
11.858023263745974
15.152128647114342
24.210367085116378
33.64763729089515
35.13621780544177
33.93191285660669
33.008478143458845
54.13210526260882
168.23619499155637
214.78240250626237
260.9612841061008
311.60313313025273
286.4039126495944
187.62785590048793
89.31825322318825
27.755520004268487
26.164825439453125
30.977481079101562
32.72291535678969
76.32869373856718
120.25170223462473
143.437454947312
123.40722034034067
84.83052200888224
53.4555174836705
58.47473560418466
47.80332512897443
41.585481152428656
39.256190407092774
34.697393798828124
41.90152477017555
47.6369055424836
46.97674830525534
39.4758910471577
46.86148721046452
50.52492929200612
59.76497763176267
51.988703312261805
32.35135192871094
26.94780049905353
35.92947761885406
32.637182037074524
27.5224254843371
23.689373779296876
43.02802615690068
48.27097517894308
44.40401266100757
43.75088798091169
34.56144579438571
38.653738380687535
69.41306185042018
80.34511524864642
81.97421476122008
89.57016565509267
82.9767809554251
91.67257342554551
106.67453383916902
77.18053342699288
61.452650470774095
69.77303770576891
50.3470825279044
61.58826951804713
48.08353967727917
41.324163852245235
53.10209888053688
47.1775264758075
56.28645179425985
61.27569705451617
100.02834332073742
89.75782068039118
86.5922916702413
131.96796690921576
125.38523023482273
101.76999849772749
93.69343071738089
105.60503477902164
165.4444748900618
153.14294523437857
101.33666555529206
79.93533602429397
63.17345645545042
66.4959814130635
63.40292085202591
58.96856127060378
96.0760152958594
125.92324413974484
74.39714648948902
43.29185157070678
28.359746143899248
29.257558344854214
41.021261221042344
35.837975423237864
43.70119520586703
47.847421991099154
89.81091718846623
78.71399355232452
65.57906456506161
67.01803078811494
71.7846208525571
64.2759721898727
31.23118025379963
19.777465212697166
28.082642792974003
63.72754684492686
87.98919440955758
91.3118688662003
86.61351610098347
76.9832169060755
60.260666283431284
23.812596391973102
18.85226277106808
18.105343627929688
20.524579419680684
21.35547001632765
28.145323767580475
42.31950907207047
56.68478722482259
65.92590295557227
71.40975847278442
74.50947711711096
52.82160402498421
53.97234297421096
56.52906109527464
55.97030438978186
47.75268765550027
28.311419442020497
20.72841403894561
15.112086453867585
18.54009547629421
17.43081300975506
14.526598610828387
80.5890623515165
106.49472733949176
76.20386033157521
21.19768864435464
64.11994819093016
62.97290706743322
49.472748923110395
49.31366215351888
70.58261941515975
88.41245990585139
90.31826472442962
74.18525899380855
60.70023941423178
26.530297241906602
29.716010892844498
41.55183137594311
39.96627874081277
16.45740422344901
25.777615642117006
19.913261123684105
28.102903862477454
46.98896295375052
62.902211013817826
69.91839320688364
91.55953455119636
149.73819618432617
60.4731471613796
104.27597625035939
113.68105241066719
121.60586407086166
77.49274320007582
84.18343620464039
88.0090918861924
85.13618825015314
29.73352444662196
40.79188842773438
50.91677880890738
79.07552547638583
47.739519135890625
15.480528971182299
40.63658579093535
59.53046507702629
46.31676017495374
51.94382516896203
37.055548095703124
37.85444406043939
17.210721446947037
15.791578987633738
25.376294492639865
37.86053824098671
67.99575942312454
78.63192944774949
54.309580846110975
34.7415239786578
23.082479639197437
28.90263824450053
25.554940432711373
34.523094452704754
21.057652138603952
24.790198489592694
28.35490742694742
19.174948426442825
24.890413930204296
60.7039007520827
36.915170335651695
32.870322910707
30.145004473869086
41.84290701939808
44.58325511121079
50.18154296875
58.5556499525449
116.11868293739103
151.08335905124005
158.8433675186217
188.69173833498553
194.38841241240576
184.87679744771881
167.31416536700073
167.14961704335397
152.65103614149302
170.4757890062072
155.66367844733068
182.9964351259303
172.4836560722155
187.6000973489917
190.80461622413236
155.9423328313695
95.52279509022028
179.756627656204
219.6476794212652
256.2790860837863
292.4020706812703
359.8135447530297
347.78127726844514
328.8061316694642
295.9125391773825
230.99384270706952
179.57158591052212
180.88950287960105
212.5422112972059
199.0426695298892
253.29847250352478
283.0818095949542
339.12182443863776
327.96685082734103
318.9464243653263
257.4313782030075
230.66357512544155
198.3169878637891
258.636425072104
339.2665860722012
423.35675061348365
480.5661172024529
524.072229584357
484.1850228732239
361.687680408651
250.10469553963785
310.41046725579565
355.3858159272474
337.9905121826164
252.06722768920017
162.19220679279314
165.60185943542334
217.36293045525434
253.71797464125538
101.78174214638643
183.9221578654152
235.76287907673773
224.91596775415368
254.95529387212392
210.07999182025523
92.12169552911118
34.77180140030691
88.53777210596704
35.78273592275455
38.21719122308277
32.422482491651046
28.503676748939917
56.31866461849213
51.901328633720006
170.50966960601122
397.71007176770615
493.4579036078344
574.4933629759493
576.7745824756042
647.0130985844819
736.699280131761
656.637749250271
537.3118337199642
526.1006059486274
659.0967387287908
584.5388922268395
450.6429250031659
453.9571145211347
400.57949902144094
245.97139123580527
44.598385338956085
46.641225822115985
151.8977354515946
182.7207980667387
262.0013029951697
404.2803537488695
465.3788399590736
400.07585809545725
298.40504697991474
221.25747910830506
211.99686864257902
120.70219510060807
229.12556483072308
311.22035184208477
386.94501753755014
341.94239284969655
312.2507144858008
298.3198596286573
273.0900898688553
264.6609594920425
237.73865908709308
259.73498360362817
257.9889887756135
274.2285641649276
364.5166979770652
355.5649875394168
291.77214532837877
346.4955557810159
304.8881699066651
311.1931329186444
203.71761822736934
212.41220252170106
48.74305388219
141.69749984532487
181.76367435551873
234.5712135996394
180.13409982553654
181.41449751818928
244.9142561337172
388.7401842448391
389.53303434050815
363.33054774945106
372.4485906555866
304.96817896652266
208.86963039676834
228.20653667510905
68.62091765611868
92.63483791719764
94.44097271609681
152.82214247184547
132.36449754144178
92.76543364182999
46.793614696421535
72.448132665531
140.50629388873932
90.36121363845982
135.8025901281688
112.60245151295881
51.66413740422895
34.34113967566104
62.03499897554275
111.78198205241279
164.9524374713811
140.75209250151593
188.6804543577445
200.73002853345116
344.71901900927406
301.78982640132426
293.34436638280533
233.09252919626178
182.9604288221886
207.7900517677162
141.62004914483902
156.03943025628686
115.56568236536705
78.32747656096839
48.970280740549335
70.41700510380693
150.80585770187108
179.03038267239148
192.14392211750607
225.49883397160016
184.81224108486458
193.39252637684376
226.98003576071255
205.43026613930883
158.02543796277024
89.63221479601415
77.6577593464668
88.52790518006546
86.65080535788479
67.70985536777334
91.2192881060628
20.126476578615144
