0
317.6902
329.66925
339.38013
336.56192
334.22562
337.9685
336.94257
330.62466
330.31793
337.948
343.2215
340.5058
332.93988
312.54492
305.63672
311.24023
319.09955
327.48724
332.95667
335.211
339.42337
331.07477
336.82684
348.0952
385.11993
395.84882
383.01755
392.69476
407.64645
405.95755
390.2771
391.34894
372.92383
376.96536
389.2502
406.19827
426.3557
431.77817
441.4068
440.47617
430.67856
409.72836
399.06653
399.82532
412.82416
421.93475
423.6722
417.49203
403.12918
390.2173
384.31433
381.24567
378.41925
441.30728
402.83942
361.3844
356.21722
355.69202
356.06433
354.54462
355.17682
458.81305
454.93573
441.86655
447.81805
444.8102
445.2978
439.34146
447.52554
422.50653
437.13623
463.49658
462.0291
455.52597
459.36612
463.40106
462.59204
456.68066
456.72882
461.04916
464.92755
464.2911
460.7714
468.1202
465.9646
461.44183
454.09424
456.99356
458.7705
460.92325
466.05426
465.3506
469.36133
467.51752
467.98843
468.93393
466.70346
460.33038
458.9666
461.11206
464.86652
495.3776
507.79077
504.62994
548.78784
637.0545
653.6695
629.9035
603.9263
557.379
580.5383
495.80664
501.24335
470.02393
545.53613
567.4401
567.41925
600.5741
609.84344
599.61194
562.63513
613.58655
635.5689
711.5473
758.39795
770.31055
784.99274
752.1027
755.9064
804.1747
816.70703
823.3375
887.3937
928.9879
948.9518
949.6237
981.24786
995.8634
997.36017
963.46545
944.83704
905.32697
916.57635
928.18134
948.51843
957.9705
953.07947
948.4955
931.8921
903.042
880.1966
921.1548
867.8879
884.6012
850.2336
875.6994
928.7537
935.0514
937.61707
947.8618
945.1636
981.58624
1021.7422
1010.2007
1058.1921
1048.778
1062.5609
1023.52997
1007.9666
1038.4521
1026.0857
1040.2396
1029.1589
1047.0598
1021.01874
1032.2517
1055.3663
1079.853
1046.4725
1074.5135
1059.4332
1056.7537
1071.1757
1099.2452
1111.1512
1070.1438
1172.1342
1275.8795
1296.0355
1343.7158
1398.6338
1463.6783
1512.802
1539.737
1546.6613
1563.7086
1561.636
1541.7693
1539.8083
1525.5951
1521.4084
1545.7871
1546.0549
1547.2163
1541.4551
1544.8223
1530.9462
1509.8391
1501.3247
1495.636
1499.9688
1479.6238
1480.508
1491.6609
1486.4142
1493.0764
1528.552
1507.4712
1440.2428
1343.6823
1330.8203
1280.4489
1144.3562
938.3618
840.0936
734.99084
613.95667
600.0738
663.95105
702.96954
790.13464
857.2624
953.6094
1060.8535
1159.9893
1237.8811
1476.2327
1517.4833
1528.55
1537.797
1460.3259
1340.4993
1357.1631
1370.9479
1368.3441
1382.4055
1392.4783
1460.1267
1448.4991
1418.9451
1421.4403
1436.7659
1436.8837
1386.0264
1357.8368
1376.6161
1429.2863
1416.807
1366.8961
1323.4875
1237.8647
1207.9889
1168.7793
1203.4862
1140.7871
1263.1285
1365.1833
1356.3474
1340.3064
1261.1116
1191.988
1148.2178
1116.6261
1109.6106
1075.8127
992.45135
974.01843
958.7687
908.2445
885.4963
879.33496
903.495
879.6208
895.55664
860.7954
888.88837
874.45557
885.63184
993.6577
1055.9222
962.3146
896.6379
844.9652
819.92004
820.91437
828.2455
850.2233
857.57214
848.91327
930.7254
983.47363
1052.8356
1045.179
942.7798
967.24817
940.16437
987.46387
953.4884
964.66943
975.75696
939.1964
946.13104
967.4684
1021.6092
1034.6742
1117.6224
1141.3994
1155.782
1123.4564
1098.035
1155.8309
1246.8488
1224.967
1232.8318
1209.242
1110.1299
1057.7302
992.5123
1156.6448
1171.8821
1120.343
1212.1246
1231.0625
1257.0397
1183.5746
1176.3859
1019.40704
938.2344
820.8281
733.0612
622.12537
549.3545
513.64856
473.33844
446.4913
407.81107
393.61826
358.51978
330.12524
335.12473
318.95108
313.4181
316.37143
338.17072
351.39798
350.23764
343.65076
345.78778
338.0663
335.30942
334.34882
318.62515
319.8752
302.08795
298.70975
309.81488
317.83072
322.6728
327.41574
333.86295
333.28473
334.83746
341.42047
340.88324
338.4129
338.99997
342.8814
347.07257
346.89993
341.53516
330.4083
332.32138
342.47974
343.37457
337.8555
337.55618
347.09082
357.6778
366.15118
369.3852
367.74274
374.90607
380.01788
378.16797
375.06265
376.0269
389.44162
377.44147
372.44852
377.84863
379.77713
378.84277
369.79535
354.24777
347.60245
355.78992
358.77167
355.39618
350.22256
343.925
345.8234
349.71112
350.26587
348.0558
340.6219
336.52863
345.59882
354.44727
347.3642
325.2564
332.95956
360.66125
372.4997
366.3653
364.62006
350.1669
337.30704
335.07245
320.6916
334.29657
355.17447
351.1708
336.5238
334.4715
338.62714
341.18613
357.1707
351.62595
332.5674
345.74127
359.15765
347.74844
352.47382
375.0871
429.89557
443.5918
445.04233
461.50342
469.25104
479.20532
464.37085
469.78775
461.24643
503.9987
504.04205
504.68295
505.57513
506.06195
506.7457
507.20294
507.0645
505.61182
503.98822
503.49677
504.74176
505.9459
506.07135
505.92618
505.7474
505.58966
507.13898
507.92816
506.84003
506.50497
506.68564
508.17902
509.71518
507.95956
504.4606
502.55988
503.22787
506.1332
507.3676
506.3647
505.80093
505.0891
504.58456
504.8786
503.93726
505.6063
508.9003
495.8853
474.38492
459.97516
466.45444
466.78232
465.88788
461.87183
458.88803
463.8846
475.87387
459.6258
461.5529
490.38486
542.85406
583.0221
606.41864
636.30194
727.3912
743.1991
780.20984
775.4702
793.16583
794.85693
803.4626
806.16394
804.8993
809.7771
807.3293
818.01105
811.98035
821.81934
814.28613
827.83215
829.8089
833.0698
828.2909
816.9476
822.22205
831.85095
842.6577
848.6457
874.7793
899.57996
942.14294
941.6776
949.5423
975.764
995.2648
942.7347
985.1195
1007.7593
1046.0353
1041.7169
1077.0068
1020.7075
998.5617
1056.0037
1027.546
1075.235
1096.9023
1069.9672
1058.8782
1014.64514
1015.47205
1028.5607
1014.8451
1056.7838
1071.6615
1148.176
1138.7992
1151.4894
1218.208
1373.2065
1424.0549
1472.3079
1522.4348
1520.3724
1482.1824
1490.9495
1513.6531
1512.7579
1514.0902
1525.8796
1512.8093
1362.1711
1323.036
1300.6687
1348.5605
1444.6497
1504.44
1616.8665
1611.7904
1623.6631
1635.1396
1590.4462
1577.4656
1560.6799
1546.9397
1481.2319
1439.0237
1410.719
1381.9397
1394.479
1388.7487
1330.1631
1319.3901
1223.3206
1060.9736
920.1499
743.8069
634.68915
574.56854
580.284
566.94995
590.07495
655.7331
747.87976
865.64667
960.0568
1169.5295
1340.6929
1461.842
1530.2288
1598.8499
1640.457
1620.4978
1634.372
1602.9783
1501.7578
1374.8857
1484.2708
1504.3215
1473.2535
1478.9988
1442.0902
1441.7076
1414.2505
1308.6119
1330.6758
1359.8408
1441.6592
1497.9474
1536.8271
1552.5
1481.6494
1387.2692
1338.6974
1352.4692
1318.5558
1195.5061
1023.692
873.2557
723.1266
560.8573
522.17975
494.4563
496.09692
471.16254
498.07837
529.2168
565.2096
657.6028
720.78815
829.7116
921.4496
1015.4697
1121.2097
1209.2772
1263.921
1275.3368
1315.0002
1242.1721
1109.8855
1070.9226
1104.7584
1107.3231
1106.6862
1069.276
1075.9844
1204.3964
1251.574
1310.8408
1332.9971
1328.9717
1376.3643
1331.7875
1208.7217
1190.8259
1217.7445
1227.2134
1068.8665
990.2604
1076.3035
1064.4656
1067.7041
1040.9078
915.6283
839.00146
799.43176
793.7148
801.0326
813.5237
788.6786
811.6191
833.45886
684.8784
716.8297
620.6561
586.8351
545.66583
503.94916
443.96085
402.79425
359.448
368.40765
332.3022
335.57068
341.26944
347.0357
346.4967
342.6213
334.7528
333.48267
291.2624
283.4037
283.46576
288.76712
291.64557
291.62827
292.60977
297.6112
319.85275
322.45856
294.48877
280.90543
290.68896
353.99365
382.87933
389.8316
387.549
364.05762
352.8647
371.4081
373.45026
313.34058
288.8552
286.06436
290.4845
303.28302
314.5921
332.6854
326.9803
328.08316
340.28482
343.83844
349.17172
357.36438
364.701
332.41272
318.43417
321.08438
343.77722
378.1895
406.8346
383.8424
355.08478
311.28278
330.25528
342.57608
370.08893
373.73938
364.23468
359.98395
339.2895
330.16052
333.11792
325.91144
317.78433
313.8769
333.9869
338.26166
335.66437
331.34482
340.72134
318.73056
336.49603
352.47604
350.14868
351.44464
349.9172
341.0733
330.35214
365.79858
334.12256
475.09677
535.8085
520.5222
427.38565
392.90558
390.17596
390.94284
406.15942
393.95203
393.18506
409.9406
421.02466
425.14813
419.61093
408.53052
404.45493
401.34222
398.63324
395.78033
399.54483
396.63394
403.08588
405.2189
401.811
398.36954
406.0345
401.97003
399.90268
397.95123
396.37524
400.99066
399.7329
399.27667
403.96365
407.4001
398.11145
400.00186
401.75555
404.1902
403.73676
418.9245
419.67944
409.5547
424.90683
448.11652
459.8921
456.67114
442.55225
428.08316
421.5008
416.17618
409.1376
410.36066
436.24203
517.71564
546.67175
577.34894
629.0224
671.069
718.5675
761.6251
771.2116
897.3216
877.0626
882.0902
893.15283
897.9967
902.9299
882.9193
908.2269
899.7411
915.03107
919.12775
921.23987
920.11804
927.41473
938.7497
935.42834
936.02527
938.8641
939.96936
932.46356
919.41486
910.59424
919.50244
945.89044
1013.35284
1034.0907
1044.2168
1045.9447
1057.7166
1047.0212
1083.5762
1148.7872
1149.0085
1132.6953
1111.8531
1141.0149
1141.2125
1159.5592
1166.6907
1164.777
1150.5029
1186.3171
1189.2554
1165.5388
1149.0238
1181.2509
1187.3481
1200.0114
1184.5425
1161.9543
1138.137
1142.9086
1212.5652
1272.8894
1255.4603
1285.9546
1327.8616
1369.1433
1446.7538
1571.5326
1607.4427
1598.64
1619.9583
1614.9153
1611.6124
1570.0784
1614.9504
1614.1119
1643.6012
1660.1868
1701.7211
1733.2474
1763.614
1724.3567
1706.8513
1734.165
1744.5957
1754.736
1762.6035
1783.0042
1811.5486
1870.0627
1929.6582
1910.1615
1688.335
1579.6979
1457.7493
1328.282
1319.8589
1193.4277
1045.1744
922.2158
794.061
678.754
666.2064
610.5209
530.9864
520.4312
437.04605
403.94757
519.8614
568.46765
743.75574
865.76843
1056.6317
1232.7563
1403.4618
1425.5162
1498.282
1516.3635
1524.9392
1516.6382
1541.7375
1456.0631
1432.5115
1503.7107
1586.6837
1619.575
1579.241
1575.5256
1585.3126
1532.1615
1467.4308
1384.0681
1330.6171
1486.8798
1508.6339
1498.5566
1509.5471
1490.5713
1494.186
1472.758
1513.8363
1465.4828
1390.9592
1261.8523
1293.062
1236.5703
1293.6158
1136.5242
1065.5461
1036.458
1012.28107
1024.9032
1021.7663
1049.0052
1065.3322
1074.1124
1131.8477
1142.4253
1156.2781
1165.2347
1278.4353
1190.82
1371.9464
1363.4153
1371.9636
1320.1797
1313.22
1320.9609
1179.7034
1241.9893
1111.1556
1216.183
1297.2036
1391.7645
1398.6068
1333.095
1217.4998
1146.8768
1200.1671
1190.8473
1104.0941
1025.2891
1044.5676
1022.00085
1061.8372
1054.7461
1171.3074
1134.5356
1206.7583
1348.4512
1343.7455
1191.6724
1233.3086
1247.9657
1189.1052
1183.6227
1047.025
912.34247
840.75555
788.34686
766.5243
739.8688
827.8408
784.4374
834.9621
897.3454
952.307
796.5119
774.94196
636.54285
548.02216
503.52133
493.07684
458.92758
399.6692
388.51688
317.6302
317.2536
321.89838
361.173
370.95206
384.9269
387.63098
399.84113
403.97324
425.79205
409.75815
390.65552
366.58713
339.33673
343.02448
345.27048
331.65247
314.651
295.2003
272.83002
305.24124
345.9166
378.17877
392.8345
373.3532
363.68573
361.8365
356.71527
353.41583
353.23605
354.6538
360.44992
380.55814
384.42426
401.15704
361.31277
336.17352
328.95062
327.89694
351.30267
364.97766
358.39462
351.61163
350.59833
351.26825
352.7934
361.0048
377.10562
371.1316
344.88083
332.7273
335.6103
315.35538
298.50427
296.5678
297.36682
305.61377
304.39142
317.61954
304.7639
300.35892
293.71048
307.41904
335.8304
324.59906
317.20905
313.296
308.68417
321.0028
332.4521
310.7502
295.96585
304.08954
324.19284
331.815
328.7607
318.04987
322.27872
324.0078
317.50824
302.9987
289.36127
297.66745
305.23358
295.93372
302.31952
311.47897
309.93198
309.44916
296.74222
342.165
384.40213
403.37366
417.48248
444.9809
451.8614
456.11197
469.6176
444.275
411.06598
439.2702
495.85187
496.98624
496.30795
497.41757
497.99234
498.61856
498.11884
497.03888
497.57706
497.64243
496.53214
495.7745
495.82
493.7845
491.8647
490.525
490.67618
488.98187
479.83954
466.49863
453.3423
436.4912
429.4916
438.11176
454.6941
429.60577
406.92206
418.4147
428.9018
450.3858
477.0876
486.4498
495.48444
490.2394
493.6855
461.54663
415.5083
406.00226
414.55035
434.80283
448.82944
429.98135
461.57925
518.37177
631.85486
730.0089
808.15765
843.75
875.67957
918.45966
898.83203
856.2132
823.5509
702.4381
687.86646
698.36536
661.9126
677.3702
679.05304
686.3308
681.9769
685.33734
693.80835
687.226
686.17017
699.26154
724.2122
766.5882
779.6829
803.5748
835.20294
893.36017
932.8141
932.31445
938.8585
943.577
914.0762
940.36145
934.4255
928.09357
896.5275
871.11084
876.0306
924.8568
1000.9201
1041.8381
1084.9921
1115.9135
1105.8562
1117.2532
1120.5623
1063.1536
1052.242
1041.4938
1015.2075
1018.7091
1060.768
1158.7799
1339.2728
1451.2518
1542.7157
1596.2465
1675.1345
1656.764
1601.3444
1592.2366
1656.5062
1715.9016
1700.9036
1770.7289
1792.5398
1764.2776
1771.489
1758.5911
1735.7281
1728.917
1752.5325
1721.725
1712.0906
1683.6438
1697.9424
1755.0211
1709.8864
1655.1716
1629.1702
1632.7878
1665.0475
1541.9977
1447.7026
1337.8583
1258.0078
1199.099
1063.3302
871.90704
738.9568
630.5699
528.62836
463.02197
507.35895
610.60077
683.57904
773.2482
871.7909
1008.09
1206.6565
1341.3733
1544.4391
1485.157
1514.6173
1556.4418
1421.8086
1375.6217
1306.8802
1245.3416
1310.0131
1310.6534
1280.2778
1321.1853
1369.122
1405.7037
1489.5258
1516.3408
1635.6091
1651.2848
1561.9617
1541.0208
1473.5615
1397.7473
1312.2312
1233.1012
1147.6915
1145.1915
1130.8555
1043.7366
1058.7178
990.9456
918.73254
945.01086
827.89667
693.30096
636.1777
632.6538
703.11206
777.0954
854.94745
881.8631
1073.7468
1142.3928
1192.0486
1199.768
1193.1237
990.8705
922.83606
1043.5531
1057.8801
1028.7708
939.00085
982.39294
915.01886
934.60754
937.9567
911.49426
957.6876
987.6553
930.501
981.53796
1028.0228
1000.2835
988.9821
986.15625
956.7036
939.1081
997.5413
997.51355
989.6625
980.5711
946.7638
991.7858
1039.7084
966.09924
949.1421
926.1815
905.43164
892.3119
869.43427
813.47546
768.9875
700.25635
576.6986
546.24786
496.7831
456.28915
415.309
386.9578
360.92343
337.35913
301.60422
306.05005
321.34344
321.87408
316.13074
316.5756
316.7588
317.97827
287.8674
286.04526
286.5234
296.5834
319.46533
344.86835
367.38922
360.8915
351.64676
334.72684
353.682
342.18707
340.8484
340.2862
342.0781
365.92932
373.778
346.96848
360.7418
373.2547
378.35602
365.26263
352.02078
382.5481
359.94427
326.42804
355.57144
356.90686
383.18298
395.0772
389.93335
361.73227
340.24713
332.38544
339.43066
343.7921
327.28522
323.35376
338.88617
375.56512
342.53394
350.17563
327.99625
337.27563
335.7263
323.6336
314.41498
314.1346
330.52304
352.52264
339.96368
336.55804
322.99146
328.05347
348.55313
327.91882
329.3924
332.72113
332.41083
339.94025
347.78653
391.6358
409.6705
407.90836
398.49664
394.57108
394.00604
401.81653
347.11676
326.12213
305.11993
299.75848
306.83035
318.6377
313.91064
336.80637
379.1443
356.98627
354.80655
366.01596
372.06027
396.3365
381.9881
368.71655
359.38153
356.28085
360.67273
365.20892
355.03778
337.02362
440.91983
439.42706
421.10904
413.70752
414.1374
410.0358
409.11737
415.5975
404.0737
381.1026
349.24774
327.85504
315.86124
310.29907
311.72855
318.13504
324.14627
331.02975
327.73947
325.4969
324.65195
327.87552
334.6823
352.20856
360.52032
359.29428
354.3082
340.45142
346.159
381.6061
450.02432
443.71207
456.8518
478.53888
448.98843
391.01007
394.01254
419.0162
467.3492
553.6378
601.2044
636.5751
654.8608
677.63763
653.54285
695.30896
680.6651
674.3428
720.1709
727.2108
742.92487
712.4621
716.703
738.3812
721.92053
715.64453
708.71967
716.13806
677.6815
676.8166
679.45807
675.31006
676.78033
681.6358
701.2205
717.5431
728.7249
727.4873
717.90295
713.2604
680.2479
687.9183
679.1046
664.9794
668.935
687.1044
675.906
695.9041
679.74365
699.6141
704.4496
724.7671
729.8429
762.1037
756.3959
763.7444
762.2507
802.22815
768.73303
794.6782
746.21515
727.9936
756.6957
774.9603
760.87036
757.4244
755.90125
866.6538
929.3419
997.9284
1121.2898
1203.8579
1235.5779
1307.7516
1335.0544
1372.802
1371.417
1367.1458
1388.9606
1449.5416
1449.3975
1417.6257
1437.4061
1423.8351
1439.7592
1445.9847
1427.4922
1439.7308
1420.738
1390.6921
1357.4573
1323.121
1344.1985
1384.6416
1353.4192
1333.6165
1371.7
1276.0729
1246.6946
1163.482
1073.0613
1000.9064
948.3755
840.5719
688.91223
670.53406
536.28064
500.128
509.68912
521.5812
583.1512
714.1023
794.1189
912.6434
998.74396
1079.3918
1131.7076
1116.7604
1098.7545
1113.6096
1110.6921
1190.3435
1223.8131
1291.4324
1269.7302
1207.018
1215.3688
1175.5447
1150.3636
1139.6572
1168.9788
1196.7698
1168.274
1052.7529
1034.196
1008.46326
1054.8644
1078.0115
1160.1798
1242.8057
1313.2678
1345.5942
1266.873
1203.6448
1146.5118
1082.338
898.98096
767.65594
723.09216
728.66736
726.91797
697.46814
713.5461
701.98175
718.998
702.0992
680.2327
681.74603
710.1854
706.66156
690.39197
703.8065
711.9195
729.006
728.275
728.1821
608.3386
604.6783
675.4535
580.54846
541.76965
534.48505
521.1516
490.62012
583.4677
586.3698
686.20233
733.9999
743.8123
793.54364
854.41534
877.87683
876.1167
747.7394
719.98566
806.99866
886.5374
862.0996
847.3665
900.7225
920.296
829.4004
905.8209
975.7539
904.35803
903.1841
800.77246
760.7861
771.5873
816.09485
811.35114
799.4683
843.03937
893.41534
884.5653
907.1193
937.1115
1024.8854
1080.6403
894.7754
879.4728
809.54926
771.09314
790.0534
756.2652
739.1294
783.3446
814.82983
795.55743
757.76984
692.371
666.7199
674.1836
708.32776
774.9647
748.76483
637.0343
653.5409
652.7218
665.33673
677.753
669.19293
636.4584
588.35565
546.68604
492.35278
454.6393
415.18936
388.5739
392.28168
378.47943
412.9021
401.40985
327.82397
321.638
330.14163
334.80984
336.93045
335.8869
330.23322
329.97678
352.56494
360.2587
321.7641
305.73138
299.40366
306.10422
313.1361
315.91965
312.977
293.39322
277.3122
274.13083
286.34222
296.8715
308.65274
321.51834
324.94464
326.02567
326.4931
325.3612
323.39966
322.83514
322.04535
322.08173
321.07376
320.5727
323.1547
329.50128
327.6507
322.04193
320.21957
320.95917
318.08536
316.34106
312.79114
302.93845
310.32578
303.83972
303.58
301.8073
304.50208
308.88226
308.1591
310.61118
279.54092
273.5407
281.8872
289.02826
285.8664
285.57095
306.12848
362.67267
318.93744
290.0997
228.15805
267.88873
304.76462
321.52655
344.5122
359.6742
337.23932
354.02576
342.04285
337.88834
349.66205
352.53375
344.84756
337.21967
351.49384
367.27692
358.3549
305.16647
280.50284
263.45758
269.8212
297.4649
310.95203
313.2241
300.43173
318.3256
322.91412
326.3895
329.1551
330.57623
329.3244
327.7296
327.50806
481.8427
524.6222
459.67413
398.9991
356.5999
331.4159
320.28278
326.96674
316.4513
297.23932
317.40424
315.45294
312.64746
312.3954
317.75995
323.34662
321.75586
324.51007
321.7069
318.66052
315.9452
315.1036
316.50845
323.48434
324.2072
322.0394
320.5678
320.29633
320.31284
321.8291
323.54095
324.13177
325.55905
324.16852
321.21088
317.2926
317.2703
320.3286
322.39044
320.99527
317.99896
316.7292
315.7271
316.3487
316.08685
315.58932
314.39856
313.25262
312.3295
319.82266
362.9175
443.61508
417.99228
475.06903
525.44366
537.4709
490.44904
425.29898
386.921
382.3653
363.38126
453.92572
542.5392
579.91
578.72906
615.4485
666.4253
708.06024
691.3312
691.7963
725.3346
719.1509
749.0143
771.7091
769.9403
785.9198
787.17255
782.7941
770.81024
800.0692
771.9857
759.3353
767.9117
749.2926
751.5023
776.7356
783.6787
822.93243
832.79364
854.5521
850.8016
878.83673
908.7956
896.11475
942.70996
960.2507
960.7806
982.79785
988.37146
946.1126
935.93994
917.9308
903.5959
916.9474
921.6749
909.8441
889.579
879.64246
876.7531
882.3457
927.19904
906.65234
916.13654
908.37195
911.96045
912.38934
891.5159
882.1078
892.6927
989.89667
1122.7836
1232.975
1323.9744
1518.929
1695.5043
1836.5012
1915.2244
2004.8069
2001.3855
2017.4695
1957.9639
1915.5745
1894.0989
1884.72
1829.9778
1888.0443
1865.8154
1902.4603
1959.1213
2009.0793
2019.8232
2101.2957
2146.0354
2006.8135
1911.4602
1863.6975
1928.0488
1946.206
1964.5168
1919.6631
1831.8347
1692.7903
1595.5328
1427.8271
1330.6633
1178.2772
990.81854
940.22003
897.3209
808.5542
725.66595
713.4306
752.6991
805.1655
818.1079
949.9199
868.3171
886.22766
920.02264
1053.2404
1135.1619
1223.4938
1231.7249
1397.2933
1472.8374
1494.1985
1366.962
1420.9387
1503.2128
1497.8998
1485.1061
1494.3561
1418.9081
1315.3956
1308.1155
1156.8889
1215.141
1235.2954
1170.916
1179.9581
1306.7283
1321.3674
1605.3947
1645.7826
1688.6077
1609.367
1574.9104
1461.562
1333.0746
1153.4238
1023.4126
903.9928
892.3246
888.2295
887.44617
897.2391
892.0952
872.2088
888.0028
909.4046
907.1378
835.7503
816.6844
806.1006
703.8776
736.4895
752.91864
757.6532
759.6143
771.76086
851.86096
908.45276
964.4875
1010.2487
1167.5276
1305.2976
1405.932
1476.4141
1370.8518
1336.6061
1298.6636
1067.8682
1141.015
1123.0109
1007.2679
973.7323
892.19714
938.5919
963.7306
1044.5242
1115.1353
1197.6228
1402.2434
1550.2599
1634.3127
1720.138
1770.7972
1783.7444
1710.1478
1274.7076
1251.6714
921.2531
905.35974
983.4211
944.7713
891.48114
791.9733
785.2489
845.7633
741.27155
806.13257
773.5694
778.6415
804.01965
812.9824
740.5088
647.6034
567.79095
502.9728
445.95532
356.2614
314.67966
287.51904
310.9182
292.21246
288.8955
297.45
304.17688
293.16766
303.1592
298.5689
326.49576
323.53485
287.80988
314.13364
302.02734
309.21942
303.09726
294.30582
307.7365
313.38474
361.6469
424.96036
394.3847
399.2166
397.9085
395.47443
395.14172
400.30267
400.33563
399.2807
401.3056
392.36087
393.0825
387.8348
374.96436
375.4461
349.831
325.50287
323.37903
302.074
304.0947
316.70966
331.21988
353.72775
405.9328
394.55685
352.65536
361.00748
363.43277
360.2834
354.87213
275.59164
302.4224
310.9455
321.6793
351.93686
387.27472
402.5832
389.40314
340.8645
344.86517
331.8393
329.07465
316.184
299.53082
280.0476
322.3316
322.789
332.18216
330.33795
325.90134
327.2876
318.8988
312.84174
305.35712
309.0779
312.80124
310.3671
319.8579
321.4598
328.92322
341.1386
329.09067
313.01
311.434
305.1033
307.35626
335.26285
357.14893
343.92847
329.53546
335.32126
321.02203
317.99805
344.175
345.80283
337.25577
436.5866
455.04648
456.34042
462.70108
472.96597
482.90228
477.36127
457.56732
431.9336
475.3565
495.7613
497.8968
473.1984
444.87836
442.1049
440.48032
424.93726
410.2688
397.6275
386.33167
348.81696
360.4598
365.6924
375.2822
375.48904
377.66815
380.9794
380.9298
383.11383
384.99084
385.6608
383.85687
382.5762
382.08517
381.38004
378.59085
376.20428
377.21494
379.3062
379.9721
379.98395
381.39304
383.39658
387.77835
395.0706
401.44452
391.58084
381.2425
394.14053
389.99258
381.84454
377.0285
394.42584
402.44308
421.32172
430.56665
427.89664
466.98602
483.37607
471.58755
526.08484
528.0348
587.766
664.8319
731.10596
811.8565
791.88214
834.41534
816.4887
841.1185
828.90173
786.1918
812.6422
812.6331
854.42255
863.28406
891.9652
933.72675
923.57336
911.9162
870.7336
863.65576
926.07434
944.8708
1006.78876
1001.06085
1089.6271
1131.2454
1214.8762
1228.916
1241.3568
1202.031
1132.7073
1090.7598
1075.3096
1050.9061
1037.4763
1067.9369
1025.7673
1060.425
1095.6741
1113.4779
1109.5159
1162.2596
1160.2573
1155.7307
1222.9211
1226.164
1235.9778
1227.8442
1171.8389
1156.4552
1117.3098
1067.8092
1053.8762
1038.8705
1029.7756
992.43195
1038.7982
1008.7741
1093.1302
1129.9414
1175.7986
1227.4283
1286.7115
1271.1182
1383.3813
1469.6941
1577.1097
1669.4636
1726.2965
1798.0488
1816.1418
1770.6061
1757.11
1742.6384
1754.849
1793.4246
1802.3737
1831.7146
1778.8832
1744.25
1707.2722
1678.7004
1683.5837
1717.4729
1744.9797
1731.3171
1782.4402
1778.7825
1752.1888
1718.9801
1751.6057
1687.5201
1577.8481
1511.0613
1405.0304
1265.4789
1185.0883
1113.2728
968.42645
803.4069
624.59625
572.295
527.2549
483.90936
454.8685
436.73926
418.94342
372.66266
359.05362
433.00034
441.1664
507.78165
513.93115
619.6398
671.98627
752.66547
738.8823
801.71747
784.20374
882.5936
879.49786
832.97656
912.70624
1060.9293
1169.4551
1383.4373
1431.9801
1378.4309
1356.2462
1249.0369
1139.8552
1072.1819
1025.9158
968.567
1103.6134
1148.4429
1217.3588
1280.5308
1335.9563
1404.009
1377.5334
1285.0035
1190.6323
1112.4875
1055.1454
1118.3429
1088.6395
1200.4502
1283.5048
1307.0217
1271.8318
1246.1099
1180.876
1080.4226
891.2899
739.8373
630.6971
592.52637
565.86
540.83435
495.0594
469.98773
457.1652
451.9337
444.14288
451.0783
465.26886
449.29776
392.57684
420.47128
480.77393
612.1146
750.54626
875.0088
998.2341
1101.4196
1246.7747
1275.976
1315.1309
1404.0297
1325.3264
1230.9016
1145.1466
1095.4144
1105.569
1087.621
1046.8326
1006.44104
946.74304
915.5412
848.151
826.75665
822.26025
883.00085
970.60333
1058.3264
1112.1755
1127.0975
1135.5621
1169.618
1129.0663
990.21814
986.1022
996.1921
922.89026
873.64764
780.87274
742.8166
719.6024
663.49225
684.8747
635.1644
681.40985
694.4187
684.11273
665.6298
693.1231
573.11237
548.7914
520.1621
472.48993
420.44745
386.26883
329.59317
323.44543
395.70322
374.20453
384.43008
396.16287
401.21185
389.4978
372.94962
376.9461
383.1278
381.96228
385.70868
373.1778
375.83606
402.64313
372.51788
349.2314
247.12529
205.49666
189.15976
179.6661
202.3525
221.12129
228.94112
222.5365
196.62973
219.21838
219.82332
219.54422
218.51616
218.18625
218.67041
218.88779
218.55574
217.86296
216.3352
215.62056
216.61362
217.55098
217.15564
217.16402
218.45439
219.24568
219.94905
220.0634
219.68555
215.91641
216.55127
219.11221
219.94917
204.79095
208.51016
220.12183
242.43326
258.80875
274.34247
269.99078
257.42606
242.38391
212.77829
230.22139
220.91684
226.14133
229.35861
228.7858
225.6608
225.40671
221.2565
219.81982
250.73763
259.6475
273.20734
301.56616
244.48442
249.15874
249.7181
239.1938
239.90202
242.59512
229.37935
237.73564
223.33032
226.6005
239.19617
249.67
261.80215
293.1692
291.23923
292.51785
253.0704
240.9545
240.11157
230.9314
227.3992
238.8114
236.89746
240.4921
244.78735
247.43774
244.47498
243.33122
243.48218
242.49875
240.8977
240.33313
240.7091
243.08015
243.38594
243.24275
242.65178
244.09908
245.85336
245.78337
245.41275
244.12122
242.6508
241.57846
242.12993
244.47742
243.74976
243.04416
242.27469
240.51028
239.87717
241.74089
246.6713
245.85489
242.33305
238.69662
238.24423
266.99884
229.6918
219.25874
222.51204
237.90015
282.34872
243.58875
234.30856
254.20749
268.42612
244.40271
280.1425
333.02646
360.85843
456.79303
457.7902
503.6872
552.2353
590.9544
571.55066
586.8068
692.7506
677.18225
667.2342
670.9134
669.8922
695.2314
726.3033
766.634
756.6181
754.8727
727.73254
693.64557
673.89557
663.74915
681.6722
687.81683
673.27124
681.7087
689.9344
675.7782
681.63904
732.92914
805.8654
843.86456
908.4608
951.17755
979.37683
917.52625
853.66876
937.75586
875.3325
893.5729
989.4811
1004.3026
1053.9908
1135.6838
1146.3785
1034.6119
990.00696
922.21356
836.00476
776.94446
821.2671
883.91425
911.8976
957.4243
1100.188
1213.512
1270.5737
1214.9856
1156.4622
1081.7125
972.36
986.00476
1029.9003
1095.9678
1153.9547
1221.1504
1261.6664
1262.8079
1278.3433
1310.8846
1312.9542
1283.2865
1232.6605
1231.8066
1226.9844
1217.3105
1196.61
1226.6686
1213.7241
1218.654
1230.3184
1279.5127
1305.6633
1302.2568
1273.3846
1252.2649
1217.1093
1204.0503
1219.7948
1152.1205
1122.0216
929.5412
812.7445
674.5084
561.69
469.68555
401.4948
369.55295
346.79184
323.84146
321.54733
415.9217
448.49033
554.4063
660.9386
682.50055
728.7031
769.1556
887.4372
942.54626
1020.4871
1059.1842
1098.7234
1150.2223
1164.4348
1086.5374
1030.7028
939.693
865.7964
780.7432
747.26794
691.1188
762.8324
781.0497
793.2453
878.5879
889.4582
888.5765
943.9539
1027.3118
1063.7595
1010.15106
1056.455
1093.4594
941.3058
885.0309
813.4783
763.70807
761.484
756.844
715.5601
661.6947
657.2914
711.2261
726.7792
761.6998
739.91077
737.0788
746.9868
736.757
754.90515
729.1297
717.5983
693.84174
679.0788
608.3059
607.192
542.50256
538.8718
512.8851
601.638
687.28326
826.46094
992.2997
1110.6376
1170.206
1225.4982
1246.0774
1188.2842
998.84424
890.35657
965.0783
1010.0285
1049.0625
967.9796
943.187
860.5329
803.0006
814.23474
830.3172
848.1924
874.2294
871.3574
888.1708
881.5189
863.7308
627.6709
575.6697
629.3491
640.91364
703.07587
803.63245
890.6364
1016.8833
1003.1826
902.4979
840.3128
761.9264
674.541
562.5422
688.4353
777.1114
772.9083
773.12274
828.9823
890.08936
943.7214
878.70135
884.81885
893.9237
921.4733
780.6921
708.3782
740.4813
667.0944
560.0554
541.525
465.3073
413.51132
364.02472
293.9087
254.17497
232.21457
180.40686
225.75674
214.25728
212.36711
210.2103
211.95596
215.2519
213.16313
213.04916
211.33728
206.31949
207.72998
197.03831
206.08347
276.09906
282.169
259.9042
258.26013
260.49985
261.9174
274.89462
279.81137
271.65884
257.31467
254.08926
252.26212
258.51456
273.07245
264.1661
254.23137
266.16785
260.13004
243.6915
229.4294
255.07544
276.97278
253.38391
236.35506
228.24658
225.00528
226.16507
225.88693
226.63737
237.66313
239.56071
236.73386
239.75095
247.97546
236.3469
229.98523
229.37834
229.9133
228.9473
227.85405
244.98477
257.0506
259.53375
272.8226
311.08145
338.09637
310.94174
282.69077
294.72772
298.3841
308.98932
308.78467
286.29373
275.2859
273.6966
272.07104
272.5301
272.58853
271.56586
269.99112
270.6441
272.69623
272.97113
272.65594
273.1022
274.62628
274.7675
273.74835
273.57642
271.51187
269.80112
270.20044
271.60825
271.02814
269.73822
269.97052
271.6994
271.77786
271.06046
271.2054
272.05032
313.35175
294.15338
300.6463
304.18643
316.2359
324.4478
325.24512
328.7065
304.15286
308.58896
316.38785
310.1516
313.0492
310.30322
305.27234
299.28387
292.6379
291.73788
292.92218
292.7397
293.55695
295.02997
296.24652
298.16058
300.45084
300.78815
300.57745
300.7293
301.88373
302.07935
303.56915
303.7358
304.07364
303.51263
304.39056
303.68964
304.88263
306.0663
308.39
308.8932
310.36212
311.2116
313.85516
318.27
336.29584
352.29025
344.30743
331.502
318.3874
371.10016
401.792
408.6975
405.63318
367.3177
299.99146
279.59027
301.3472
334.67352
370.99338
382.9409
376.91898
386.44055
412.8142
454.69904
546.22156
539.7225
521.5419
537.528
559.23865
571.2711
558.343
585.9066
571.4054
594.3202
585.284
583.11316
576.0392
569.28076
614.5194
587.65533
630.6182
630.07166
591.14667
600.8935
617.4482
676.71686
637.65936
667.6378
662.1077
742.2213
712.048
705.15204
731.0539
770.59393
748.4315
763.5954
795.84607
815.4419
854.4619
905.04474
919.53455
895.4393
948.041
963.73535
964.813
995.2178
958.1791
922.22644
870.5309
918.8709
885.9004
881.0249
885.6859
927.7269
905.4852
897.55695
863.02686
914.14954
989.1004
1015.0037
1034.1008
1064.8741
1090.787
1100.0793
1143.5209
1138.2369
1165.8762
1178.8577
1189.1022
1173.1821
1169.7521
1170.2955
1188.2245
1182.9949
1182.544
1180.3407
1183.133
1181.7603
1176.8018
1173.1211
1177.491
1188.8776
1189.1918
1192.9625
1206.7323
1193.6251
1186.0559
1125.2944
1058.7631
999.5028
935.4164
877.8532
744.7584
674.3683
582.07996
517.35016
455.1513
419.69012
387.56094
423.20856
513.452
644.5694
760.741
860.6504
961.0244
1061.551
1177.5955
1106.4341
997.7539
1021.70374
1086.2366
1089.215
1083.2883
1033.9431
1023.8937
1028.0104
962.5249
968.1885
897.8047
855.49817
790.69836
805.9375
824.579
849.58624
878.56903
952.9504
917.5477
993.6844
1023.83594
1033.9282
1018.82404
999.4977
952.0179
919.8592
882.7655
780.29333
728.715
596.34625
549.1073
520.5024
499.61163
548.53925
562.3943
641.8771
700.8817
747.2969
859.3358
1002.4613
962.31433
986.78186
943.09375
937.23
868.4169
828.71765
823.1423
877.6051
901.8551
888.41345
906.8634
921.1038
882.62744
668.5433
716.19543
697.1698
681.4801
676.5136
724.4904
641.84827
634.0494
656.78577
653.5831
677.75476
664.3054
625.5685
604.90515
579.6525
550.346
569.787
564.737
538.7492
545.8301
575.6732
587.12354
600.8465
634.8379
649.07263
575.3121
553.14417
579.05176
548.8373
471.12982
424.14584
411.7027
374.53522
338.70712
312.3067
267.829
258.9308
230.83011
271.53784
251.2272
233.24442
231.8468
234.07016
229.92307
244.2332
257.46786
287.25784
295.00146
286.9986
280.5575
278.96487
280.07623
282.778
292.24564
318.9256
451.20087
377.59274
268.68323
262.3998
271.69037
291.44495
327.33258
368.18417
380.02136
406.7876
390.76978
392.42517
387.81378
378.96545
399.71548
373.77512
341.79315
309.68317
315.5227
319.74838
333.51813
341.96326
352.896
356.4384
351.75064
345.1201
342.6374
344.2755
340.4315
325.6563
315.91388
335.7459
380.27063
373.29688
348.89505
342.6063
372.08755
359.9538
328.84647
329.03912
336.4001
334.97568
341.24268
340.64752
316.0659
315.84824
327.50925
331.16318
352.93097
359.7257
347.26215
368.26688
406.47577
397.86298
431.4462
389.88446
396.25775
401.37164
387.9126
396.16193
389.4766
385.66302
359.30768
365.24738
360.19745
301.0429
296.9866
321.02905
338.79535
359.8101
348.95157
351.8858
363.59888
337.77573
348.04932
352.37164
369.9737
396.50842
578.34875
626.75714
568.9095
521.2871
488.67706
468.8047
464.82062
449.622
450.62442
446.9959
490.71255
487.48285
480.26416
469.27582
467.05438
472.39545
467.3644
466.1832
466.1369
474.64355
480.2828
475.18292
471.33887
468.70654
476.02124
468.4887
474.63385
473.2204
473.58765
468.51358
466.69815
468.86752
466.1646
468.40088
470.89853
475.74203
472.85687
481.01108
478.2958
469.38297
472.57315
480.1547
491.36505
472.98956
463.25195
466.9594
487.51163
488.6561
482.4913
474.03067
492.96768
494.62662
484.52655
474.55597
475.50284
486.9362
490.42026
483.91846
470.7249
475.86728
479.58673
482.43488
483.5324
469.38873
485.7462
526.4429
548.84436
521.7869
495.108
470.47943
466.9848
466.73273
453.63272
593.6488
603.9169
621.30634
635.1767
687.4952
732.14844
774.516
807.6689
881.5492
941.99304
934.65674
925.98505
951.6112
974.83514
967.334
969.2251
945.28937
950.3871
916.47394
902.5708
929.71497
933.3915
921.3835
931.7062
924.24963
907.0467
905.745
899.6994
903.64844
932.9215
979.22327
1053.1957
1098.5623
1126.7604
1134.6179
1154.0271
1159.9124
1151.5411
1165.1334
1158.1129
1159.819
1149.9128
1180.9655
1187.4504
1134.5225
1114.8713
1128.6648
1159.9783
1168.8567
1166.8121
1150.6575
1145.2952
1149.164
1160.6257
1121.2747
1123.2906
1104.4602
1115.0585
1088.1813
1093.2012
1175.7574
1323.0643
1354.5443
1454.0511
1560.6112
1670.489
1723.1377
1819.6282
1864.9049
1901.7845
1953.9775
1986.7028
1968.0377
1937.4329
1966.8002
1934.044
1935.4564
1912.428
1945.8317
1938.9333
1980.8236
1994.1389
2029.8982
2017.2517
2019.4392
2031.9714
2048.191
2011.365
1995.6309
2025.8461
2017.8352
1829.0358
1667.8367
1548.224
1470.2507
1412.8646
1313.6191
1156.2103
957.29004
938.3268
766.27386
718.93353
787.6281
815.4273
927.17834
1118.1658
1315.4421
1464.2731
1505.9646
1647.4609
1732.194
1824.8604
1788.0422
1753.8154
1600.7909
1356.1613
1255.2869
1178.5409
1187.1008
1157.8276
1088.6262
1189.9032
1294.4126
1264.8888
1091.262
1168.6658
1330.8414
1353.7656
1403.2776
1530.884
1696.7175
1655.2484
1494.0488
1468.0636
1391.8187
1215.5646
1082.0706
1045.6506
1041.0363
1025.7407
948.88086
959.22253
777.57056
648.90955
566.21313
616.5603
611.2111
558.9827
520.099
511.46478
585.08
671.1875
817.9166
979.3127
1063.4192
1224.6162
1391.645
1387.7253
1483.0804
1509.0969
1612.5964
1533.2333
1660.183
1716.4441
1710.3821
1713.8855
1613.6321
1594.1091
1630.49
1723.8942
1673.011
1609.8348
1647.5198
1623.6405
1600.5139
1663.4661
1496.0249
1493.253
1455.1224
1419.933
1471.5854
1527.8969
1648.1937
1726.0703
1827.9114
1805.1521
1813.5035
1687.6217
1475.8047
1332.5686
1176.8215
1134.0721
1091.8025
1079.968
976.58875
915.2629
756.1044
806.1016
828.2407
870.48016
872.58057
783.03125
794.9479
714.679
677.14014
618.0998
577.3745
525.5047
444.71112
427.67206
400.7149
364.8649
401.03085
410.83807
424.85968
425.6546
432.54263
444.60434
434.3803
404.569
389.6142
400.3461
383.15082
499.6757
