0
475.87459935682597
476.51396225327466
475.91922971303677
479.34215922193806
475.9679238948836
480.1238120469877
475.9843739460495
476.1160959533033
476.08723189552137
476.59615030433406
476.6818780462201
476.37232266375264
476.08041583584804
476.5123969407107
487.91688412583704
476.65787631393454
474.9869778567127
476.1337234822101
477.6989896291695
475.2111359538552
475.47923227095885
475.6829047413999
487.43675580389106
476.4193002328137
488.51994398392793
482.1022561105453
473.68970366583477
474.00335788131497
479.35788803445786
472.52427800197523
473.81063265417794
475.5923329211623
474.26874828760276
473.4595205106916
474.82427888727597
474.619122091961
475.9663971187277
470.70261497693366
473.3162256520839
472.4486678614695
479.41970405476536
475.64196053050625
474.57588953419724
473.43486493990173
472.1865958807467
473.59592588980007
472.3560717613465
473.6988857576209
472.9492491760633
472.98429319878835
478.80529328192677
473.40145672063295
475.73446495887333
475.606673434578
493.8896512298866
473.53620963361436
472.41020036056244
475.5765774465961
477.79104918410656
474.7704568756629
484.41491537580094
472.7736126373899
516.0794834684265
493.381140768507
494.0619680288673
492.380292798214
492.1734507019512
492.23969247398685
491.93440327631106
491.60963062848606
491.28859331802175
490.7434254152861
490.4756991076605
491.3932953577731
490.57685362110624
492.9870052462439
490.47802365123664
490.8813293000087
491.0686051970792
492.696571898931
494.2022316523877
492.61435136073
493.73157043606807
491.88419116422523
492.1078519318274
493.01515030963594
491.5315506801536
491.6614117387993
490.6982328458729
491.600951850313
494.09765873085325
495.6668647447433
492.19907865008037
490.7788758924138
492.3940670127372
491.8964487097369
491.91442909548465
492.82198799581533
493.73302183435186
494.44156491054935
494.574069589896
502.0017004059413
547.8153769477135
488.8518030413418
514.8150503086371
497.19159298055706
507.42157825627635
636.9733029022428
503.23138996307074
507.4780881070456
536.1018685821847
494.76006735411625
493.8647171110457
491.9899729350622
497.54931761963286
694.5566194924255
835.5089212288758
869.3128447012646
840.8354022375324
581.7417120422195
595.7292700114092
566.3692138877567
929.4960643379279
927.4559863105228
948.3327393704717
967.9889483996806
944.5256939146659
906.356891164745
934.6522141457224
982.5605873858092
997.6024195576238
884.9250148326623
969.639833383219
1112.420778167024
1039.7736509620408
1112.4442046617417
1004.906632934049
1090.879578567289
947.0806491899209
1157.2286987031525
1072.6023081583808
1058.11599734077
1027.235985902854
1052.530205097081
1110.8085230677814
1127.815213966595
1108.6381217568248
1113.1022371750169
1143.3819374035984
1123.0801415409205
1102.9821813259198
1109.3193682326662
1098.936865805627
1068.4200355983412
1065.85871381136
1055.3812306525483
1140.873205667605
1196.0497855964175
1230.092404789944
1277.8250121286053
1265.2181020247758
1222.5523982305206
1212.7764344113118
1175.6090841541334
1158.748618527533
1190.2891045754006
1137.1197450190978
1143.1668629110109
1145.978867467429
1146.3681285376451
1218.104959922443
1214.0716411397786
1216.5499673087359
1176.9229822386988
1220.3039549363511
1169.4344661459616
1218.6968259510702
1215.370944847412
1252.945735150062
1235.2608721652296
1192.2346664194233
1245.2689352424427
1217.9934102003813
1240.1761367516608
1258.4003686675276
1198.935486557679
1049.4892360209205
1361.6276850871052
1417.608740125345
1383.4157119202014
1462.7555896113306
1451.8870507887752
1521.8998274493997
1450.3199107314451
1564.8124101435012
1641.8433550621858
1494.6143012645987
1548.9318215053333
1499.789336535125
1443.27737114135
1533.5127335976993
1634.375933019343
1546.568558612519
1646.3861795483351
1620.112467687064
1571.2323433342374
1661.941792465791
1517.2209966123269
1529.3563621867079
1443.2609913299432
1388.5395108789464
1511.9909208522322
1394.2090005679163
1372.6390852888196
1794.9950278672177
1677.7972683522073
1515.0740413928302
1518.5651563043407
1344.174108811644
1151.6374512380105
1141.966396577645
1220.719201812426
1002.221219373522
615.3649792622728
494.3470942951891
496.0322032312815
492.85911518054206
491.9116630775984
568.3490028375604
823.0482062908484
757.4496952997091
827.3119417001187
728.4121580476788
729.5295353758877
1113.535737123527
883.6243532602937
1277.7016619826204
1352.0400227083355
1061.327099865446
940.8303308130471
1355.972687791447
915.4634076526668
1353.2893859100943
1313.8419685531226
1321.2541798063698
1257.8178044442946
1086.6049812092472
1005.7432095171484
1141.3265379103757
1023.9621293822306
974.8676159856013
1415.2887548234287
1247.4315308324155
1423.9928438796956
937.8098544075997
1186.5336189051181
1177.7186727849817
1231.0464692721773
1229.4162480360453
1056.0925113098394
833.2433683594511
1205.7593434905843
1098.4542151816795
1069.92594353027
1307.3687748683533
808.0910377884754
1086.0712116230181
1160.0571473387954
1213.6949125098488
1176.665462654525
992.7635343300522
1098.0962161131088
1268.043143204795
1111.1421037965329
1093.8628138189154
1160.274308907451
1162.4935183261932
1210.5371491311712
1214.8443789144371
1114.8695479568569
1148.6108028234676
1143.7617841244223
1180.2877461638982
1081.4557771779969
1163.7329479800228
1172.0883305097384
1203.528908990869
1178.0004965668306
1060.496469998996
836.7678879599775
628.1194532129248
535.484289672756
492.28267715662605
491.7217856098283
598.7224004166562
666.1249021862528
692.0565541785995
698.6308651115434
709.7271912372373
696.1095908131524
698.2461286603611
688.2889455994491
712.7546730958761
673.9302402213946
675.5271355987278
848.3218888915203
791.460372686556
655.9238510733861
742.7728848156789
757.9851892065441
784.5216660505275
680.4653620100471
869.3891716976151
849.8234228008835
829.0769224769899
981.1003742687917
962.70667234815
955.2452487887949
887.898628973097
883.7903668854526
796.4649643833922
818.7982978649123
791.1652850301145
761.8802008644382
772.7301796686806
775.8722979102276
754.0344322026151
856.3666395870066
842.6690044902512
800.0524739486682
794.6887517290531
780.2715235088738
771.1136593488513
786.6095653323247
715.9179891842623
747.4396777519803
806.7543773183025
1005.6839034403879
878.8006187729416
798.9972800141454
486.7482002672929
475.78859040480916
476.3845473385684
482.80985786885134
476.0753555597179
477.4167627438693
487.53532126312984
474.7564291446919
476.2904721780285
475.3245934688258
476.642802876948
480.141168794222
486.2854588025887
480.03060163002124
475.25443124428944
475.62984920097085
474.7887414737439
475.85890894802185
475.0542707089855
476.3420181703743
474.8325549519403
474.5540162603242
475.20204850648986
482.9774708941518
460.270975840884
459.9940132509258
459.65184398036
459.6337682292808
459.75916795468083
459.6540949630978
459.5908158177337
459.1887484735091
459.292477519238
459.46663747578236
459.4848256665316
459.36476397365703
459.70948502580165
459.2681397869703
459.82832473059875
459.6894076671641
463.46384964936465
461.65529843790915
459.1512580564805
459.74989160890976
459.22313691666903
459.1298570561059
458.7294378284464
458.95637898185134
458.9522125899271
459.0726122264207
459.24857477174726
458.8952619601807
458.8655993839437
458.89931631962776
459.221356817217
465.1252841455948
460.20374683770586
459.61185340753286
459.20165656463837
459.24599576426493
459.2810006461738
459.9251238659136
459.43759993010667
459.75164951635304
460.11874584762546
460.3710360443345
459.6107085106497
459.2645032048214
459.5418651081803
459.4832025052333
459.4673654310452
459.47981350987675
459.38370448494277
459.3537749946383
459.59149635742574
459.33779882493064
462.33949191883534
465.1009640028997
462.87178071023817
463.5476385768891
465.7503762053503
468.0215370604807
471.1799611033292
468.11168004747327
464.7971303494943
462.7695201355797
461.75894430795796
467.87029247750877
467.5389922883935
469.63508771833517
478.68590471929656
469.2895992975012
467.97135111839106
461.56098239456946
464.1917056377698
463.1961647889691
463.58575637433097
465.63982587196466
466.5714525751834
466.39354787695095
509.8892548739999
469.38333480638687
464.20946750742075
462.64377730508954
492.55648926059484
481.3254177531147
480.8212188586177
479.8277310022074
480.33152720659405
480.4845670864929
480.1250212483532
479.50074140472503
480.48844182676004
480.74757218163046
479.8555584984341
479.67910518309947
481.69443174223693
479.4614389487529
481.1524394364063
479.393555617592
479.72871243364375
479.9222113555869
479.8600164924407
479.48955963932576
479.37954988601444
480.48700478812094
480.39137538134577
480.3017867077308
479.9946462911675
479.68105282508657
479.4448470646401
479.8388200564944
481.32103833242576
480.4982006979729
480.20255364970524
480.34656657038283
479.56413643698704
479.6518128283072
480.5699772389343
480.6304464945911
480.74938933056933
480.03966229807776
480.1774939700871
480.4372870159687
479.708493536441
480.2826246110786
480.9591828601141
480.4878097071672
479.4996571036872
481.4456499587873
481.41770083350434
486.32727949519
685.7004812503762
653.0860263044045
508.33421571493744
482.0304102122048
483.6058307134443
481.36833292893965
481.4672578874911
482.5865557622008
481.8847827593893
489.0857545142505
832.120455432841
823.2008581241892
845.6477048275342
872.9890068462358
849.6226064435796
894.8913109114405
782.5752518785143
986.3185650440778
975.9087045069986
999.6671629976518
991.0342709462358
997.0103409513358
1015.7831315310455
1065.9342995089194
1068.601801789592
1051.6172653713513
1066.2329981718938
1027.610965756021
1074.9068171744698
1038.983886639154
1072.7638246207923
1016.1466324073001
1031.4999221400985
1138.9838255438522
1128.116146065511
1097.8725582369834
1112.2353580742622
1141.1921206671702
1162.8229552982827
1150.737974164387
1151.2384769760163
1193.8620599087028
1220.9723938065094
1329.4842682599362
1285.9849366842373
1283.755919455273
1272.1077558081522
1223.6913302141463
1331.981697098565
1385.8033683773933
1278.0935041431756
1326.9292279389697
1372.6085762446623
1320.7203318979768
1355.8076952730305
1327.2884406749197
1366.817598092888
1310.1766080980726
1313.6152441657882
1324.6962008549629
1376.680515681229
1374.230109364749
1264.470376559447
1337.95464478588
1299.558286395859
1396.317615030158
1505.3170060777836
1507.063563670891
1550.6567055232933
1299.5968530951334
1368.4995935371855
1683.1843426188468
1617.2375787785022
1581.7114181742309
1502.2084274990514
1507.7519281710952
1428.2921324257738
1463.7387753054313
1490.7598520902748
1649.215742600621
1629.5072407703951
1587.7931582780463
1715.891603342718
1726.1583030448935
1592.4008257023881
1634.2348205740896
1614.653944587489
1704.0814314200416
1611.2088283556836
1586.4521711750147
1602.3715396773562
1650.2077445850464
1695.1072384450433
1672.99688775364
1744.1119253477443
1706.1996451422942
1706.1320787866873
1687.1037199985353
1678.4721289894937
1712.7635675998788
1715.985461535673
1314.288308963786
1332.1549341541565
1154.2163835741178
1168.7076976264623
1127.4704744006417
794.7049802994219
504.78433229609556
516.9031696235073
491.12359031310734
481.8353704503886
491.62221138560216
704.3634592096796
768.6929204134569
830.0357831916824
764.9033824498732
792.7872852456096
854.1852700003938
1330.6879167172508
1125.4326092937458
1263.2263572048796
1145.7680314564655
1553.8119600082925
1286.2168520347575
1242.625690448378
1039.0889690076672
1341.1059562788816
1592.6636264310368
847.8717081864907
1352.9359751268896
1513.9619917063246
1719.802002543408
1250.9330507621196
1257.1043411360577
1145.5838077587673
1634.1106785602033
1448.7196475036646
1050.8180706439946
1626.6247135720264
1431.20256984692
1656.3804250228332
1473.4108284898155
1296.9969783443119
1644.12460463208
733.0657072616093
930.0253375518834
1123.8250753501054
1191.304180265345
1198.0543709240364
1163.3575770905375
547.7301978681758
482.6415156567909
482.29378249303755
497.5233722718923
489.4651203440036
488.9920641200945
504.83460938352835
519.1423256793372
576.3435177107226
555.0097194856602
643.986908048015
775.54011798584
756.0944030023876
822.9944430901008
792.5033931644773
841.497057491706
854.4131164146975
839.3141531819717
895.0523273498957
896.3668085346586
815.888354878956
749.1139406052137
898.3513635686477
931.6320205849557
872.6846423149541
846.1886355654606
767.0104300530484
740.0319705582303
680.5165651898999
872.485864165177
696.5148559672795
852.2967717193053
761.099216743769
839.6462539436411
831.9802506081403
811.2717418440631
903.2323220526991
902.3090132862778
845.7647263414422
845.9396740674053
844.1462352335661
869.3254696827416
840.697405854133
679.0521734565277
635.6380036298639
952.7740271543729
656.1455758740562
942.1385905285731
918.8357067022448
1119.6795739873241
1124.5509993323876
1232.6720988835675
1163.5641245315378
1166.8447866287836
808.6932882578617
776.9564004875122
474.08264416337016
462.16322019421887
461.85415884532847
470.1559901755272
466.8376856650554
462.99310415297623
462.92773875383807
462.5662050240852
462.1497052045536
461.843959171748
462.4980185920166
463.9480515789756
467.1374813636652
463.77289130181134
461.9756830290911
462.0809615877892
441.1112645103943
484.7283719908818
484.5928111179014
489.2404716830214
484.71441295660543
484.97937117438477
484.4770004138496
484.3659080920344
484.3228336692494
483.7058608883488
487.979405982649
482.7772300256035
482.67611573055365
483.7918731799628
493.59891894391336
485.81181309618347
482.76923131958745
483.63465795774755
485.56675918933405
482.5828717814591
493.282477786514
492.4732320377753
489.9155434460159
487.1820258251952
487.8252146104492
487.1301626040822
486.9213718212488
503.3873541882685
491.6135574006474
487.7369866428871
486.0158616101951
489.701953900714
485.963270181533
495.0836471681198
486.3211620699065
497.97782578210166
485.0447656463609
483.94757681682796
488.1307276915467
483.0092555786854
505.0686583540431
500.1455218192044
488.79631950769
485.99839302726065
487.03417415145475
486.3207412992183
486.8041297286198
499.378473563613
488.9043128846877
488.8694156540561
490.37227781386093
490.61182106182514
489.26973313916
490.5311410621958
488.3689579938125
491.3391055687689
488.36329826704
489.5500589808177
490.6257617164539
488.16424276622223
490.00722483460635
506.8509338959829
494.2504773498536
497.200623644788
494.2922460677573
489.4989765467645
490.5796779358214
486.9734516247282
487.721425286714
487.4490948292177
498.1592180147538
492.48710157731966
569.3631312379686
542.8988648566514
522.0501326069003
505.3888205224944
508.5358346615039
503.6375284311623
505.86133144316506
506.1534045357172
504.4323295622026
505.70369708707716
505.72193466834716
506.88561545971044
504.95320557128207
504.1364430672931
503.90869988122
509.1996260022579
508.6010784173781
507.6651082379288
511.85971003592647
522.1147807429068
503.1903627999428
504.60497393264
503.5343517374081
503.47008101005997
503.19459359703734
519.2141940202815
504.09901930022306
504.25232873347744
505.29054963524976
507.7489780931267
504.4124265285331
504.11948024358657
504.1274303698765
519.858264285516
502.6420277549836
504.1122831253529
502.53780418145743
502.0742955946383
502.7652802776777
502.55481083904
515.4408911098543
508.171693183343
516.1198235084479
600.1040862464146
659.2275094219492
700.373891485708
602.41113975019
501.9381186824882
531.3792606752983
509.622194211517
503.7089474108367
503.77938256190055
504.4253048125656
505.0819955224512
916.7916631435227
987.0485546400008
970.209339469662
1011.082226794232
1051.1902821201525
935.7443974074048
978.0091925288228
1033.7675490847319
1019.7358663067236
1035.8602735343802
1094.2179632080738
1086.6367005552506
1041.2792983902723
1055.9141720069615
1059.6198022496994
1056.9986299549898
1054.3606198886198
1080.4620213082205
1141.3569408422231
1087.0934309341758
1121.3844780107556
1111.6733496370362
1087.4417214688888
1111.160679652806
1093.196219728503
1085.10116285419
1109.2977845818164
1124.6366434063968
1132.9146225034224
1093.8449346715868
1179.5051519159822
1297.0052746609176
1303.341568105258
1363.6551339785506
1367.0514037002777
1287.9026070336
1280.573020835208
1260.2677684214352
1256.5518690752576
1347.5514699543965
1333.69280649951
1300.5573846150696
1329.2315570087412
1283.0281144534508
1313.8002953730756
1325.7433146923074
1314.1894338972695
1329.9905015866566
1340.6529539358476
1364.852992428668
1320.506325009721
1319.0775042771027
1330.9605441816739
1305.2563570702266
1299.7801134387996
1308.8356984292416
1278.10668892573
1371.8596162029241
1220.4315912549312
1281.3046650644117
1389.3681091481883
1515.5563727165352
1569.8007655493268
1486.574525232112
1381.597273341028
1475.3346020436968
1510.0303976059997
1486.111144351487
1494.6711249001623
1552.7454399654148
1563.4963732160857
1542.4052692076668
1600.831136639652
1599.1857409028628
1675.052782727565
1686.428896270378
1633.6830124750024
1603.637266145666
1678.1868097650893
1611.0683911576796
1762.3237478979006
1725.0138301056088
1650.2243646127774
1694.5541392932869
1798.170473243782
1833.9490656426829
1698.43063765315
1672.1523882177842
1766.8858347637617
1876.6209705640895
1747.1875647364827
1286.2491840109394
1082.31719918265
1147.6138054225996
1070.5250841852142
1104.7161916868945
1012.2745238193085
636.693523504538
509.70747189483194
515.3199624331174
504.7219173930402
520.5007762660197
509.3452168652885
513.4927842525166
504.48303458649457
562.5668158238126
520.344492414088
503.6509626843942
868.6094495712938
873.2324704969346
739.7663233599106
749.7480572059936
970.7314934504822
1130.8642544434285
1050.328984520166
1454.519814780005
1317.8054731151942
1023.4752026998407
1194.466236165355
1023.9114993310599
1162.912361217827
1142.0776679818352
953.4123511632962
853.9782670160434
1628.8964809130991
1138.0064106746927
1298.6218405322202
892.1644708441498
1075.5920408354232
1156.0741196391205
885.894508112283
1676.7532436161837
940.319685695666
1206.6609830525347
908.7863602262311
1490.3197403365273
1130.8443934903535
792.2676167234035
1347.4263602083106
1137.0523759356693
959.8224896044686
1198.825313148059
1040.5167950859131
1191.9405174520343
1151.531644621263
984.4805855857547
1172.983506169585
1224.8846489293517
1239.1442935915175
1260.3564119602793
1231.2027557375388
1282.2049213826424
1177.0118403456513
1217.7241062186476
1227.2770905096245
1163.3110744595713
1315.366767653233
1275.666183225209
1370.9154031505504
1226.8449919129232
813.9392362435927
605.8943589728955
734.0757770072364
787.6117413303097
807.9700007607854
692.0137044419354
758.1838150492237
904.6991390209463
963.4502736078829
848.7594960079474
778.2000228243556
748.9330808308836
918.4452046824043
974.1669712654362
968.7381952480131
832.7959327399901
980.1793177856797
1090.339830233723
1076.5695951233063
1040.400552688188
832.2141997170985
794.6715341044584
755.7170177052287
822.7512506762695
845.4272528283294
820.426479949579
841.1690947181486
917.7571271654916
788.7699228978207
1071.430027374712
1063.3214365533133
1087.728528325772
1061.295633936223
1058.5024559507758
1021.7710958000085
840.5524664466933
651.4812500434624
626.6469325495084
716.1442141110257
1189.704360145633
911.0360607929109
1118.7150446215787
1065.1709922800308
1183.3030307911206
1169.166634310656
1147.9637587255336
857.9374680998606
647.0465301981409
499.0499193007149
486.69448677038105
486.36424395773935
483.9138899840779
487.9816420957954
483.49605087457854
483.349781172422
483.21382741929114
483.31504415026546
482.8340167523597
482.0808750095402
481.72447434815575
482.4190413962591
481.4953267158384
481.15313351025253
481.62387022588786
482.4358028648376
486.5772807100889
457.25737505147424
457.6252845526413
457.25699724155686
457.5511853307433
457.45865444059746
458.31792993693983
454.7319060567676
454.6774790738285
454.3195082326991
453.78630936150796
453.82268286715134
453.56449212206087
453.7617068769628
453.73876988485443
453.56746531604165
453.49717288742016
453.29513864329124
453.57848691434725
453.6396403216578
453.1799494874837
452.8346773355903
455.4875896820864
461.0737014226026
454.38435005521114
453.3178239244612
452.211934500601
453.20448507616175
452.3196731524988
453.0512941993943
452.0103740710486
453.6890370377747
453.0382134318372
453.78100914107677
454.6932555672331
453.03290597098027
453.4139075366563
459.37248618872485
460.6770075209379
462.19318865987054
460.36497445206015
456.37233831453784
456.2223867474386
461.8352872203129
461.6994471621367
458.1960631187735
460.7481849936838
475.8519437796637
459.6146291024754
460.7163339705824
461.3372630535738
459.0163982909355
473.4254100034518
477.12982853036476
489.74131823625294
476.44624404965975
457.84631216027344
459.5086438367284
474.5417687885908
472.55816921618805
461.0820227185948
457.57162930910306
461.2453851997091
497.5084920782554
471.6657875417977
475.94334015105625
474.18508361755744
461.8373246172062
468.53933984190945
460.2589304338719
464.34355530869675
486.3652543837537
468.01163672808804
462.45683904332475
469.65457348259685
469.63405509384984
465.3814066086119
482.80152067414485
475.42240175313
567.8170389697108
510.13113725686264
503.5549527813855
550.6882805293175
518.054327169721
492.1842799535463
484.04529315035745
482.5113782332525
482.69238834480785
484.1556744564105
484.38305973710334
482.4967056226498
482.7412677686553
482.0988228634206
481.9765121800437
481.8375219184524
482.345588141548
483.631507449118
481.9390650601663
482.0474572502026
482.44018577924385
483.90511561033435
483.4420428539174
481.81143274207807
483.09542983646037
489.4930606925633
482.3685985631177
482.6712197663178
482.7775881027634
483.62980756691564
482.7383441636141
483.1819992861213
482.3009350248358
482.87501644624524
482.09759024119273
490.86952825434645
483.7109583761071
483.96979555361276
483.9282381740129
486.93501453492223
481.9377370237617
482.8430114347863
485.17161879791934
592.5411198708391
764.3881457782585
580.7312335565981
651.5950902823193
547.4700457621097
578.7128264037817
774.6404380780904
895.9045100275987
953.4805008769706
956.7889022914428
1002.4156674467249
988.9625490386105
999.9502793895014
1005.1757526231597
1177.8703326393456
1142.1207288177793
1148.1207699681643
1161.687337089956
1145.713237015943
1215.8299373352745
1209.857364042811
1291.0327272575903
1189.5334660026867
1163.4715080630397
1132.0988930574724
1085.896802640608
1131.9855862847073
1127.5898844353417
1162.5325933436363
1131.626890331934
1140.9211121648125
1187.9333663961993
1106.6648214014397
1143.9170283924914
1214.510513511879
1139.195096025294
1192.3068033413126
1275.8290718993198
1248.071730442776
1263.8590025365834
1256.1980441787243
1248.3766254150241
1293.9560478217084
1225.1769362534935
1219.8915350575596
1201.1665680286421
1179.0789087496244
1350.8045268414426
1252.4995332834344
1219.8988287628392
1203.9440850435492
1238.9019799885693
1270.9757615504907
1214.6668785274762
1309.275716310847
1278.5462262299088
1307.0413300789749
1275.7607020157436
1278.6763801429477
1282.1738231435304
1227.9364640829576
1287.1630124075998
1334.321443669181
1272.7779286453713
1320.9351280180497
1324.376179642486
1322.0309825328916
1482.1064668031586
1579.6315333497664
1523.8026792960375
1402.0306620158794
1357.8177594135266
1529.4650731018833
1534.644064340076
1503.8830645887845
1555.4395116873845
1448.9893351542519
1601.4956045814354
1645.7102773619451
1304.2393038475188
1487.4257402773471
1430.808462255669
1524.3784831798187
1530.07783337624
1566.0063118165995
1501.2049629993028
1511.5799966799043
1602.0435492634863
1590.395959586268
1617.7559804096657
1551.040231406741
1352.125022701057
1506.4600738093475
1522.1521328271074
1539.9557346460942
1436.8874152077422
1459.289166340159
1172.4818476398357
1156.650582765869
1221.4637275571936
1108.9130004048784
740.5221730147049
572.6935170872167
510.4993606629297
535.3431292764521
503.8239122333913
483.8542002993669
482.65837684822424
833.7538577925876
1139.178662836772
735.0521058123512
694.7353980445758
981.8941906039639
790.3328080110817
729.7877584550766
840.5445253083748
1161.9847486355732
1266.2615063018345
1248.7939472802384
1254.8711129126937
1106.2448210918897
1405.215387680005
1005.8262224248741
942.9499710969518
1316.5542942392192
1282.8450311547892
1276.7477230347374
1040.8068449519055
1060.562914834041
639.4893715494119
1350.2755719747804
803.6420992906378
1303.5145325974402
1319.5262184007895
765.9830018845597
877.9360229819309
1115.0392804156793
1064.6144779964368
805.2389101089454
881.4367528148792
1046.6924485692375
1111.5386573818612
1225.6708099363
1229.8123810807476
1178.171647133978
1097.5716442240735
645.6300972760351
615.0662708616132
626.7901144391262
503.1551391403899
603.9146812640377
763.0655144556857
861.3686420528779
879.2135429368137
858.3747082801407
697.2280503931809
878.6632907717184
810.1373415726129
748.0667919065171
745.5510806798417
749.2804074293055
700.2567674285277
716.4572161511024
834.2750458088944
914.4625479329762
897.6147431939298
844.2532637688383
828.6388718891476
867.3962271065983
804.2835388652909
730.5943609654931
709.9370952318711
805.1119306169404
777.708250744185
823.7105289319896
775.5865256582454
753.7802460436891
655.9322981183633
803.5050605595787
806.3159429903513
910.8171514848002
896.2519460860403
857.4297447902217
868.6863807116657
851.6713719823556
907.3916755721841
741.3467884382608
620.7331505952355
575.1993584339532
877.8219341097487
1008.7155899042036
1199.3955360479652
1135.8308705781335
1146.0465138096051
1193.0953075341392
1129.7635014730558
854.3362861539789
456.22037663279156
456.43730895847034
456.81895399889015
456.9120604026082
456.845573274868
456.9382797087463
457.1615896483511
455.9139917032304
456.4726662400219
456.34007396214145
456.297292358422
456.1008978099113
456.34713851566664
456.66187131217646
404.24192877418324
446.2873746820021
446.5034497957769
446.21937816995546
446.1615389084907
446.4869266831974
446.0956810196339
445.99255932327173
446.0857108244852
446.13100453548367
451.70585479285774
448.46817977358444
446.8930848940764
460.8969734232694
450.7967645070365
461.68901737018336
451.39357858065125
446.4959082945968
458.6173096933625
450.8019067697361
454.0963797301872
460.13870487196857
453.0102316034852
458.2070210931028
448.9365968789735
445.7447488233083
446.4854991101315
446.87753847979707
446.73834914909327
445.76786310139505
451.3631329154464
445.64017105627664
454.29313357312293
475.0555146737573
447.54625323650515
447.4386249647202
447.37032315125725
447.9820109384601
463.0392397468996
449.2041026998769
445.74666214650097
447.5312647369976
457.22283406484655
455.5534962028723
451.68244701193555
452.56529135290776
461.4024709837148
449.31810542702857
452.523734723649
459.8477416758558
461.80002804785505
454.3228779062057
456.2235592417561
456.16736579096784
457.6768907417377
456.6586890696193
451.1359469670617
451.7738947993189
448.95959076695556
459.90726039155453
454.46457235658477
453.35127506069296
449.8341993301798
452.0697777956535
451.0866360272315
453.4080836405599
455.2644729073884
473.97195861541286
457.7598633148564
457.1798846601747
464.71324384512883
452.0775187722537
454.54764496627854
448.0130995592393
457.02675767494355
464.6302292002559
457.071024068764
473.12777720381064
458.2042784660925
461.77816476371174
453.1972465351381
452.5078183001294
455.20261096532624
474.2356249397455
478.50186900120485
465.89659828663196
470.72928181178133
461.8258072809962
461.78117007295333
462.62192526328766
461.8696163477467
461.7770232658631
462.51313853475136
462.62857757292477
461.2944419565524
461.81967217177663
460.8456972008562
460.8812401596198
461.67773722280253
460.78551225105906
462.1069457092701
461.52942569661946
460.8056887319509
462.0044464337866
462.917907017589
461.75038531049904
461.38357984092113
461.4419538383879
461.7126370700611
461.6853133925988
461.2518965528337
462.0020252211354
461.7879963876045
463.1302400153564
461.7929421384476
461.80800357680346
462.25248894338495
461.7371601873278
461.83852383305265
461.9527374160064
462.65653225580127
465.8366838780375
479.29947819236577
504.1246247938418
469.4018000595396
575.8749946671478
496.575404298988
493.73606373443135
465.4754657483635
513.3478858258001
852.5495469601943
770.4760378163206
899.6802226205219
811.385320750817
888.0760261310185
780.7353982458618
894.2915581570904
864.3241152365023
797.0361653566271
1028.5789002315946
971.3905098659667
910.4376543878615
939.5531087780829
906.2526475347037
924.1944278977427
883.4708173611269
934.821795409728
885.568145186544
934.8966197614972
933.1937009421014
957.4373387173315
962.1807906205912
940.2493379752149
901.8685327694969
954.5072084243858
917.1347874893773
944.2219202506091
904.0683481735103
962.2586445602809
942.3724755885897
1013.7724944205942
1036.3251958171347
1053.6573342123613
1013.4824059787635
1066.1030209974674
1060.6971567879505
1062.3257722427961
1117.332052798025
1023.811153226569
1090.7321018231416
1064.8618296618852
1138.249736544645
1064.8690702018948
1085.136397076697
1044.0460653150196
1096.144715210894
1151.7951403523923
1082.6159180673328
1080.1777376639902
1079.8721240954237
1090.0915280699105
996.2986335524641
1005.2331529911559
1093.968375330459
1002.1370217149532
1090.8589209955746
1065.9358055296686
1228.0315352867135
1125.8911653477123
1035.392506522169
1355.3711625315448
1388.9960844928864
1448.8581411094326
1523.6170361408772
1443.46795430375
1392.6703111351596
1454.5227399659993
1387.2264303028765
1465.3038740589716
1407.3747716647806
1448.8981219026982
1353.4142351508776
1357.002489419061
1448.0800635972935
1305.5491199253047
1343.7401050596477
1510.8957088483908
1445.7401310822713
1558.8598277872782
1547.2484067583096
1477.3227984869113
1470.8556265259426
1486.5782993442158
1461.694593974369
1563.1432435913948
1427.4163866915128
1345.9188318715812
1479.0625657799196
1447.613739427175
1390.4856110766752
919.3954201756432
782.6368596432554
967.106811684148
926.759979642159
1008.0671325145717
721.7112131205935
478.2092211755235
498.60167226970924
491.1838152351163
477.5316899590017
481.26502474480407
556.9120740183471
629.0860940558288
994.2592532021707
829.3230791433597
658.5574971163576
848.9749511944241
1055.4799892326182
1012.3511184052328
630.8376436529245
616.2682927485865
837.7957432151042
1071.392781067778
943.5192475378807
795.4822776629575
1154.8077428693523
821.1813054295392
916.0579404852286
935.1120404349207
946.6920456240179
1120.387514596062
819.1057298458283
808.4391897443924
1360.4312978506807
1143.694133358332
865.1953749094921
1109.64834591062
1068.044380997291
873.3026847385075
1146.8988459195673
1161.871823799707
992.6489612272272
984.4157006390859
978.4383582459212
830.1628416042188
911.3411538539866
867.9197385521202
942.8949918450957
956.2538674818251
562.4205966481121
861.1389089450992
939.2361218016364
886.8992073888184
906.4972930542086
880.8898904134118
975.6251689797663
892.607222718074
899.5754248974564
917.9727009832328
898.8139889292491
972.7197791201964
872.0525727125454
868.0760737066797
892.874560378314
927.1427459384737
905.8408080910175
959.4659206990212
888.0841406074791
931.3120825492416
522.7525903929992
764.2249414654203
645.1382847131397
466.42130861267594
462.3435830747488
461.845246023408
465.75529459686317
482.3746768778831
530.2750208483473
633.4855408438333
586.5218607231178
639.8944189886375
575.985006173802
603.9630304947269
623.9438303401097
602.9275296376575
626.6275098084976
621.3723145115189
644.7545429466162
629.286322844154
686.7196689536594
619.4906384720222
634.665462655517
630.613056138962
598.6618526439786
691.5892831652093
675.6331386144811
666.9003083118529
634.2828857950897
603.9664091081312
638.2409577037054
662.412096297155
617.0200424924066
559.6069150680763
611.4232916586047
565.0157833023634
667.0207766065753
605.6325543675703
643.7589506183924
642.5318491002121
613.1560256038903
609.0694711873763
595.2913537609887
645.4224766919609
636.1204911701353
661.9757805599573
618.2907144543766
628.2401254621888
625.5181112514339
607.460438242516
562.6509130045683
568.7639522632568
541.1112771699604
518.8326837340601
480.3902782447077
646.4740380236611
867.1280483269107
821.2925322314032
920.5608859821328
988.2382615121506
941.6898802662355
1008.4732243265233
964.3248158588714
872.4474825528044
825.3453237958846
615.9260987352064
464.46562435875427
466.5321402134382
462.1353687590946
447.9146936614394
447.78571809622275
448.09467572705967
452.98097792045456
451.58692951293324
450.9734423921099
465.69797423334546
451.15208725739427
449.5954943703178
448.5743844525483
448.402481367692
449.1432926528944
455.1115175354398
450.4519765813026
448.70366009607915
448.5702673250753
450.5371628543776
476.8625583914248
440.89756592203724
440.89533987166124
440.90748025236485
440.51877397609934
447.81405912888323
438.8998667777211
438.9812427140742
438.91745786628104
438.9576940759568
438.78610772387043
438.728152608327
438.9885756535511
439.14205807538855
438.95986812413713
438.77594153159407
440.6809549080175
440.7426948804671
439.2570108812471
438.9424790024423
438.8844884376069
439.2238817224904
439.0380774022836
439.1144393507778
438.8040071524172
439.7790877672108
445.3101704002731
440.4472402154689
440.67388127809943
440.496556046557
440.44094433506706
440.5079791986576
440.5781405646912
440.5573506582408
457.73639195429075
444.3075548558774
441.4425966315135
440.07324250030734
439.9429820898902
440.4004490685346
442.5132520312234
453.00594888404925
465.3308139360217
441.74820881107075
437.6205900750122
438.19697543024785
437.59900922215036
439.6458827646005
444.7018878927985
438.9475564157862
448.14404752538513
457.0207356591896
436.09496386199675
437.86021887605034
439.557392229598
436.891260131625
441.9005573366305
439.19882440575896
437.82985444459877
451.597577049153
454.37192481376997
439.3892937442547
439.59954756867336
443.3852350506678
438.1486244148907
439.87104243143074
439.25108503388367
442.2126325250557
444.5505063067876
459.3247639195033
447.99279706219903
443.0353750530191
441.5937877015513
442.91429865020365
443.5794256154343
447.7213935683584
439.9611780815681
459.86592193966976
454.0440280730417
445.1098188614372
456.01544510647756
443.001158094555
444.02747006260057
450.877637158264
442.56411292359263
447.41457122081255
503.224062674483
459.27025828453196
470.37736777476704
463.5717604474278
456.6326763755132
458.273180667688
456.68681505516884
456.5513978350415
456.64762211810154
456.61816075907444
457.11425679350464
456.8984051362513
456.75639756609945
456.3880029647044
466.3779115553978
457.4845485399142
457.5344926172883
457.0751928396303
456.72666196881823
457.1027625913485
457.10928275444763
457.33974184721455
457.0642219965159
456.91413186058435
457.0609531662634
457.66617349419084
456.81242572376146
457.07586956906346
457.9392420009494
458.01033445394853
457.79699147999827
457.34154600301343
463.17917320233136
457.4875771773495
457.41307232768196
457.58941788723257
456.8173004629967
456.49606043323286
457.41478450496516
457.0109443623478
456.7347513000271
456.48094935802993
456.4701419787559
456.2942598416589
456.54383281954574
457.1367877870087
456.43842265509005
456.41162502925005
456.6010664598618
477.4088172817729
512.6202080784456
454.7416227066638
495.4622155274715
466.6513458046282
575.3526945660379
630.6334325269182
472.7800775495096
461.7451905174177
504.7619532413615
744.3775275046343
945.7715101208354
1097.346522305453
958.8764130934024
994.1219948478061
947.1316689088504
1006.4718039310259
1010.388145685611
936.7543531039831
1063.0055884146502
1022.3932419802439
1122.3159002722066
1226.7148654565767
1151.5923261714524
1024.2316899501636
1125.5868194670873
1125.8527464615838
1036.9753127905685
1050.186174130472
1108.665216803695
1026.7889486113122
1074.8719800644253
1143.5597849502972
1099.5344822669574
1146.9962940324672
1063.117314516594
1111.5171701892814
1128.3585856379477
1072.1876525454475
1097.9807702590292
1152.7700819170004
1225.177228015537
1214.536824770012
1209.5011125813928
1253.4044460135906
1192.0095881097375
1249.514830905134
1210.6551223118386
1258.1206209930958
1200.1411071002588
1201.405632566647
1275.3618822525902
1183.9176144361388
1253.58874095902
1231.235674259386
1227.4797429559878
1197.031765443666
1227.5749612181924
1229.863703255969
1222.236071593677
1194.187792230456
1194.2599099217177
1257.6469935411433
1194.1690448651805
1159.5363224403802
1199.5965214014084
1228.593296406692
1202.632860374725
1187.0402478757705
1160.2702218667353
1318.4580453087895
2022.827010815927
2264.9412742181016
2472.230829130435
2597.833898857825
2351.3255304666072
2320.695193289811
2138.650140019734
1690.9270175808044
1903.8769782604938
1700.6132401624675
2101.2279776035
1914.9278853977385
1906.7595575603655
1894.981071619556
1891.1822657430394
1963.5484121714248
1998.7325628375322
1976.2172074339483
2048.180596149201
1872.7305813537923
2003.2290758088889
2002.6518277679866
2003.0858592389711
2019.1341085407548
1923.9071844393554
1957.7162227010185
1821.190530562092
1795.688615398518
1939.7136494582146
1951.3944718489222
1228.0031255621357
1002.4178748896617
1056.3489218774507
1083.6387907174778
1107.029500138873
614.9982084145292
524.5727904254458
669.819737058011
479.1333116344686
460.18375587931826
460.49165095827306
762.5621914512823
703.5057430400773
601.828822389262
640.9416293355022
677.2523207055743
814.0843239389001
940.0258001078461
803.0353758055593
1003.3936852509006
1134.3205686889112
1252.6879030310254
1025.896944972188
1295.4476913786068
1110.2881083998632
1037.3998698863682
652.9681471976073
1218.7662413428561
1155.70748800654
883.1975996913023
1449.6570066871193
874.6959526894785
683.8511475934299
1439.2580452084467
1166.6242622707452
983.1350491944785
1176.9946440012131
1163.4365140436782
1249.3732832826413
1636.638684767021
1420.8139974174042
940.6110275784812
986.8608239668296
1098.7323655094099
1142.3940718820324
1153.213259809006
1118.1953165588457
1088.4902950387764
1104.7569823271067
1160.0959894353061
1207.7384059100316
1117.2281712385316
1128.249254461508
1192.2421702665383
1109.3864604963585
1174.5656040635345
1141.7106123856468
1196.2018266668836
1198.9597999027653
1148.7588613698533
1238.5406829551848
742.1539629406864
666.7367997558605
652.908797747357
523.5186292586322
614.8412590499762
713.4817530810586
697.9210358039187
638.579029378091
682.6589177344362
724.6407262407562
724.3990914320879
721.3465378850483
671.5482014081543
712.3514907936939
744.4614472070972
795.2093677152872
739.8709441556381
728.148591183514
698.695224683049
733.2479759667925
814.4647965902617
761.4580313839824
764.0139843656763
734.9513319207491
755.4427944084654
728.8703056498609
773.8454663136746
685.2651519421281
699.1754228705151
666.9203408720283
738.5764853883755
748.8461333878162
732.9849666937702
799.6024778097782
801.2641447927043
803.6580558693579
757.3068884094631
771.3863457790761
785.6017736470784
777.2637599074995
742.7112922520586
705.6031181022529
706.2112641032558
598.3819535145199
725.1900103654851
995.5341848895399
1046.8082555785686
1133.211906145393
1120.7409862082882
1176.222118113161
1149.332273808028
1141.4022797729003
973.9559157780844
543.5002112640053
475.55597614107876
436.18949794557614
436.0308474648014
435.9899688622781
436.2089422060256
436.82936370298063
436.23001540007726
439.10625929339955
435.3344969770076
435.22457759310936
435.1747372165551
439.5840320318152
437.9189389065827
436.42647187270995
437.6332784583329
458.98700613988325
458.21170105050606
440.508682163586
483.63896721211404
448.52486786269844
448.5982557549786
448.75306530546396
448.54168155566197
458.56936006272787
455.46620167166276
448.85199332785646
450.1369357503596
455.36552793309556
449.18845764669715
448.34820845828096
448.58177183251297
449.6962269930582
449.52173537064084
448.88518913347565
448.77374618932515
449.1037830743361
450.981208785542
449.9743533734966
463.5155359960909
447.6219855772147
447.67462868528
451.8772486794407
455.6058340867019
454.0009389052878
445.80325305587485
444.69108448564515
445.06403798997417
441.28070074554785
441.84687447875916
466.64794204554767
447.17191110545457
450.6765428630935
457.1756546600504
449.6120027789856
450.41861587655626
457.9436655997418
449.11193814339646
449.51419921153007
444.3173785109237
444.94493583271037
443.6450866572906
443.7935687002848
462.3368713794657
460.72897830112674
450.71217132250945
449.815259772525
452.1509219109827
450.6782294877086
451.6527795658349
450.5753963593229
449.8255910433568
454.00589387286885
453.20336503937955
449.84049763505266
448.41218336354416
449.74480012113304
451.7726010423853
454.91499044606223
451.2589316837499
457.4391957700598
456.7667869655389
451.88333077788246
449.9941145617414
453.072950550134
450.84421273438375
452.58604776455206
456.8249169736802
453.8582208064498
452.19375861952096
470.795313897076
458.5244311106985
463.1714791599884
458.42710294080257
456.07115572240303
450.93577390715916
452.16581905404934
453.9678224656821
451.02233759326725
451.72775383553864
453.8493736273939
466.8236880276929
455.65713644475
458.95524055288087
502.8704253887852
476.4465407970857
477.65556207621415
472.0465664636076
472.65649399534067
471.0579289882624
471.11034814631824
470.6391867762633
470.24777166430556
472.8377799496753
471.10843119274
471.77212142603713
471.92718608488605
469.1938819212933
479.7953474900276
470.51766410095775
468.6911993852515
469.661140620513
470.19462702545854
470.17575425013285
470.5801300837712
471.67729312688095
469.6374961959101
470.17589401418047
472.9469062291407
471.817525283985
469.5179608982732
470.964607304249
468.95063104139217
468.3677182326458
470.30150390866305
468.57435171092635
469.3470382081776
470.54074038029097
471.6794216618762
469.40522592811925
471.05104736728555
470.0061158787439
470.0786179602595
471.5221947818985
470.73482986237383
471.37804224400065
470.57784201270226
478.3831669889335
528.9800124219279
528.038735850877
474.1260152199802
540.3459698944577
592.9210138031488
513.6861590694465
495.294530872136
471.80354298813245
478.5401812610132
487.61094387584876
480.39153184209624
471.6736820883636
476.1079460283436
733.6199890272247
1094.2662205133236
598.5865068417783
724.8015745683991
1075.0609468986945
1106.057126288102
1137.1274109482792
1096.4590360209968
1194.8463888960955
1035.526290357905
1128.8232646544016
1139.7448560059404
1167.8898946861161
1152.5941741654615
1212.5621820244505
999.0852310752582
1125.6821300313472
1174.437966746646
1155.9395687377328
1181.1943715079556
1162.5816477306055
1179.9468747115475
1246.363531333231
1194.6546512976404
1182.920058346143
1169.488035276848
1171.7474313078385
1190.149730168495
1194.465630646936
1270.0612412164123
1260.1732465066248
1223.3171648001185
1189.8940676385143
1258.9946574429407
1175.559296271938
1164.3211881613242
1199.1784635775919
1370.6520826450605
1377.5021573663475
1324.7291627523168
1339.47095477828
1348.2550948788708
1252.9821802055242
1265.6063622875513
1293.343964889504
1260.9023624377237
1279.5256838872017
1378.460656943585
1239.5780220276126
1357.6687429595167
1317.4658273967063
1377.786417242267
1332.353935163239
1332.4226900731433
1391.0942392601673
1392.0371886854286
1365.8390159027103
1444.4006572950254
1352.5756538960227
1377.9487661232006
1301.2030227016999
1270.9392613287455
1303.5058633850128
1320.485594352444
1317.942174897255
1320.7164865524624
1289.5129151301078
1795.8680031431172
2016.0745514895661
2047.1338311385127
2070.112672721599
1946.5409298975815
1729.8351917460684
1876.7376262981397
1953.5907673389854
1984.6691076266582
1950.9132505202344
2092.2443898979345
1918.3730903064024
1905.5160894250814
2012.5913341910239
2032.0956121804352
1854.9996700005768
1826.34011450715
1881.6361273222533
1931.6030630618932
1824.6207385674052
2022.5853132804752
1849.4960341927622
1855.987213285615
1825.4165567859154
1792.3634004216376
1806.983984160598
1689.3562861566934
1785.9745084293247
1820.5084165110688
1471.2212830176784
712.0827966335936
1173.8079346619757
1193.9233010542548
1054.2337592490405
1211.8517193506093
999.4207112174734
534.7044154187405
476.11679720856216
492.70873845118246
489.74641086340034
476.37049990032006
476.6945736066583
472.4397099050402
470.08403282874326
474.82344285287456
603.518076353595
483.09506320507325
666.3976779982928
640.2010095243063
1022.6756178915037
642.3676225658398
675.4638549386392
897.3032518922793
716.3061650848231
615.6438062211372
733.2151339006277
864.9330012956096
1185.2742287044084
1166.4901002576164
1084.2494935692134
1060.98142920283
909.1699866334336
1244.11497257049
818.8002096770371
1168.548484834087
1079.6890514576717
1510.163000013844
1072.9817653076266
972.2759150890134
910.8394442241863
1121.0441793314035
1317.197081839011
1237.4797636870617
1272.2999947381036
1034.4972264030387
875.2703980041371
1182.1176909504982
1107.0370486100405
1007.3743195082715
751.8819069501996
884.0654191459766
632.303566974027
1070.0396009643846
1102.9227160081973
1354.231092811425
1040.4580660789898
1086.1833392242347
1123.6171913966555
1190.2932872639956
1220.916975150525
1138.1827120154662
965.4062125472517
665.7642402813943
478.09049638896187
540.0547997785094
485.7964608454305
470.72422636298734
476.69305628143195
483.85894466730235
483.37833498142334
479.1716305725654
485.93780425546726
480.44964181325895
470.7253828117393
472.59610387537913
473.43378750996914
485.42299757444374
672.6256864944925
667.6969957853124
692.8062898598836
649.4355743904558
700.4114453405094
705.4966658434714
717.8440748982176
751.2869661826647
774.5615675225398
765.0842862068938
696.8977725030583
785.5069621871781
887.212694789676
911.8631554566143
895.1911204692223
910.345036509002
764.9805214249769
611.6694777898557
597.4869580059357
573.5197284016186
680.5907613400865
603.8411971091413
732.9573669551995
823.4849369976029
804.5386953640833
881.510878056909
910.4634504926526
908.6533441249519
934.4955582743055
904.7475896969598
911.3524533520024
887.2287895159646
761.6448398954557
611.2380491374304
592.5372158057306
635.1327549906414
810.6533081426841
1133.5639167381892
1038.5724941374401
1123.6266058348137
1072.6364748605033
1084.9193013802064
1098.2713693982594
1114.0153329712764
1161.077915981456
1117.468914586981
729.4900951803148
462.3275412080597
459.9800400775923
453.53184067846405
453.56649271350574
452.480930225415
451.22836102868206
451.5727081564873
451.7591226022945
458.50351962125654
451.59976223468595
456.8777702171215
460.72712297976864
457.35430113543015
461.9866445555744
463.4423337884541
449.7417715212813
454.61045081991756
449.7131563958268
451.62322232584194
450.0478406760504
450.88592284257476
453.32839314762316
473.04067599717837
448.3519641437656
289.4365414508224
334.601974777268
334.8281134935042
334.6222949005911
334.450002726118
334.6262915848209
335.6998291969519
334.9366185590572
334.64583487940814
334.7242309058599
336.05809980486913
334.755167431761
334.9795938882567
335.4272418711651
334.6910606899771
335.0720490656629
335.04795503571046
335.02441746730216
334.66748275445985
335.24410711786726
334.5101002898857
334.68959241916747
334.7254593400182
334.68535963886717
334.8643499750327
334.40427898468096
335.3852250898308
334.7535509201537
335.5851395904312
334.7677537229029
335.1398583955875
335.05799387817063
334.5358149247313
334.54939795377214
343.3577023676158
336.32795399489436
345.02587945790106
337.42407695048075
338.7680877984737
334.7250925817801
343.2418287256229
334.1499160783998
335.65776555914834
336.0061242264826
334.75482311477947
334.88121496706475
342.18299321179626
340.2812133389215
335.9222948747603
335.7334196752831
336.8335585062243
352.72967003066464
339.0702511771364
343.67904194012084
335.7094899289565
343.3121997794415
334.4557989938384
336.03797802818843
342.98386704301674
335.2528515913806
336.02949057944494
338.17385044172073
338.1908603890718
342.4418494367389
340.66675263782616
334.19313440076985
333.09834867267074
333.6296925498803
333.1437304977005
348.9458724632361
362.5895101271407
373.7682227529065
347.5455273697522
348.1147856645516
346.6460061478545
346.65598039108914
346.3191322606088
346.4796573700327
346.4276735329373
345.99554271142216
346.2636700437521
345.62726859809726
346.1567461825142
346.4223856134934
347.44702704454124
345.8274714603417
346.08291437097984
345.9286421788557
345.97923849512534
346.22139292594255
346.8938237242459
346.33296329612705
346.3116044338973
346.44291784580327
346.3084986846276
346.70409674855824
345.81035058995406
345.9592772693015
346.10442292847836
346.96897309618527
346.0843638643957
346.3281670965876
346.62567636952724
346.51701506610624
346.68435263716907
346.1226625802877
346.39284108194397
347.59825300913093
346.1608801775867
347.3916862341213
346.5531679818983
346.4795024674447
346.51112757373807
347.4508432585296
450.0429496027182
393.7819792269435
354.825680426166
368.59458775043316
387.0711917817492
458.07989550836413
399.7157323665474
349.2128330938796
348.30121318764225
347.4024292502935
346.98033006559245
496.892652396179
753.5666894310884
783.9387691247896
753.2095991805268
800.9956838450249
813.1830881859971
841.873971969002
854.584715104988
790.2646035888462
816.8080281726639
784.5446672539779
772.3060002938756
791.551728791271
891.4198099252252
866.9515615242043
858.1124080090638
849.9019918540027
859.5540446213641
881.129222100076
803.3849944850692
857.0770882217605
827.702895383967
896.9530457711516
850.9393968004865
902.0886845882519
848.0518752181486
826.0884626441094
890.4638518347754
799.3622112715075
817.0437055971771
877.840919283115
986.722835649828
955.0904512323248
972.4306224030706
969.5230333959151
1024.4062354273135
958.5633677240456
980.5895331290005
1019.0209302897129
975.9406453304446
1038.9134659810038
1028.3637104567076
1035.977050466459
1003.5801545385043
981.908655045893
960.3303047687473
1012.1646380784498
1012.6959625492004
981.18274279048
936.6643355010551
1017.4711721632888
988.6778861374663
1059.2822228397376
1005.2784554801707
1025.9022921957642
1029.470764516823
1083.9966884139772
1004.0953136585455
1102.3038988476458
1061.6899228389927
933.5813637032613
1186.9816197056673
1303.511063949673
1181.060858358584
1164.075339545489
1315.88189948189
1190.3775169104329
1305.4099384234441
1216.6288101984417
1235.7556289338759
1238.5936955327325
1301.1635661149521
1255.6923682412064
1117.3888639718825
1060.8545490903887
1071.224750196605
1138.0910424953966
1178.0777053036604
1243.207280001697
1267.730545420185
1230.9166328811443
1209.904264372379
1193.4183131062427
1067.6605667533765
1295.3549998092255
1166.9894445552125
1236.1651592615726
1098.8150611413535
1132.925876616474
1219.574883878276
1132.0573306635688
836.3445450558831
490.51378506634734
392.45760195161694
531.2924710508686
349.8879324223731
349.13014822264375
350.7133914006618
349.84594208801644
406.05332255575075
364.8224186906436
349.3383879252037
440.45742155144063
439.6157953803777
650.6502455945102
566.0236199230184
548.6080865946461
518.7770406008594
556.8621244808887
628.3269588763698
725.4742340324215
810.3959953713107
768.0540092649335
526.672583212761
755.892419933721
723.2020156626052
624.7790935902982
729.8799430612687
725.4970391443844
682.2272348840663
607.8034746438318
984.384018231349
821.9591073249602
646.915437847852
776.6471096342228
674.2270770491457
861.2808043470633
715.774656492728
678.134675805488
549.1416173635034
782.1313752050643
684.4709254803822
662.0529566799993
524.016292151411
1030.7008629894783
1050.2493624585877
736.1099685092923
865.2844896321202
874.5982487740185
934.335042684579
937.0145170618877
934.9826738813119
986.2987471981841
813.1549404371115
908.5405602994857
982.0563327465285
965.3629684973827
930.8375775402836
921.9826414664581
863.8095886892856
949.0657628514986
940.1967487729595
990.9860039757618
916.1042850720027
990.1408225123554
910.1367834480351
874.7752776775426
386.9979087908317
365.2935203358541
379.6809286381128
471.4700786361322
439.97769681262616
424.93516602888343
528.7493261416446
560.968735429614
536.7457661862449
458.18168802416756
569.141683004503
666.1754843526625
632.8990070920812
646.4706024437829
616.200211700425
607.7368749187284
620.5855688204907
695.2283607406182
699.149860657326
679.4958627278397
656.6476046024311
583.7481741319036
763.3959294509788
755.8361598646583
729.1411201633853
699.40628537124
775.7759104867756
767.054045831626
780.9331532476704
768.6926594950351
559.2395356362658
648.404267955503
611.6195407245514
675.2115043608965
643.3904208220519
627.9681570396627
743.4303239128295
703.9878230620158
777.0430872410835
844.7446491328116
703.5094133044605
599.7652065703797
596.4684376524672
592.4437920553273
648.1741239899684
521.585883657789
536.9654743324022
477.251805765385
398.31541994497775
899.0868004185143
914.2839187078316
765.8860001574529
786.2864012774174
942.3001485128958
976.649717597871
950.6175570147832
946.3809030042733
958.6722471205854
752.6580436273252
441.9053086184908
376.66047152567415
335.48016299216874
334.2602251413595
334.2025938921483
335.52676681722204
335.43114424948567
339.73671608423643
335.95826221973715
334.65791934261483
334.1262824327212
336.1383403695223
334.86465080512687
333.89279657225194
333.5532160277603
336.3910306292271
336.2364949423745
335.687121241566
334.4697789200349
336.9402177004875
343.48969191530017
332.1015990409766
358.81108486931413
338.17481761214
337.9325392251333
338.10416982160945
338.48842056485176
337.68641058520114
337.86162816733656
339.7556490542088
340.6884472162203
337.8114827734466
338.0578939543005
342.85123025643605
337.82460501754485
338.1585858502484
337.8504809183709
340.37721448392847
337.4280968072472
337.57668198806795
337.70898140756685
337.18432373668526
338.0179971300899
337.56778755808386
338.1303478710095
337.4267605906791
337.4539543345029
337.63525634370296
337.41370126663764
337.5711761356989
338.78263330140913
338.3851268343975
337.5732637080743
337.2191201316315
337.3638227976312
337.20572293236756
337.3673652593659
337.325610250152
337.50523880973884
337.40583112389794
337.3589534207334
337.8674734092532
336.9380636744198
337.10075302900736
337.61206896130267
336.2994283077685
336.7359680221243
346.5629305042392
337.52842554674595
345.503317409753
343.18068574673975
336.9128956383649
336.41959793934376
335.6606618662984
339.73622658478746
346.36488031852764
341.29027758707076
338.8936022215798
336.95353917380925
336.2782994133476
337.31826308366055
350.4973804577107
339.41894431076923
336.96709295923
336.2767608060866
336.84343096501124
335.95847318526404
335.37759185965626
337.71871031840374
336.5791463391083
337.0545890511172
355.01197001736244
337.5445813839639
339.7990670877948
335.76756466013154
335.1167777721095
336.20156102693613
335.1189531118793
337.33907785117555
340.01764000556
338.54542871691064
341.23503731019713
341.647518257704
338.63030208622143
362.81318261990225
358.7826107463104
356.75259203939703
360.7397879688881
353.6605350190782
355.1364321136388
353.74370043126623
354.10229784411274
353.62777822568194
354.03716746736814
354.0035008474353
353.9850253901805
353.73910407161634
354.74860634450874
354.98400783756534
354.9580006945421
353.8070739676897
354.024573617687
354.4314363493349
354.5012059753615
353.8320011354015
353.7340294158484
353.93875931779235
354.7017006539716
354.52767417396154
354.1694941137419
354.08616248727105
354.238027945694
353.5373740275626
353.8589676457731
354.1745364706535
353.92637095464823
354.35763822785367
354.1927732258861
354.01794001348856
359.6540455804764
355.2489589001451
354.1518811442031
353.76969691549164
353.8159139291005
353.5814116569052
354.3964249750237
353.56497073543244
357.2460623874616
394.70949019002904
370.56605622201005
355.3970579947004
397.65990056560133
359.9149639218811
405.3745533920601
412.0746161229376
416.8058421783975
353.45896075978453
354.4954056171677
354.38410944559536
354.8822413354441
393.0289821031496
629.9117424601594
657.179177901086
611.8901535077244
485.1568778366151
783.2781784685938
755.2846784556222
713.0266569091383
745.0742543321838
760.8971813397402
705.4542718401589
743.2546723854982
717.9985046333289
777.1720493522729
733.799915472607
785.261404760813
728.0758306067551
784.917658937963
763.8122862913877
787.5481775241761
801.6858108844574
767.3124131935531
773.3367424408165
781.2236963285806
777.0304993520602
761.9903782945354
795.0505938694072
771.9020442487317
793.94160840474
812.0307730721114
846.5396059789656
891.3507674166195
922.6898793000861
945.565098713852
929.7982562818462
948.0225468080887
952.3413675857067
997.1720696150895
901.546872750347
966.3888793539275
901.046490125946
948.8335556597116
965.062727818328
965.4551279139706
907.6731091550529
862.9641394720292
959.6147587396378
953.408536177142
933.0793775280097
930.7270105588436
945.9852250006508
972.0671948218707
947.6416331660085
943.1293088271112
974.1538071960493
980.9172259048185
949.3739687663913
945.7574927727536
923.5679025629546
923.0858732440634
926.8892218514027
893.984299201589
1079.1648409067363
1047.1875579598886
1087.0575052068518
1021.6234176292327
1036.4089304790812
994.2129699059624
999.2069608461109
998.7059193971363
1060.221387617977
1101.1805601855397
1052.023695893721
1016.4623223113076
1061.9726928070504
1026.7783302759165
1038.6032569691713
1127.0824475887032
1091.6494577206452
1047.0873224809754
1116.3976613976217
1078.2994628150439
1052.597956936873
1088.4605177608362
1116.3553919774147
1094.2061693286123
1139.3909296462168
1141.3061330720984
989.004967627632
1089.2005719136384
1095.19577711945
607.595938432005
815.7782042302886
824.4525472238199
864.3250598379316
606.7566007674449
354.40048606440075
354.8538518108961
372.94854404368795
358.1929140086868
398.326182656841
369.83776829557706
385.674073380348
555.5798796518562
566.4121553186504
571.7394000304341
543.3794432865695
588.8899871281171
582.1000198151711
542.381894740027
579.34674868852
665.4069005974542
697.2116590006586
690.2802599989825
842.9809227392167
776.1539049643512
790.095476282505
854.7666569830059
729.6568219130518
811.06611345869
602.244688419094
903.840521825962
936.0151121949219
776.8762356614499
602.9436198559071
749.66065099168
801.4877398952037
680.4917314422131
888.9166272470914
939.3274296505925
686.4552041659646
804.7817160631866
797.9100648974401
689.0808227429269
614.693250094644
755.9197618374686
766.8693452665599
884.6496846313848
799.3759004058362
605.8012976438021
418.47080316250623
418.0514381935719
531.3146192227415
357.43394458951025
436.03312344827555
460.2420614511419
481.15147709480834
575.5850090987334
537.9375520785242
526.8246881753964
568.9580827855169
570.3211873113295
547.5291868612948
550.5634708387269
515.742411983506
528.8740285334902
609.6499417964689
600.7809542582012
600.0950382300181
570.2232558477741
553.5096607811407
568.053382891024
581.1226759924508
518.826002768752
534.1373121092402
453.86139854358817
474.1673032667804
483.44387734917143
452.62326754865205
474.54267951382593
478.3091126006385
464.1489147436454
536.0334410605521
612.7524392380584
665.7764139696156
602.1039655388244
601.3095864753785
481.2391839696499
476.5119136766421
433.5512039302821
507.1554004186873
437.69443673058163
392.21405008499846
401.9900121964839
738.4239551714288
604.5653671793183
741.8169073833857
800.0987283692084
666.0276659116324
840.7311843406526
915.3746027682355
854.4524658127548
887.0871455756258
647.4754640164123
387.2326942112969
343.4154043428017
348.57624648165296
350.3654177477326
340.6540907042404
339.0736873528384
341.1760854570019
340.5980512934884
337.1371138292833
344.7859592710869
341.6596392287029
339.0743916320657
338.75163335441414
338.1982544687372
337.8596002815404
336.2322591449955
337.14841975637796
336.35896477116256
338.407987348891
336.97987348856867
336.6250735853473
336.9722888133701
336.8903448904083
343.79700221287885
352.861183212491
528.7221376016164
531.0855186914764
527.2307054573514
519.6058507725897
519.4752871372184
519.5689498612107
535.0866711857537
532.2633107994657
516.3417948763453
520.8532560300162
514.6298213490015
518.3539152919242
519.1853718948818
515.4896598626185
515.8896705149263
518.3823975190894
530.8522988059885
517.7534730421368
516.6677590161129
519.4164880529748
544.5503145802176
520.1597771979401
534.1632506919369
532.6606702815675
519.1796549536725
519.6971654550366
545.9997211680495
519.4678506740623
525.5194934160493
540.5749197605571
516.384807670371
516.1458895683048
516.3193802284591
540.3043081760266
541.3262061937849
517.2149196323564
516.2984700840645
516.4450636363753
516.5235339690846
518.0603733246425
516.5624596554735
527.5573937705826
516.132673289101
526.9036247247477
524.5145109246698
516.1796331368876
517.434848309385
517.5941432088855
518.0989530926473
526.9343819003132
522.2987326960396
521.7285537705129
525.7035878593239
523.8902297771198
539.9592107233167
521.4022809493239
529.1810796127912
517.8878413489574
522.7983649785031
527.0031056958475
516.8319137617574
519.059452525636
516.0285159207893
516.9145177121479
525.0947350384067
526.5351686450317
531.5148220913945
525.0058573842867
525.3033280464151
521.988963042074
524.0967109601256
520.4419402060788
556.5734082635083
517.0698567343551
516.173099478004
517.1685250949147
519.347951862577
533.696175095123
520.8691040568935
541.0421613707337
563.625268662809
538.3238870666985
549.506591864603
537.2395874938518
538.3835743957516
538.9211876468479
538.3883795698257
537.6591952481162
540.1651077445171
538.6053088839308
538.2388162650382
538.0282024410058
538.1648559797134
538.9075207684393
538.1738107077994
538.5291121659936
538.5892608067667
537.7989705565313
537.9843180081242
537.744880704731
537.663891957269
537.4783162838877
537.6552193320774
538.3354170791953
549.6833983145568
546.119698830545
538.142707384975
538.5649273128968
539.3057198525968
537.8116054157749
537.8027180518634
538.8976981110643
539.7533070551731
538.7190584355013
539.3339343309908
538.8145560255638
543.2010156204874
538.5396981725273
537.8514956920407
538.1351624501804
538.9050601262492
539.7364407774392
538.6500478736604
537.9106175127122
540.1560664361257
539.7914361891866
540.3432126939689
542.1265798908126
539.3044828825966
539.0892723631864
538.2344872638513
539.3834015712357
539.7630495910629
539.5110798648258
538.732460872318
538.4219807904033
538.8706549999165
540.0221240335483
539.8980868057041
539.5305920926921
540.2475581991373
561.1569999714569
542.4225901224651
562.2990860049489
605.3188337063981
741.9141306370212
644.5852678306019
538.716374818516
545.4934567916326
535.9438672924202
535.3036786109649
543.1108175897333
958.8640823871399
1050.608902923335
1055.6059112509129
834.4599841457793
883.4529358609669
1115.310906899738
1158.78908392168
1090.966050086871
1129.2755245425508
1135.7278197399432
1143.54463252544
1179.67828820882
1179.25380756986
1122.2106030956495
1140.6588616131776
1119.614490874326
1129.435239942947
1150.0374197795416
1131.2481439625358
1144.3019080446527
1167.0020495588371
1179.7241951809708
1178.8058110732316
1178.0171654949318
1155.3195848914922
1116.503012549497
1159.775503401643
1158.433471582394
1155.0487161524618
1160.2675031656956
1288.1756590861216
1354.6528535576333
1358.127822594643
1357.6464584819862
1285.490694479551
1295.9021164082912
1339.6220089102585
1328.0249787509924
1331.2534868457712
1351.6776654255739
1294.2673037390866
1304.9378940564534
1334.5553435122854
1368.896744098977
1306.7544204124272
1332.5879479544958
1313.2718273849134
1332.655636260841
1282.4707667574808
1288.4217725545536
1314.9994098460081
1278.7492395699235
1331.6400173967074
1335.1407068866295
1340.1450752052363
1291.3923756628205
1288.1888716438827
1275.9963483385825
1289.2252608565534
1325.0130112450593
1368.0869359043897
1490.9894349180584
1555.2499194537147
1609.3285393319277
1708.1881254125358
1769.1938135455991
1725.6022859396778
1558.4131508535136
1554.6242035098605
1599.9501051110417
1596.4318874719577
1571.4267521716831
1449.4493649785738
1410.5625093522874
1460.7603048304488
1797.4501601785312
1618.7471847686481
1607.8789728635786
1679.5997806071375
1648.761574088517
1810.709361111017
1774.433424290173
1812.4155354734128
1788.436535523915
1826.003398590208
1713.0844504363001
1872.4632834883876
1685.6961856333603
1633.602330958822
1580.9473301837627
1662.7018950822783
1118.267409645158
1177.3453691905247
1123.7515829137442
1156.6648030226004
1126.2048546535864
1042.9954217471839
864.030410024504
543.1434871441697
549.2519100623948
548.3342886319757
549.490310057784
732.847618483398
771.8663945096421
838.4847219890678
858.3245593437318
914.9356455655109
858.0596992055702
724.0384426706975
1123.4782042301465
1249.0701175204194
1140.141506302162
1013.0501157991234
792.4492349519692
765.6077484652574
1056.948822811605
1075.2692939253513
917.3362345985245
1003.6381430172324
1023.5102538469883
1155.90663974797
1059.9934674020099
966.7071086352407
905.5832206598268
1014.8691105663601
1014.3004574558294
1152.1852316330985
841.8826657257841
1070.5202127341456
1072.6286810334398
887.2288895159028
761.0371714007927
918.1368840914165
995.4556223043314
897.9996175386622
975.0033367996659
1109.9878899629855
1031.9613487315662
1149.2458302397517
1118.4858247159825
1066.5936793690837
609.499909854706
575.9755627265298
554.4497161482531
565.5633067276899
657.0655043703425
622.0359838772714
541.2935194191452
554.7467812784406
567.009396303502
734.6551022610458
774.0050204475604
827.9646705661007
924.7770886768456
913.7289573062782
1010.5429871238942
1046.4406083359574
958.5388553780614
1010.6381373231525
931.187199643615
911.8425709577396
881.9712387645402
915.5500352530208
837.7852879138002
822.8992132607771
914.3604026913052
845.3092710537417
864.7545923783199
797.9575557773751
864.9840596499807
796.0189437437651
893.1475013223376
839.6517802257255
771.7841636727132
752.3612012418321
890.8324647209213
890.6250817610176
759.5807756664042
958.2145087067902
893.2147943030343
966.0572116085638
914.8861896810527
984.1871428130358
1039.8370236310661
1020.4507146370383
874.8521938902561
867.2573546596637
801.5217795942482
672.9160227535031
564.7771277727419
633.5599322958938
997.0044085336721
885.9094517043527
956.8670671755177
1087.0593324735157
993.3717376756729
1084.8513961945787
1091.3323991528982
1123.7189171214593
1142.7012026725035
1051.2555391860203
764.4565926123546
539.4481615177548
561.2974729714407
528.848859015846
524.8131069936696
524.8549829575793
524.8312851740179
525.7205807772739
532.2275322636101
526.4442979546486
526.4365457918581
536.6941420909658
528.8859682937657
525.355636328061
531.4468087523418
528.9066151670922
528.4251373084531
523.37784588624
542.2013565995088
533.0997402152382
521.4283316501537
524.0574572687528
