0
133.23798043883124
144.4709675789955
119.55103372340511
74.88428380773883
69.91286427075175
127.75355724853449
176.44287175704335
189.9412099977198
165.075804018557
125.53346452240896
86.76053158437674
80.04632919516018
79.21981754721054
76.77748413424655
97.67646348735099
94.4489943930812
91.02480191287196
84.95293177396735
81.75463756800889
81.01689310082446
87.90575388054208
79.8129210222827
48.5482345601647
4.6167136378980445
26.41409587800058
59.54076989459759
96.89203668136741
97.81244788603914
87.84399435545657
71.81388766094545
81.02025814666558
93.2451733484462
88.37748465352024
69.26712801905711
37.34670006868117
22.14749106232108
44.63428082676904
68.934799968692
80.66464345333503
49.88747327925961
13.367354726637416
77.02577949748616
62.34804119192313
1.5087580598859631
54.91813961716264
75.63828464017655
73.67101941230493
49.516009720059174
20.94453498530339
18.692406683421268
35.90974618766961
24.454555128301934
11.44588777097107
2.367325294421903
2.145184159035182
26.76927779223331
12.362497989438452
15.622384049386199
41.39069715831005
25.866046486806567
2.6756174187679562
58.89086245803912
16.085919119852065
6.695343606984579
13.91658779385773
19.08608492576036
57.05912565562727
118.0340474692203
136.487949365051
142.87012575694075
144.42904068495
126.63159033652323
104.6330486471262
103.20932252445641
116.5535730590679
131.4120174011142
127.41376041628223
115.91174601974546
74.52605841616929
34.014815846949375
19.66669796795253
3.8140254114251775
1.4546891023773583
31.598196410104435
78.87111074622192
136.11561060405688
161.6666510119092
155.64330021515923
126.07095025082447
86.77244186566844
51.08389949399208
36.643252163116244
48.04019077324688
82.01044701222833
114.38445628729113
115.10582220599895
106.28643957534649
82.61477129280428
65.11307311185209
66.91581490751673
56.02189812792034
27.12374455097404
23.966283364525907
83.55229264240484
102.41159325319643
158.2773267555467
150.63653661742853
2.4428391872872908
95.99589675417604
47.35213635184431
5.840696192001474
16.496392558412936
2.891200594054567
3.1469246699020346
25.721061625500113
126.85052705754129
232.7023399682073
247.26102349160055
202.6516618335096
52.43917048796072
18.377130489100978
32.29738005529805
310.83389347625496
269.4195252283647
252.15520664037274
251.49670374825075
219.34914121903648
160.0502247296232
175.77904380354323
242.68056811595238
286.129238187616
170.2935660583978
224.20605815385863
343.90743012626626
263.310694921072
324.26397873962196
184.44154966915994
242.61170024355943
87.97392417557342
293.2476847193094
205.46487344213733
193.66171626084326
175.50986708311927
211.39285941288983
281.39453614884405
295.61087090134174
256.43194111292325
241.31323063258264
288.516151080073
334.28614249533007
358.352705749793
358.89439363903784
319.5860250910978
265.53879831939935
242.9698242938282
199.92520873913463
228.13911828430525
227.3408010157159
223.30247331012697
275.9895049326535
310.3468023019451
299.0871079251143
290.08153135218333
243.86743086473325
235.1029227073002
286.79750635058963
240.9384667513284
238.10908359128575
209.21163559070624
177.14891436153437
230.8154491087397
225.61330955239907
250.39590691893272
248.0878206085887
313.2023773540386
245.39108610749247
253.6855730837343
218.44760003168005
260.29014325946764
252.20999477952228
201.7038425979987
238.91564509139027
192.82410027657284
214.33137166391475
240.3590420804113
157.21136458317937
70.59558509530302
136.82853440055692
92.34179161889915
42.80770710438446
61.69048276989929
153.81835170136242
136.76039103429343
240.82483733731556
128.31718431499166
37.346405838197825
159.07923031750875
80.48412824165075
122.78140245763575
188.53519207343425
107.83808955900645
27.423384399151473
143.31820424367083
55.32985177332171
79.55452852006374
112.6307502431082
7.958943914977226
135.5552833471529
97.1577236681187
150.282181387925
190.3184998781503
85.02724345885713
239.06732719738352
289.835335831282
124.9311537831909
30.796022302502706
83.65847465320826
5.864516400966522
87.89956205704243
195.86387496552584
131.36013356968306
67.1655111728146
13.782917727509698
212.69099481953947
213.35415441988744
128.419050234241
68.40222928282265
55.805088666167876
21.28299978507573
151.6150606532069
10.098982578793652
37.63361728824543
255.74912930076414
411.60539427332924
199.08285916664613
576.9943246836478
301.0772087377886
307.91793684802155
638.0759156642946
783.7827046524778
418.53703303496036
920.2110903671671
523.7262586177822
595.9556490636037
609.0603723110623
668.8234009823652
791.2957063874198
801.8309850720425
615.1623917272975
748.7251330876215
857.5077652160933
476.26552689019013
660.662016037601
454.86793929421424
922.2156263497727
646.0551943517448
638.9379446557059
592.408273425274
606.847887024823
798.9478185082389
1018.9640635703297
595.3137905804949
622.7387810935616
547.128527664564
203.68857894473285
603.0875782420958
221.91001549930866
40.487846822691836
117.65337637363518
160.23725088475453
39.12048507724444
193.31385956161955
398.6053073326809
270.86304539973924
275.72899246795316
355.74606107864236
364.1538489832218
426.15706232876653
449.6033019258706
367.0655728503946
421.5133025745663
436.0815050169904
475.21346791245105
364.5306600979595
429.8362139498274
422.02922137377675
437.58966174486386
408.9912277543556
308.5667578560723
119.4833514081032
32.1809927123702
46.075436117701884
41.00342445591207
61.57969939204975
28.51746791840128
31.06649844496303
38.19773992376179
51.22773227308426
65.32218890086006
111.32744198636101
140.9253225599482
175.14311170254575
178.12774480811618
266.3179316693004
343.2355038304539
244.30291757960822
361.0534755635829
554.8419066540679
503.73107459201447
499.58762518488777
470.3746451859754
565.0246713610225
348.9206473650921
323.91867570635145
310.50219675686617
152.50040540041414
177.07604985258718
185.32055379564326
227.23113955873464
182.80067799998255
224.8145933414396
170.51402545947735
162.37013247119262
149.82081781240868
111.90472247160858
111.58348782206406
159.2120368566234
78.39446942933137
105.16034913878002
168.98568430518935
214.72258516014676
264.85206209528087
271.9195848977024
223.63583577623137
247.1864109793613
177.67504441112624
64.43948859177999
186.60223070957227
123.63130559303806
111.30701506557398
135.99052901962227
82.35980760280029
28.022227051466018
12.95097804765578
27.248662494462394
65.2182865645143
121.84833560590857
137.90377605954956
143.77851616970338
132.49946691190195
118.4231091136956
93.81861116264525
57.829720114961276
37.82608695458919
50.31617838234996
87.31824240128458
124.42265589891252
151.171840091258
168.47934096437882
165.83826779427358
163.29005059478362
164.42051306495995
161.19084296826207
135.57038312235585
139.2025783439306
141.0579297593075
123.2620838633809
113.89621249957628
109.27147763811058
105.92288716226108
98.17067956339781
93.85675097070862
91.3667535832812
65.20722267524872
25.600780991374904
3.0494763803596356
18.984748363670576
11.7881122977941
14.563633756819456
51.603148298874146
73.21109402689865
62.62190839110741
60.3156514031229
85.021124441773
124.44742125361893
149.79358722939878
154.48191635086988
150.5525990165234
145.14568709437128
142.5019711191443
144.6824651452709
152.45626446480225
166.93196607676617
174.04105311116103
165.56902844317386
150.55548473577358
124.69872339429219
104.27887347330005
99.31985615182839
105.90782321281381
112.55760362810179
111.1871668640548
109.26995468701114
131.80161411875264
159.1960441940268
164.866385035031
130.6376518806158
87.05001432797474
58.47299811889525
61.09463337227862
81.19585626608426
86.93688814962178
69.74131107139107
61.21659679989983
92.45050753624776
139.65031348927278
172.07613439366094
213.8288562399072
253.59952621142898
268.55462664898363
216.72394584807873
136.90223261260763
26.708042568548592
55.97235290724035
48.168706653204026
5.968523540751619
34.21169928829704
12.767582469578258
28.01605240617903
64.80747604585338
66.2829823317669
106.90700724626384
145.63798334169434
170.46833864734174
151.84962252096693
128.92226130551694
111.52414041874209
101.40593116817269
107.41730157412604
128.3970224499036
103.45921098540998
165.41480795231837
191.89037668910953
175.33019630544572
85.41556666641475
5.018152008855338
61.648795704240854
90.24492306120601
102.26994186628798
103.44422136428557
96.12403957271772
82.94156440875923
80.38853511765797
100.65442392941497
124.17501727207713
127.609550724938
105.44852081751776
75.57890300082636
61.10991325720289
52.83420882619771
49.8953334020826
53.564384142425695
63.63167674967099
68.50069836172145
73.16522276892465
79.55577183190388
73.46261241907564
47.56296357920479
33.28500726741032
51.87437746061374
95.46962752736471
128.69299174138035
142.24260161587387
138.12199514413442
128.95097722794918
119.28032478545316
107.1615904029673
89.20749915848006
74.16039142801588
68.49884503947726
61.88824269224233
57.62535286055834
69.93392906778223
98.19746613090047
119.05931303198304
119.07078122984763
108.3607960131763
101.44942745160887
101.50048947763207
104.21923447827635
87.52527832265025
47.80570093172048
216.21593652330523
194.41779008801956
97.4957090950665
109.35158131736392
121.77904439124961
102.19422637886811
63.911459943756995
30.423916953432524
17.96106459360709
20.31448967526933
337.4004140374495
266.4815469475551
212.75875016141595
165.21711485949993
105.66501468079639
124.104509188478
12.236581838131428
169.87452798499203
163.7378305549961
219.49373007710358
237.2209454033882
221.9094663679482
178.66000789732743
137.02556534078326
53.165566490749256
33.66187128569209
7.9872772776454894
2.5719959420948726
101.96934347074762
69.56827718456225
70.45053568165417
32.70321887019304
21.020589395890738
132.31817004290588
169.03489632418348
126.28967224198664
80.16909239445113
71.64216641199823
71.11098321729105
46.91545665563899
17.62813620099473
55.464570623283635
84.11324062200856
209.8681779925164
202.1322779781965
223.22712902025387
202.14384417239853
111.88582723142918
211.47421064311789
309.6672644149776
255.12809488551466
292.6256396500678
286.41142574978176
192.35482417851767
248.59990138059993
264.91992878261794
328.75118162165813
268.39286401411005
250.34626668608348
263.7827615333756
338.8383509946493
362.427015971773
286.1814772013953
375.23519130353463
334.6855299454927
425.1393069079369
544.1605081104453
546.4787581856489
548.2978309384753
230.7037108525808
236.02867331688344
482.96546848890534
355.27427020333994
264.5694371557513
132.62508080777388
90.50415787761267
37.58343394852977
49.975004833452886
60.11698857427018
80.31841051280708
60.921923680764394
28.630666627659366
161.87616441898535
174.17290132643166
42.64613513491554
94.20153440029208
77.5957926732874
151.08560679956076
26.827904949344884
3.186989008441742
24.06144157546896
79.3119960897609
124.27858709396719
93.60395672333652
135.86422068225397
71.97934860556165
49.26553850485607
11.854473608654416
1.0137350173772575
69.84619832012527
158.82415132486085
129.71139863050348
9.473262592912079
61.952850440012526
33.863905565737014
77.09409126229684
137.48777550498937
287.35887821941316
142.8329149570751
65.62314966943507
29.816257453744015
39.01845830376914
117.3702240747341
101.57914827969307
41.66320637578008
184.02346407244056
320.03630946598764
402.09808426537825
90.92053570293297
463.03311895461366
469.54997177403357
735.1999434734225
442.77685876876853
756.5490412272554
765.5865274402693
912.3000941271944
568.9193003404835
304.6413459923765
1091.0046627923846
648.4177102025399
524.0509707206327
325.0943694847815
794.4468930373339
802.058199595079
930.1201935048862
429.1333283625345
619.7690798236729
1041.0975142384975
470.755801967126
666.6614851102661
405.116449945202
519.5023656474823
602.585671281797
149.24369615441492
952.271357845593
657.3992023084169
364.1582824059144
176.44099103523035
29.013937771378096
110.92473896964816
333.14671145895306
265.31602154678006
174.68804518363214
97.77480508549456
76.6201935117549
66.40482273110297
51.93890233005675
51.17261435791136
28.299733342823288
103.35323784505908
68.80411977292192
9.601225302633225
93.85417693151783
139.4947476988301
312.56496998753437
400.00567344162516
489.5353193276187
579.4194396574001
542.0965900748597
532.2213091110142
585.8555753723366
616.0915293086468
412.45145838957706
320.66527837910087
328.93187718395916
299.93801366434286
279.92755510489474
194.81876780118728
152.57247284655364
103.13416893286649
50.67503934855847
76.45953384545555
82.26869170917234
66.95301808221745
144.80728159290925
230.9852339261662
225.01348776564487
334.00378459884246
475.52360587061276
489.89689967661
473.98547392002365
416.22399901356926
427.0315614458525
561.5848064982763
538.0065855796294
103.42952341387502
278.03855423288076
92.35893992577655
111.14882536430616
325.320036674583
317.37503767394924
395.811534690179
325.91708567286105
366.05594489681664
53.71630013698871
72.02824290778722
158.73053717634394
90.02775569805453
30.665378355694656
15.154791176974982
49.41040425504616
84.19304084555449
121.23984064889197
153.78782721191737
180.61258415196664
195.01006947488236
196.60171836243416
188.11731663815203
180.3672374369063
169.47744426317155
168.0720804798665
175.70653814371633
141.27357543711707
174.7125516893101
158.85379970854797
154.9372024348446
163.1832170937439
174.6962532225333
169.52032668259045
160.9396985322229
147.99639414178733
136.11744032390777
119.52694607438684
81.98717718323053
58.06804932140409
60.56682665084293
103.13939848903811
140.78313485370427
175.58374079601504
192.3374955786282
180.38094601480486
135.51173150746467
114.07715679319256
101.46853379962721
106.95384021060926
113.4547439968361
133.46406595061603
155.51292760371354
177.50658345459232
193.35338140431634
157.77883789920907
117.47671896222641
97.2150191932306
107.62638511433386
103.3204118540279
91.33057263507123
51.26709251943964
60.06916335427445
52.700227427331015
55.88728299971825
47.993204067816805
39.17621050664525
63.71217306897694
82.01452099893135
103.68547246239365
123.71376901640537
126.14835573561709
106.98958339007083
88.78433372586886
93.01826681753272
92.94503290377497
101.96241739677049
110.42115622160117
102.2071985358898
99.3860951084564
114.70224196806055
137.34141199763206
145.80127912822616
112.56585784205924
79.39771057320559
57.73829824718558
57.20098460704435
63.17164776240901
76.3892371887228
72.41646662716687
95.13750081736879
115.69484038136
120.2843357989961
111.5571861096073
89.46044054751854
69.72244332460986
34.33187558526379
3.7416771926718866
71.02644494443973
12.508858454992833
20.18531604865393
18.024448206621912
29.58975694223051
10.937367186250924
30.91146991192693
45.7393029972265
8.852442632854718
18.047259187935765
7.246171632048686
3.373506177273896
25.213986408222468
67.03138030030703
93.71480064688814
98.12168690736979
111.23420043299399
116.96804296895533
114.26477956791501
107.22819606823407
109.29275113189209
92.22716873341244
108.04095909631292
116.22192421661907
97.13556859262962
72.38091790097428
85.28910683229799
77.10954997075572
54.83630978080481
35.65803009640479
60.67209012536614
100.5832821097352
123.4940881886813
105.69794280343177
88.5897165949047
53.01387434343246
61.779912902139074
93.34186479450534
100.5032111361387
71.18334969978156
31.377488444726907
7.211817656300923
45.30699880686052
67.21727807368052
2.9502620497238468
56.38446684052667
134.36156390469284
80.92148653769834
3.3195258927162286
45.941752719567035
66.71723779158089
116.64044532229457
129.29707255723804
84.95243001408852
18.101626872999987
366.3801797343634
392.6261922395653
351.1522488092096
352.0562326105953
352.5749343295646
206.61138509319608
224.54115081715736
252.4477840415343
208.2473513467114
206.81512808738796
276.90900647367016
292.2735190693742
241.94041298012917
205.1760807371752
130.12099523930488
76.76067564423113
83.44596791347976
161.66820687038967
277.1482573871572
255.85675851482313
306.68942637888324
290.8849819525318
240.38038979359612
243.27677624732678
222.9632887541111
210.92886784275538
198.84335904410125
183.68549020530918
190.2698240951995
173.76802787863232
260.11263975415363
365.77062612609404
394.5238318469328
523.6739208331201
552.6020537903249
401.5430435031052
237.3703945487582
94.34286663868306
77.80001266970203
190.39821477687883
191.64611145541835
173.68591127362606
224.5837661065941
211.33631484048624
240.82691096324197
234.41069374834137
199.80651177886034
198.66009242085602
202.0656968736041
211.91573272959727
167.28382713712313
190.49086101642456
240.21964327604132
266.30537258827894
293.5463455448935
294.8949924113824
234.07363094685934
288.34851077025564
102.4116931824658
113.41091088762869
153.07770388827248
193.86143957768013
136.83193783473894
63.488089904921026
287.0039654655877
268.506739445462
267.99911695735636
303.43497875507546
308.57751790046063
253.27517162693061
228.41003331235243
255.27528212741413
222.48121830174819
256.36446883721214
211.40365984909045
213.98381268329535
265.18423813654886
293.2086319593984
212.5894907727777
270.8018579770646
93.77043728428316
126.93571280526544
256.6242302391106
295.43250314945544
258.45299489165745
242.73763917637734
373.00178776156645
383.65366126499316
258.04564222434124
60.30319259150269
60.901248096587324
357.59964508570897
446.03122243453777
280.7725850075201
292.85645271329804
185.7713687871842
190.0307341432491
471.0003350026575
469.12901585538276
322.63544349220615
191.66124165373373
66.55924500915557
10.754311143526309
20.849959106134065
16.846208747593096
68.02375996107031
6.650189788570401
82.68363635761335
186.49241493006582
86.39157065480254
138.29690696411546
224.7482340103668
120.1901500664577
81.22442748025287
278.80533807560323
11.310178737837987
246.2939181907302
634.5384289769671
528.414182649358
718.4568975325382
543.1191939425946
493.3990572615155
650.1885923521216
768.9333539022336
38.92064849569692
537.5702708432557
366.8146890409587
771.5781326482366
597.8401820508038
529.982357297737
811.2367095838516
43.26076491947856
793.1444739688328
538.6269584904762
851.1196191542125
270.2148655465862
627.1545536664823
967.1382457671898
369.44082057496485
509.3703523963545
593.8426952472483
277.49999544973844
359.5203727561918
138.94022385552853
118.64864439084545
240.4316224887408
19.16919315447649
69.76844557706568
167.867307929273
274.71603696346335
302.5834103538599
370.3553287820729
264.0424434053381
272.2613703475464
210.24936444398304
53.15195800110996
130.18767427860666
23.67748610388867
72.11938186267571
81.04765726080791
481.07467138537083
682.440850422459
557.0498460770079
495.6462622029852
458.81401198868514
571.2173739328504
524.0762148459531
415.22248037984457
389.05566631036515
520.0885123181982
614.2655932052484
721.5043596025397
638.7195645783203
634.7243234749361
660.7292860652864
815.9217693921312
658.5160997435738
500.9962529615127
484.66045972537245
506.8939063218136
691.4762759305801
651.4466923050978
603.9224180085314
472.00131055443387
398.2287383375832
348.2713497588576
264.3224745835761
220.5221344506541
453.05172977969585
333.36027694378026
500.7753119885583
609.4412482157788
653.4661255286817
566.3358081221131
467.76228611143677
513.5094008387194
593.6719269772487
543.2026747812711
383.9747250512986
133.75735072398334
124.68430512639168
78.63375562936403
23.13084595231794
159.55230783313436
194.82529914846486
236.1021175429688
25.668975885157693
92.40466809669226
143.61056552660511
76.0242601636383
25.366547288687514
14.155259089053686
47.956521752073
88.7906911363026
128.22761269621384
148.1745992611498
139.57944067768534
103.9100442752657
72.44288148372465
68.73505452242364
104.06121926754389
139.5797309816498
140.46272242911846
123.03352403704781
104.96800858115864
149.89494196370492
135.8429647727565
156.7925234619733
148.98112631282663
116.47498655789673
100.93167944533695
96.03533545334773
86.26370282252475
19.391247671238375
5.925327458282595
51.02561896274892
128.65453722469744
158.35988311745564
144.8073395955779
131.9346516851873
127.35316996391754
130.24576594384558
128.8098903930303
122.9080613668342
109.68691758143768
75.4550570089969
51.96202816258261
53.14010849128755
73.75049876201041
75.41077363513187
81.97161438752732
86.75590391034427
78.78241323053635
61.78335077882571
63.12597381664989
73.08583451176867
93.77545794536758
106.24918825909361
103.91963234946024
99.01023119266455
86.52283078661918
65.75733914067331
50.51056979025566
53.49961447686468
66.83608111706815
106.26551302620044
169.34054935836485
223.41911689871833
230.59626036415875
181.8690161606895
124.63845518604467
91.26128341390398
94.16853753510304
88.17837295192652
107.89320032992828
127.55181902282635
133.9021248529387
139.3322005633164
121.44962876009077
113.26197119271603
86.82008417241332
56.21388313943055
19.43680875317824
9.311820204490687
1.619249731545949
9.004773274651825
2.9341415470689753
14.259833719104734
71.44745763785403
67.37605849065454
77.0376939871436
76.65417635492855
63.41109347034501
66.21664899346194
41.47819241353318
5.5696965846016155
2.3541302082322204
26.405146963858897
21.796513996149827
17.60318751917987
45.062097824115426
65.78906040916053
91.58232552870163
77.50194081558641
147.2579094467652
51.31871744286309
26.03781388789605
75.65801434694771
52.61900683494298
12.220992450101619
9.142547360875312
24.048247939588407
53.57965209368945
65.38123043975753
69.87052132662933
79.34065525149214
93.54446568337579
98.18837728474938
97.0668649313871
96.6162892420902
101.15939509628396
106.43333578405492
114.60058130147485
121.95201002379548
128.00906549691473
130.58585493839684
135.73129310536956
137.07851246988986
131.63397357825835
120.33382460586364
96.50847510503394
79.80475287020488
67.9714067653502
65.89102248470027
60.18504184080689
47.51981348907975
15.577364698088786
17.67249346992753
19.578129322659493
16.860591115126567
51.96166665685854
75.98662874074
79.82041544442927
76.21625806708488
58.647266765701886
48.795115772193355
25.67266644504116
115.16429121525397
266.590114580422
65.6202633047551
116.88988217868553
8.03024823941189
2.5223378169505395
138.95273191738022
212.1078421994473
241.4072520041675
236.84129408715557
262.5005684675848
227.7559826786744
225.28114376520068
193.51566137984958
302.29062791278886
222.29376286732997
216.61441627259717
239.76057812158228
221.43672151752207
248.07760824745503
185.41267619286918
206.20450673959544
100.22609723991741
106.73188390332098
113.08871707369667
86.31093063229014
147.3480292348869
173.58530755932225
242.0398769106763
233.95462126790596
228.0637092780171
258.35154523444976
166.95232647482874
182.6221219655365
210.2405191142244
108.08195669457291
163.45930810244704
257.9751834997461
219.22942191540983
197.97051805394995
142.0688399615085
136.49523710878157
192.6496202219837
147.06238370239726
158.52624331499464
182.71579450796685
182.09295657590462
344.9086988218827
211.489191716724
148.49557536244265
140.14163577916793
192.64409994477182
220.15153116493684
143.40685835911268
256.2701412694953
232.60913796581963
245.299472882665
159.031509913518
151.65474456145512
185.13467969559474
160.97824390044138
254.91772257942807
323.0041220642904
269.6720489671326
312.8456042841451
286.3787559177565
226.8891165010441
310.1955774538767
310.15921433248286
157.8904781814265
34.38575979575717
166.70267611867598
52.75413179076713
91.41479650669271
151.30053125700624
122.79278760527131
246.67622721555608
95.79332284394332
37.3466624185246
375.61848575683825
188.29280436110844
228.03457003036783
117.33676266213752
98.35109313123803
62.53818764974426
150.5464852845348
155.354429165885
82.24415986031886
100.94685471568505
90.53972300671285
174.7543518224952
391.81516788506315
257.0711673312319
242.75516273042217
185.37784047132436
239.45798048261236
168.7639796248684
388.0450856109703
312.7738406606936
141.75683217749975
151.98248068542375
408.5250123919394
451.11233926712043
345.330470062446
181.39826377001884
102.43173906749018
42.57120858401322
10.436695352976358
309.31368171763484
517.0987639872365
18.96204373270632
177.7351696364509
28.918211481570097
217.6260714556439
329.3406240574003
320.87045617882575
139.27967209763528
169.04927516074576
270.92698678598595
355.944474104097
601.9328009463311
341.37756495084363
747.5523640894281
842.329137880257
497.5764087280538
527.1478985914503
478.3769260759477
651.1956520875788
578.584786631651
1006.5208658098674
327.4001259254121
918.8488648072118
424.7433996366781
376.5668858060576
853.5082895763381
654.5776724613271
363.51173710904095
344.00339893371097
541.345068259747
423.56652751079594
245.00040805157005
127.58512783170954
67.75640652587572
157.81595509417184
161.20241050834443
100.70613679606288
322.62852374505917
291.2526347327025
203.81255866980518
283.20756459566394
182.3201596473457
68.69031894433954
36.55531201327642
110.12940991834591
240.9723581239922
535.412526659178
447.2545181349366
564.4698017084303
646.695341356837
658.9174943910065
609.4765311550606
585.6743407043729
496.84730299848263
335.2808111257084
185.86289156303917
122.30778118364151
94.28863322173811
78.67408953842744
48.626945274560285
87.5236527544389
111.58144043490711
60.22322062554019
98.81558133179078
127.29121614959581
192.21244169335216
113.22618800054556
54.049500102815045
86.52389931233495
25.244075751697892
17.169520950534775
56.49170809914688
20.81883467336513
141.59724698162643
211.33591232394713
281.6248444499322
266.5850469425329
435.2359271993089
530.7453357804544
534.6902994675338
183.6280113080337
0.35275069061026443
217.4929539923237
143.89606499059312
129.46955786994033
162.11417999402465
128.94557568438165
63.40730460856378
318.5244993368581
153.28144459885823
34.80754964556331
5.3970230256401805
48.242249486527214
54.798174014791414
8.938807329190354
29.85597979374137
58.64597253118586
94.61231102469696
131.8324457889933
162.21544408671934
173.14890621605122
162.0483973157273
99.23866358064299
147.7027312795363
132.5505285168416
115.47978381798617
112.19283401892847
120.24030825948199
123.5560526573085
122.48035497939168
131.27608009059202
149.4406269822113
167.19233085065912
164.7008393690864
149.86236742154364
148.59818207834843
121.47413230775254
126.87212869586654
121.9314717946263
129.69436345787273
154.09149897249358
152.56872653616836
161.4071218962772
170.7531368727819
164.81076793536323
162.9882316665329
133.9589419529932
99.1988727703723
61.39941964516635
55.03341532678212
69.62937624055496
93.43614896546006
98.23191823370973
97.71905621527361
116.07765567057294
165.49423099461814
156.85454422119892
166.69328010890763
156.43780666179407
145.61722724593852
164.2593791659321
139.88684136133503
126.83267316763937
109.26111940516199
107.96088367021918
105.76908208040379
111.82324474388889
125.37806276181692
140.85726577933156
128.8892025858458
130.57937119881456
127.9320183449451
108.28445281380516
73.7504941834602
60.52010597705731
60.9644031181038
73.71561381225757
83.46223948248223
84.35260707750479
92.80379865186194
91.93495329977043
97.5646384113976
85.76476272462446
93.6997819561671
110.36075573869101
126.26613563925207
125.3869686120604
112.36852695503751
83.95194978060351
70.51451452001919
36.40622871071122
28.835733605641224
57.565220046156924
62.676115442366495
95.84770894071806
103.58398505879427
113.1696451547287
111.72169300572006
89.64667968413795
96.60151791977
72.55019346384375
66.81885625017492
50.19510762933112
43.55021001362081
42.20240795574847
62.22053684139786
79.88157165476707
76.74415320277268
91.65708720494911
95.67209756841248
105.73502637193872
112.30675098807916
111.13424231924989
113.12047051250863
118.5070804714498
124.9377086385116
123.08158733079995
113.13489599265466
94.81580857162078
74.5864620061871
70.20285456712526
75.07382835573463
95.05994699417903
95.02372885138396
88.88421016506447
87.86906711634606
91.31190489820068
95.23233033657078
96.15957812833466
94.85401935711906
85.12037973640867
72.2034704111793
55.75804068278944
48.488864717726756
46.08942052427233
58.63955593959662
82.11515896928114
109.07216095248873
131.71164319485558
142.14869115008332
143.34046387552627
136.7513677650336
118.64688227643842
100.01282023743272
96.05670706551297
112.77863023395832
63.057875116490834
159.91713795819885
74.64731056480923
78.05479142112432
40.436125697206705
69.35879104714172
359.9318016321219
224.48780133687012
313.831231175738
193.54300745628427
232.62274850831704
84.67230533310476
181.391966364597
149.22241263508204
104.08098288005954
351.5372231476907
309.3724392198501
265.6358914067729
316.56650641341764
286.3532628580439
289.6415769528503
247.5920679934111
259.6322024482389
175.32968018365546
176.73534016216695
173.44755990769363
203.14264722156383
228.1729298517987
222.07403911363406
183.6222047783499
226.00719171267963
187.74828187285698
188.35170079615204
134.95799121634377
165.94644997205512
154.69865928512695
233.61224953327792
281.08976028905795
311.9577513710592
257.43396309111097
273.86633045503856
226.90218722195846
179.2847045224322
169.1825846879501
31.185321316960767
85.33425449573622
79.43235244624589
180.5663528395171
143.75803949579347
193.6606271588754
177.07717560589276
227.93155884597968
278.4912756381939
175.87672338477364
140.10849028011694
143.35682463559965
193.09620139225467
131.79391920572425
119.07173076128117
192.30999871677625
96.54090664499438
171.6698072952131
113.03149896512036
247.46819469171112
142.8171159803319
16.250496255736493
228.97359687656626
113.27537892630176
38.9605687933049
19.291891196577353
125.03688190750358
221.9146464592459
192.19074433343008
249.50282831006666
120.96243407206703
133.88368810164502
45.71354664193291
110.12046747089289
112.81901018236636
108.18363576700426
351.23082921666446
350.4246328425527
129.88739643423582
148.4262676962153
43.96337364020269
92.11520234074419
194.71314703091116
213.7855971272927
203.55155958521823
221.90179694639255
115.39434276642896
233.82811678890107
287.844379029488
117.12750968746855
85.49169637153477
68.37107380079647
460.58240228016064
520.7133368942674
220.1947919962289
119.57032546890798
95.05351874699227
101.79890571413773
292.4468146482181
221.48386662030845
168.99780046462013
117.78853535899759
108.44374433095328
93.12948163870237
103.71219492578552
196.55109356842217
40.884674906788746
342.2074215543207
288.484942268237
151.56388287523714
197.79527543125903
565.1401293564918
612.2682815398572
432.214905998438
223.2808670690406
338.33626922063524
501.32756423264516
153.72789658094143
511.1102224664646
412.9507646343999
395.0418704109319
383.0466994134216
247.4295617908183
629.1315604152584
760.4430624139344
297.21071253780224
550.793286802819
840.897028546608
602.7717304291302
650.05523139203
835.5310554342753
548.2159769792293
485.920177856023
594.7630988408015
527.6571782734705
439.06663273924767
498.6757073138076
329.45350465621607
334.39322040212664
220.77360413856934
209.5479371906016
537.9863066621223
158.37505822472986
39.94530200018448
55.939631510507866
114.39506717486245
107.26217980891533
216.62111223212025
169.08193444705387
184.38518718647447
194.83912795348635
122.7836282569873
173.90687113089587
90.23742749044663
140.7004403018683
215.97544546978224
259.6878784298025
216.113702359826
281.39355663582546
218.55177714272645
264.102660201572
155.843784734495
95.58289457414048
20.71670967003729
81.79550834274767
25.39522103073449
1.8209925490901924
2.955735324254647
19.953309389984327
28.79508615758766
11.020752463387907
177.9453679507851
255.15600408490207
445.61327521219084
504.6075502489076
535.9094032663519
592.1790039426203
593.9001537181108
618.6733758994856
647.005199360579
728.0830764383754
743.5844400832658
852.8071548312149
832.3839207890131
790.7109835724438
727.7014334816752
528.2105359661948
427.2856761382591
369.42621200430324
358.2683701440825
379.45989500338624
326.7141918883833
259.2343947460787
225.84917566438617
212.62372622537373
119.3110084976006
170.12046557182964
100.77880128390132
236.45295875896431
279.31238525298863
364.5559850671382
465.3816504482994
513.3927580687727
547.7126597263799
507.51365992555145
549.3853351519732
586.2790396256911
744.1617744662939
818.9445008538081
803.8553085342743
709.1102538148008
645.9558151334913
530.4884554553674
434.43648564106206
338.7035408159652
308.7411900489917
96.93226022207011
152.12980381528075
102.64538828197749
177.14982771304153
228.75893471961513
171.73172438087477
224.05112713696622
198.21019602022602
151.64380444900473
147.97068227493457
7.953195687630455
104.1107393904137
42.95029375726938
16.97894328375827
1.2615817954987847
35.49106977360498
71.55810635005855
99.18304704966118
98.28712389143868
79.73998969718718
71.54556275297597
60.99902882144556
92.8708482361065
137.58638293833297
166.27454702620116
177.5740995587867
181.9375922134924
174.59546170914984
182.35623524049777
190.83781991110538
187.33381586818416
116.95430569077087
93.91578649144532
108.810304505808
122.53595865425683
132.47578786679412
144.72571629445588
137.62919730023287
138.06238275764002
134.1719264147644
123.29424662760886
106.99916827415029
94.07603764980513
89.03560807673762
91.49135659880125
95.00322477179327
96.20350234714999
95.95357995255875
95.63728193707993
101.84246773749288
114.40274353447415
132.7236550263185
142.23685323108907
140.29891938361152
128.46794282100132
119.05332200027021
126.3556044870765
147.32747638358012
153.3712881694587
151.57998859491028
142.26967083340486
129.87076206951002
118.86560751438765
109.52125364895397
104.65225887058568
122.89585985098023
113.4242501891153
109.7580981581944
102.50507058400012
96.95049036949933
85.8097734595791
69.71072388366008
65.80583366771992
79.76558325202649
69.18245006386525
75.82815198016124
81.89571770691612
82.31137402316955
86.46850643995799
95.14218599514834
88.88780102593279
91.99333881829796
94.74072233285699
70.65879225175945
70.36074446097297
67.14187511477667
63.69004965250372
76.17676623923217
84.5470925864903
91.13091662210917
107.52029194075345
108.1479074701241
87.01736823168568
78.9267286174944
78.7784459366332
78.18043779058962
86.13662404927902
88.24683336652055
91.127236213267
95.63136828192859
112.26703317607291
98.83521533708671
88.1209993422533
79.79494294864406
77.40943493002663
82.44900911863243
93.94275779496672
85.6245508700618
96.54263217327775
77.53324641756109
60.027962215786886
65.99694571779622
45.867410956278206
38.07233318448732
36.28582724815027
8.755292418812076
4.534971587937946
56.71050773520284
38.64957677012046
77.86697607525304
89.19573783250632
99.04605302565432
115.40699322524921
123.6982783217241
131.4992006548552
135.71671357472093
134.57635991251084
130.32141002770055
128.4134167681749
133.36171610191008
138.31072817932056
149.59267273796598
137.22475530359918
129.51296003381287
119.00373088610894
112.95350231792042
116.77372817641793
124.36826801572192
126.783256578796
122.5706978596561
118.2783509125756
119.20325659797709
123.21106917162439
123.62507277370537
119.95197830992333
113.45699820435237
114.29051973644499
120.01226525860028
125.52785330597919
130.63810821251735
113.72072235754337
105.60265466818635
102.4261970754605
109.54990367433709
120.49167977749516
127.64604627519532
127.01756084429871
121.10362948624555
113.73182888586058
109.05638961476023
106.83135142363517
106.34845171518555
103.16003724932426
85.08882036518906
46.27918483205144
4.9186493923698436
22.824494840950422
11.279833350496574
97.75184552655406
88.69741404134135
143.4300463507588
26.86059684419172
64.23211973678792
54.47861840504544
38.18284589770957
13.132237222860454
242.09865720958777
403.86580129988954
489.77434000215464
273.9945763637801
226.0438895355744
91.8169143296451
76.06498087514933
53.32238007508738
1.8926053244398418
163.06900405786484
148.08739872407762
263.40063484433244
381.34905919202777
314.23674525251477
164.55080131988234
219.48316238389532
179.40634369877068
69.86237224854744
81.36789673596309
161.73961111218864
117.5729097262373
192.8741396645113
270.79511974605464
226.97754611369123
288.95704949984406
236.59051746872683
291.3701681493244
284.3644715547407
194.6387428071364
195.8800328469464
228.51738697638086
263.1721891205573
209.25660726640388
154.16458324397195
165.66508439155518
104.83792009855961
173.05560051590123
132.75725521806316
169.30485761284876
115.37808618148915
145.33867394937056
270.7902896829438
206.72626673424452
252.80382064504386
187.43462370951784
150.88566252099577
122.41515337033752
162.327896301907
166.0253299944643
148.4109000140545
105.52505001033137
117.64800376026187
221.1297239050948
205.20448903477336
201.80864129877932
257.0028714866381
287.00500442839643
247.908404439812
184.02610782372642
56.2071799205014
96.69513348657074
679.5630989996246
788.3269613083676
875.568025066045
909.5113619821561
622.0768505115213
586.591827145171
407.21261110183104
43.73436215040579
157.83592272248848
68.87995612414988
307.72686421265985
97.82690442890589
82.99644930238128
64.08810993089833
47.870359642681706
123.80473912806701
181.46047876385796
190.35437965696315
293.06785713541694
125.7395664243727
251.3353838570356
238.30371244608523
218.44429759294326
221.6345371423722
121.77032950890134
142.94141049115728
10.18982158550466
33.18277575387583
175.4853305786428
275.83796527602203
387.8175794235283
566.0393176539495
448.12969304437047
320.23716308643566
169.87024340225116
527.4575012830717
476.55221368998934
175.75364536779762
254.85995082335006
245.10409302035043
271.8681330370575
5.507204808455299
70.14551654631816
157.28022442338363
135.8079196292215
178.1029309494661
149.6894231185106
117.9441108386867
332.2014835394085
221.34458330300083
182.51741887504159
162.76299993287284
506.86061880564444
342.89425207692307
564.3200784492954
619.1955464119926
956.8912094773648
314.30795525385497
324.51947084298877
559.3210794347618
42.74535635517691
527.4412921797071
764.7690972451519
57.4909690859015
375.7809759874551
587.3429500755605
413.27156150582505
450.98337233430516
381.246244612747
14.64197257564274
163.36632396351638
597.8231693106562
512.2771016303503
363.20439122584935
256.01628636784153
157.69545214862364
101.12605850022555
55.98296100662583
26.31633369547717
155.66047136201905
285.8204237159986
253.23105348035187
283.48971833017515
334.1164368981648
225.75247917633885
274.24399987814286
239.82912666295874
297.3369265438888
299.0824901984997
260.22555590733134
362.4502805390496
114.25483231261285
158.41016390157415
164.75367555536934
313.60988651757884
241.79220079642926
154.4681868247702
200.8392379821031
319.3426676042785
348.41808712779846
406.66729071158363
530.5354825312082
631.4743735505897
750.4088877405619
792.2585605367441
832.1321479062709
819.2772590747487
875.3674927214864
844.9712864013719
796.4255045734562
657.1820490448885
479.58907251708763
464.6897127484508
414.17753261841756
385.46887076522637
294.39309224624856
255.82986807786642
154.65006684031152
190.3593073226399
142.4580810744843
191.05212564311353
166.02498838366444
222.71420863667754
309.93840173294836
333.58619473657234
436.49345498266086
539.0749176286799
669.9018223048203
702.0290320623809
733.1160564784342
744.4940503541719
705.2581873117359
619.0035344596417
496.5352484036365
524.3192498675876
358.9618608353388
49.61766525870996
71.75463883891643
218.39425517287566
230.27612111591327
290.91259318751645
283.7318841120316
315.7505749289471
227.494461403645
97.84734910676138
80.80610873959733
93.436687547318
106.16629971667106
109.94247265763664
93.87091669457567
64.29578822834998
36.53407317369579
2.8647399831750135
24.31926101393981
45.78825423152915
51.1446037417208
57.71129629207047
67.253926357458
81.56268476039878
82.73439894517333
87.38510077495806
69.47071788072253
52.549200274703935
92.60630951139757
42.54759699479655
26.154341107386074
23.57775047956494
39.12192742835532
76.59923260145467
84.77717401646953
77.73393173465706
67.11999626152993
63.509581039350564
55.26262401726461
46.991140533357566
53.169684386557435
89.55178108856137
119.99985620940737
125.40846806470353
104.8990129217434
93.16556212518901
92.2674455403963
87.40044377622127
95.18835411107551
75.93945313249031
65.2967612830742
45.64583655901191
29.30607081525966
23.947672663116577
29.959732366738365
40.260072520689164
38.45221905405208
33.315663572949745
38.35174231964271
67.10042119458188
51.09355832632167
52.551925288108805
51.955844026651164
32.26201473131425
25.863168710146397
43.14188551535551
56.379168836846986
79.678452330205
85.49405369634343
86.48370839392396
71.32234987297863
48.49728405221339
47.102735472944744
39.097622403229366
35.60544336783403
45.001680404629724
51.6740717638686
40.366230522124795
10.590863324754935
13.345422482066851
3.574458992307541
34.711633314627306
66.61641344118624
73.86999522017288
82.85001179386376
84.66917938973677
75.14911034217857
57.486285492516004
26.4233950572675
1.7163111331948926
50.73399521785285
81.86916489525794
55.96791073641384
3.525139062567348
29.405540229460996
39.753508305358366
48.52128058242107
41.939436740822885
29.571966565625132
39.298531542772764
26.95362113787229
32.80545215446307
21.964475594142243
24.874435193394106
40.474737737284556
69.05040278571431
87.41357964859344
84.96394974560701
68.0216734903716
32.17274138218153
16.84489053667511
71.03259370974513
71.8294444527948
19.516563757804306
10.963290415379902
23.82337439585092
51.28067116683178
73.42108207874065
75.17548746468441
61.28569325166967
53.34824584248071
61.87628755868241
81.39291100078071
93.74159782152816
94.59239252750808
83.79914595540879
53.85390424781633
38.803428286812334
24.48610080180208
40.7617523035816
68.51360245735106
84.86631377655078
91.09763896447402
92.70251314156309
98.36592192404561
104.17058250554697
106.79304219329003
101.47004966381814
89.34316382369235
93.61932414670287
117.3354293196121
136.28432175779835
141.1969316324267
136.4051755755214
125.75428937722126
118.56161784973926
113.96908836087425
111.13362680852867
110.7323828748672
108.71227590506936
102.28381446320418
98.50285163019942
91.06718880810342
51.335214708464434
43.97738245159519
139.6396738119397
154.82753598539767
73.05457189615277
21.025242333390224
62.046507982212006
1.9799907414513882
56.47040414183755
15.841281542183879
39.91872097852155
37.71613621167592
46.46141088789142
62.99836630252321
60.341912582415716
21.304347425148194
23.195818918923692
195.96642363970307
513.8016354058985
34.65932817602982
35.72683974380175
341.6458289352114
341.5142576775344
339.63641952384864
263.8386916972386
322.8101504731442
137.63211550180847
239.4121820524157
281.278147305042
350.4005308766099
358.97244344137164
420.9816208324039
189.83815084561843
296.8677410716497
317.15139387192414
255.02875570425272
242.04863799151315
228.39714368379896
253.0622608768864
303.8543469240252
235.62705048719022
224.52861654064657
223.57222235784934
216.64706871027022
198.62262507320804
163.9582633258019
241.47804009837796
270.29116532696185
262.73497269954396
281.946189223916
379.5222258462328
269.84320985695274
201.02533082762523
199.92713254704165
370.579071099854
365.2860765586248
282.35223852916965
245.54984453567636
224.56096875279854
125.41020847206505
139.46569470850613
183.68452989127968
180.87234718220566
243.87391884631734
369.40189094719426
243.1940852451371
364.15862713284025
316.67015924180396
345.12148877898403
259.5884969860256
240.6240774070816
317.83522413477385
357.39074725534874
351.5926191138087
410.49158104080334
282.63674554126897
303.5531963887861
258.8105725953262
251.92642900186672
257.1190708018114
242.82431203613464
229.45770615754805
204.29301716794248
83.53352339750859
443.2603590605315
483.5694625466085
330.1146720647341
186.21739650962377
80.08563574651316
413.3633348073279
352.3458305139384
314.8493889127674
277.3315552897577
299.6527516695644
154.84654690203934
322.9774803326136
322.81782483372103
225.1719123536384
234.44347040260573
435.2987195154401
434.290185982107
313.72212650278925
216.83191197818792
306.4916589390232
115.21155314310568
303.4534149991632
303.1684542733017
347.0427403610656
387.45326383906763
356.94569068888177
429.9605938338036
253.39519310210017
103.39771089053511
349.97552069828066
1032.940722338
497.5805692832196
367.50131871704093
366.59648551255236
66.29077906164639
133.1508580550135
436.49909046274513
332.79242208576136
202.14025366890172
137.6830228677244
103.32101287935882
62.124733250535314
58.00654851142281
124.1434477440472
208.7356483007717
127.58688682865807
249.1834701863025
73.10450242718923
173.2921917049083
119.811203070018
338.61230137524933
368.56984120937534
221.2204735496383
464.281005865216
631.9857633636649
590.1445324683384
533.6730719816018
289.58239402206596
376.19816808872815
518.6021352910839
590.7045611584178
765.1997453628555
438.0539700685174
893.5701829709197
602.3819655548477
745.3484642331593
322.63865167360905
740.7044713944533
830.6452249323473
889.6437371267064
676.3791246178162
488.1524903901741
568.1070217179627
525.3035031744521
758.2813245369828
909.2312101198878
572.388419668448
561.2759163253961
535.9799271536148
691.3807767805753
526.7079877648655
797.3970681071432
366.5217090657791
335.6503249141804
94.92897120052862
417.30321234926805
343.8424181393855
266.354382889564
148.47774616981246
38.36272918101736
5.696027035387942
42.558724485837274
206.1711796523598
277.5041675360581
107.1434935871041
66.86810587744856
15.227383112203995
13.907819666772411
1.2081918203388682
24.318207980788543
22.215141084873324
9.647755422265902
32.54911734768439
39.670274928370304
44.12024325772495
0.007842707420820716
83.72687428703915
21.504689336066008
161.44063987201184
283.48748252818814
485.63143588118726
602.8717988230202
757.9985576213489
854.2105508725241
879.6002997833826
849.861477645312
788.128513972223
755.6639028877815
554.6096653129215
348.783493227431
234.1638000551211
201.46788048749806
183.91125869186146
342.4952059240319
480.1798178471571
444.2419479933877
411.473074868754
254.3641331412399
331.04142621846484
253.61505020032587
257.86459639220914
376.2156961510444
393.9370034067824
480.70777639526796
601.2732411849249
649.4172217890366
679.9511137953926
625.4172390190183
569.2922574564451
587.0305653080931
619.7637918434746
536.8794666464913
403.90631873192456
151.58996505083348
241.20570860476028
198.14336919879895
299.2697128591667
238.57012472248277
240.90057807985215
257.95006898527504
283.7502817543742
349.83293882015164
349.86213718424983
26.602728422866903
151.1064943761641
44.17081861004527
41.48719665408635
80.18997533482644
58.04057204385566
17.312624004631004
8.029547490949938
32.87663697102812
70.67754981875828
90.55880201390187
113.03051761971705
121.34053392640834
106.06566002893646
98.89545781097445
106.52817322396965
108.67657244751962
127.92753499190945
128.61783520094696
130.6801117457848
120.47842171684033
105.20442826644216
74.61401114258155
67.02874088182148
56.34823914967211
82.7683943125175
122.63245864873218
118.62047438214998
121.5443669654226
124.64257642370052
130.47300107582018
134.29928444214434
136.06092739521625
134.2831618773788
130.70103690571784
127.31455275855367
123.87186908768217
129.0303533735354
139.21302003315412
140.692261732256
126.70045352572927
114.68499451517323
108.67522755110124
119.99399770536749
131.3223199780759
138.77039030518068
144.9250418923065
140.1154317927067
127.17165924896548
110.29951007653463
99.17494707991122
99.83723279393539
106.83940787992856
120.24691132031845
130.61627914632174
133.83164909982807
126.9535767696114
112.33730650691226
104.70197193381185
115.04116969127429
118.16857829474293
133.17290452909313
130.67409339282983
132.96906806980974
120.47707882740875
116.0495933427282
99.56697986044219
100.56784091495484
98.17115664804709
94.03986028473093
89.26788679037915
94.78206332095903
88.19967322313548
82.67074146977933
84.27508977494969
82.17811744969595
96.66381545994193
79.00493643064664
89.9659705362024
89.64531100095095
103.63065754065806
95.5061704303576
95.00568677709973
100.48931121567557
85.7460878584454
77.95444976677146
78.69774332820123
85.2130318363744
93.83511461152472
84.34180688862585
53.259629213654705
44.06611053230495
46.97138539043408
52.73398942392532
64.50205053670294
78.60660416008051
93.14017200213516
71.24942474734843
74.54905029015436
83.76518674049078
91.14015860186743
94.59690162983117
91.49925953344126
85.48366835507841
82.3741658398597
85.47928810449628
92.87037763146847
99.26280671937997
103.56079729293825
104.94390510808066
104.77887134054916
106.25708325055129
105.40383964767304
104.3910153083961
105.06255739059398
109.2772671224418
111.8070897772854
112.50071006730639
109.7068623124369
104.53286340545154
99.88622658129296
96.8941667494289
96.07698706675276
94.39542605918842
85.73047885029536
55.73887473956677
5.379264918342415
21.949786864594444
4.5331879391960115
59.389059925992
80.26477639041036
82.52172315576388
88.159377530325
94.55548505976637
103.47462076113172
103.44271909399686
95.98021372121931
74.35839414748875
38.3981473422254
90.98173715074023
18.42575537890599
13.037026176435518
28.27703374512862
63.79503412839921
160.72897864944179
127.47854147494189
89.53619907352419
82.21748561668767
67.01821966041848
44.795613184153865
158.21353439882677
373.5600718567931
363.7828621573055
301.724449143461
321.9676843255596
303.36496522661616
289.9299714091345
246.00419890955982
174.86558963227196
223.94064169177602
227.96483425452686
216.98628851144576
216.27280904915767
270.1180867065999
195.56571566129287
169.09583406167235
179.20877532344093
223.88645275684166
263.9750449183099
192.53203212243545
243.1806698213419
211.42303375513916
270.17056581161614
227.37301997259863
282.6605087385217
243.66727640752094
225.4706179739876
288.64159463871636
195.50298141883195
202.4607578217392
252.59616678420093
341.72753944868464
291.30834307224677
286.30632609402676
265.8255093949807
300.28433384581535
204.52045277079378
196.06854145794637
216.2791367184857
177.56801920719568
249.47186149918434
247.27967015919626
248.0071425087399
201.0475928194926
163.18570631652597
129.99801906232983
172.70270067415754
169.53643012711746
148.78002111376418
116.4742786964789
206.83820986328942
183.513204981316
263.00287260739753
220.24819577940627
250.53155893474388
256.3992012064617
298.1452858928552
204.97236077493187
286.69652812448055
219.053678180132
37.961947815201256
212.1855070428279
245.76221243690816
50.244260148216654
27.451980114890603
78.40271575631732
87.94947728342481
11.977790699865182
140.2952299482247
139.43690294940234
146.037755266369
78.05633146713467
110.34329384708599
231.31751476341356
272.2471773029231
256.80119080164695
176.57035667063838
129.16156361604408
57.05127636066982
37.4930730675494
83.80209784217936
118.62393138981452
140.09586423015185
271.27112536145114
52.30430319267589
185.01591894316653
120.42850619510023
246.72159728945735
188.8722558636157
59.55536331020312
78.37566965054111
294.01032838323226
549.9768417589878
542.6656136492334
273.93536110560467
321.54309069480047
212.3539567865019
135.28037428337035
89.91610291357046
1.5369743356854428
26.37972361844612
50.976249997475975
0.06226555078751517
59.7805057595001
90.14872181247995
54.3852801957745
127.88620731153162
203.6973574190663
216.80362685071623
200.64083978612155
159.14283980284358
125.69152647195062
203.57895637517254
472.65683717983393
261.94843099117975
322.3641561157456
439.4717399786124
322.13517599562965
306.01291257960065
350.89430396282796
445.9380063065189
95.89196527891386
276.3923683247891
461.73103000213837
327.0410707798984
414.858606559435
206.58444930855796
326.20206296304
347.2429888219027
466.91163702142205
230.73224059038864
316.09195443918236
344.1036392731353
519.4332695921418
59.954813660990794
51.85770059169977
340.4068237021253
161.71274224255478
116.12188203097537
13.054015862566189
28.76363816904791
70.13935179848352
159.01421665842088
19.681702805908117
141.2161791463543
243.9168472636096
250.07723087234353
218.6234148434978
200.8763003629192
130.58144647195684
209.9304656238868
207.69395967140247
278.40527096402934
225.69293519706093
315.48602932213225
257.23107172712014
262.3570814979827
179.58685916287942
167.02690269169392
138.7611025416283
47.81009394934944
94.00972512488329
129.98447889449818
48.80639950165471
44.2280838672408
110.90236398918421
253.9738036673573
220.1783264574202
207.14103565485902
315.5721459082131
355.19376266236986
434.53873372622104
482.00849113131164
493.47864781993565
425.0982150566231
426.1948505560762
433.9977086338097
413.9651873051848
428.17917126667226
196.9931966787616
167.16945522566334
160.7788706668448
173.12971042559548
88.66013933306147
91.37475364934562
55.635110645416034
44.09696079324033
237.3931833760953
146.9895911204104
186.47226806352978
121.56729952030526
147.12604712572852
165.2109359062581
66.8669789196939
122.3365972819173
65.65226938000217
17.773917096779087
186.18877006131243
314.0390471090759
345.26501557129745
374.4189648339169
317.8368792301835
416.57117984381307
353.61814541565
357.9601915620163
372.57469504430014
187.2149536467516
256.56772889203853
135.08695844698275
135.2664405763942
264.17931362813056
296.2192703606647
285.52205661064636
297.4413347672819
332.05770884635865
161.9396484401434
107.50624822083734
132.69613738086633
151.36648822094293
130.934939122022
95.75378277489068
57.87320649346947
37.10751714646028
28.904167840662467
27.83641812871349
17.565721477161617
5.437288507945198
34.1675976497238
36.98103299744497
8.02193271178794
20.293587355149384
32.5391595319939
46.849927212844875
96.83851004665405
114.9594149790413
83.92854904346416
33.05024970753249
3.8757676800946683
33.21839194050568
51.457136040810326
72.67073999852795
84.2547468434338
85.81588085590334
73.35573700880974
52.33640194711802
39.57294453973191
37.141561931867955
36.82414158156348
43.82067870915739
51.95686942642578
51.651705235629834
64.64795206576753
82.69504106475483
96.61779979835987
93.55531692425694
85.77451720688515
80.13763567770144
82.75634437973312
89.88605470381853
91.62828250038578
88.38791522075115
83.94343082005207
84.1256570948317
87.86007743156316
90.8328427036839
92.75832223605144
95.29525642262203
96.2902588095427
100.24561769388538
105.4795820136082
107.86212108450172
106.07811465989712
104.00813219764888
101.72503649193965
96.23474717997487
87.40228670758799
77.21447142822325
68.14335411659471
60.82934658646457
56.95792938502393
54.414498929497256
41.52716225168865
30.672230383611804
41.17392091536652
43.662980935504606
61.2666717700601
58.35540744580709
48.505735109110844
44.04898748196888
37.24158889026211
28.130577412448474
18.299224338972806
0.6425156259122105
6.864277085608535
4.677638543223338
25.238346396527902
40.600416331566066
58.61116673244129
51.01773875612537
53.59613909012768
52.565550440344396
46.46024614318026
43.47845688487695
41.64632352362139
36.684376091929664
22.905127338022226
11.995214800913118
26.662781592466615
14.579842611914444
22.977276321287036
13.043962665861386
2.8802766610033927
29.928303764903774
46.24587811488004
39.62170490196968
15.2629534155422
0.8556404288327144
1.2883099306636154
16.461200400924156
47.23745885138351
34.880278753138214
17.710704629640475
18.38846347811551
52.082250558575936
58.64326611228529
63.882937815332696
54.84403201513538
36.519609337107966
18.57551526187683
9.936101092706394
13.760746665385398
29.34032275221591
49.461899293519764
67.18933148590105
101.10991018405264
196.32792189491778
275.0044930437349
279.5348236889221
227.3194412993003
139.31905041426396
73.89152611897009
44.2962928022738
21.577119438017746
6.225373599428281
1.8754211072240423
6.477081575251759
21.566988774184324
31.380746421355127
16.14808502942651
21.66336561499992
51.665511708175586
56.936018469720466
55.51360483401692
54.480452472512695
46.496860739424164
42.5874777840138
32.41368023102649
24.90348433971377
26.284974228604597
30.67967762018276
23.913919977489172
2.0669741137747337
34.32528384176794
48.21062582845889
12.275189582406142
33.75699213039536
61.60232676442706
35.95516705081218
90.81412005768163
50.52350146714775
22.39033689886486
19.59942286519123
13.605099200583027
1.6112320018999071
14.996061934684008
49.516557426767804
51.296387081907426
165.9537832656937
197.27619016205523
157.17029815949553
23.301899469093485
310.74209609032573
271.9868775003414
208.67991078610123
194.61524183431436
157.89142394041562
67.78434887203036
107.92188385945542
100.78785354586535
164.345253534652
119.18823763194757
177.20554859722017
137.9046095733089
204.12108986649378
172.8197549436411
179.63766338745472
186.5524949233311
152.13124300631762
151.12213557449581
144.2331659912328
120.81560546517221
92.20500003731286
121.96905290963355
113.09971327226492
156.0465267013317
178.93077079866737
206.3435802676904
245.25340981926138
271.20947443082116
267.9975854725793
214.47683248129283
201.66158692035958
202.73039094217665
257.64088461323763
157.35789707611218
199.19118102198604
119.09830622053585
168.5189773564456
189.62742368078545
178.5904184416263
84.85264628782056
25.2972893193579
119.60226582250209
112.15939093796067
92.3586768713144
119.94590453847945
150.5218599260843
123.81647704406464
22.601312470090306
3.104079942491012
73.71847588380854
124.07135756029709
129.20739806502434
145.76410221451204
122.02437709686808
101.29281684968396
64.39374704977467
35.943907033553614
58.75426866869293
51.56849433319235
58.081322207526455
156.25005494556456
195.50659332687246
289.3943946748659
300.7266296778125
290.79963512437166
213.14831377598807
162.76770332883666
211.672658589594
263.1028567541248
246.44218691432138
307.86195651543244
303.43856550099963
215.688074038776
260.42135955407616
311.23815433931577
239.22931446466646
274.13977377168703
313.00323526908096
296.3987444480308
278.89768849250936
296.8847016858306
248.3161654014989
264.674478079917
424.2886422534049
279.06251717623604
190.7504766957611
593.70140760591
321.44271436362396
257.08081512816466
126.49684445751393
276.26158411803794
439.1272667485822
371.9857369985548
287.72311643148583
223.1603723442919
117.43962229819687
125.00747608727812
142.29305455914164
44.847087676875844
117.3462730021572
199.8424959318486
329.38323945205195
405.5177905327938
516.6466365185437
597.5191546407358
545.4112529146788
448.54722427975014
448.94074986194767
520.9958679077827
430.6905011183418
531.4312770927139
530.2800806731994
455.62339248162755
568.6454204856182
482.9764486500038
696.0102642602303
385.9548271491642
328.2396197159479
465.6887857090413
648.6341634669142
506.04462040663395
458.6533708160023
589.3366644364406
378.7029612057793
303.45855623137925
525.10693674676
412.34103248175256
427.36322605589555
496.1732576132571
506.1185671678762
313.8621270366897
262.7496933111098
84.90580204937544
95.03879009902403
209.75317967968442
318.60960646962184
248.14645016801876
83.21249766774702
261.36268567187585
245.8209862988798
320.1705436665669
382.4695635463321
348.52761794407115
455.9192841450257
558.590438014314
612.1328495758358
687.1834665222194
742.5283412484922
734.7087847891775
739.7144954885717
683.2960156474933
565.323000864343
533.5358853072856
480.7485372109601
472.34507436878687
480.97769224744764
476.083096226458
448.7400872894467
455.80061281019096
387.46880431940076
433.09218219058175
391.9563200104449
372.0011763922705
394.256483338761
361.50163323161206
358.62620344685433
398.3448779495376
381.6934334609912
376.27834549989757
390.94375984450005
497.6197104773497
497.875245719276
588.8851666166986
568.8280366569536
577.4694691152695
429.2689595264863
388.8920246123831
334.9595232784285
263.26778376217214
101.12403500816617
16.784685483178464
133.4439491357299
190.59590698945829
37.14377004779578
175.0467588578647
220.95651956763254
155.24831141596144
202.71364748895655
0.06807485098386223
216.11550161717764
218.31173855662894
177.9311627101436
145.4795592482439
125.81055837424282
94.84791786688731
50.48914846806582
5.832687792350214
8.70310621172996
9.300549106405697
12.196377450383352
31.66964821056331
31.150452820983446
11.192989232589298
24.394213281275256
53.14533870183425
65.20572289027416
66.77680910179913
66.85287241913659
57.05008013932979
43.27719793270438
32.685678136945114
20.46467720400534
17.613939276145004
25.810032625746658
93.89769177105904
119.77049143583326
90.31129665964266
42.423639001190736
13.176365621226182
83.47911429931537
78.64980066794215
23.548733943795696
47.002176296711696
115.78641940585078
132.94788002062023
135.14915440250445
109.4224431019901
60.19551812600446
4.077522442354734
1.1698296567383295
65.65194492072595
123.23980894341076
147.68954560959082
141.19335156988393
163.22888642389938
143.46973679252517
168.61842841721523
163.1751763727579
139.1762612590195
138.44517720368992
167.6048279617733
148.92068586727606
154.63101129076688
167.1899411594655
140.80492077471058
139.17521797120833
134.59416061437696
155.9578838057589
156.50166937082923
141.9714601294616
145.82792896608998
148.7100522237323
144.64908447234018
140.75025324823844
138.624265881216
150.83044990162074
140.32857307577
149.36629794029454
139.03553720901527
119.98626654546769
107.95135925617268
96.86080311531629
82.19119984718316
75.53610351871299
68.36206201605023
76.28112581227003
91.0949261599277
80.95658265625218
90.61730701586038
69.9295540338158
84.8398128847308
75.19204663733717
81.78365928644274
89.29043441292612
75.07162667301702
72.1207000511979
56.69248217036443
61.90933680226459
78.30498243066546
93.52428791745655
109.14297686633739
102.20681225569984
92.81452684563578
56.57385135875552
9.70069798412635
15.413213111348682
91.6378718586069
99.35877913291267
104.95030830575672
98.3008945119293
85.97135852519955
78.21918792119885
38.59644076388577
40.20820336204099
62.99251705176994
60.32864757295215
89.17569211649857
97.69244002815913
114.58421183749704
125.13715684449983
131.4651790237396
138.51072490523103
139.26344253552236
129.83639838352093
123.55376950197478
135.77041840978478
142.8951128185986
130.78800955987452
100.24422675991218
85.36111188572329
97.21144704944902
126.88292914462227
145.69068771065054
153.87384551819696
152.93851035317437
145.75500548000224
121.89465148464933
87.88257480279628
81.6657092949614
71.69614662228452
74.92280374036727
82.82806215456264
97.60595061187706
111.26356993218133
128.32294839192036
136.4227069015975
140.26455173401217
137.4865189510498
119.29866274562346
111.77583637770442
121.43426983099641
125.12705273320762
113.03107848914249
84.37699488869231
61.31861762279914
54.152179256019224
63.24241324786624
67.66213107721813
44.515779680811875
29.453729677954925
48.642847653335366
8.107941451504757
66.69860830595985
108.58259701896031
116.68082267601108
114.30019041133829
113.57387055805833
123.15752069111835
136.72469372738817
144.82177627655165
142.33105742634223
124.85510880910817
84.39572067730626
27.672214829175573
15.163320206983258
51.802021889823834
49.94636002084502
55.47851966791734
73.29531179990806
201.09066191928537
105.60891368675357
5.334723497080972
8.590243028108375
22.348391257799562
68.06724767590038
111.01111497203692
250.671187191468
315.6215028564179
298.8233137816137
69.4720444125004
67.1210499492953
252.785842113155
265.98397477308936
192.15172444394898
195.7956191013758
164.14180533486228
138.48407286936663
180.32749587957005
205.9289133632716
182.0311477731832
206.44031605379018
196.3229867706948
224.1553257551493
243.11352220674462
206.97490874461596
199.8302934423191
225.49901912262158
234.47881790989754
212.7690634428966
185.77182111086972
169.6409635492115
156.44840606862044
227.0462625908591
255.74586586687565
251.02980898680607
206.0469788774833
265.93213487905336
270.665531523857
248.5703589146417
244.90384406986732
145.2926104767473
122.00656531195727
128.5795810902723
133.57509612475383
150.846263277145
180.6888419850418
120.23235209868358
136.3948800617261
175.66441488208307
180.23199303874594
75.7644117914424
52.83986722356826
5.549897067302027
24.892852562425787
78.72974282289374
47.11252001035268
2.390212740726156
37.56415921171174
18.363248833339412
43.39021084917226
61.19078396493683
3.935808700952748
0.6467805130735087
0.2149643684970215
5.21944223984292
6.686682426153993
41.67207248475279
39.512654583837275
118.44895625661297
207.56181384170236
254.7029589406095
313.75747534805555
441.8071041217361
635.2979124565757
643.072954808147
585.0213254866528
569.8425182627832
577.5004460204179
700.5255489553508
755.280416525258
726.5820763644822
421.0879360375168
632.8027402559271
665.9192866551687
578.2799201253763
589.4935589973031
414.09309340895584
453.78187900330363
463.4727206533787
570.2692839467238
629.3248486053069
815.6725847349028
662.9740950217508
794.1198308922073
753.9314187857665
686.9926680902502
476.7441312555486
904.9551494461518
708.8692640858417
598.5662917481122
418.39200337956777
353.0161087857432
330.5779090986955
346.9776525073763
496.9650189182323
400.9441430666923
406.3621658842151
463.0537887998854
337.5349581035696
365.3918565879569
371.8027206103559
430.1005104252879
460.7996780316471
617.5800296946976
892.1540422994725
622.6636038056217
569.8032223676935
676.9691505489707
777.9707100320891
978.8512427595108
988.2636758415113
691.7959826516981
677.7649626052855
846.5391047130172
801.2026167000619
801.8153141265697
690.6342711233947
771.7310372163918
824.2823400868242
844.7754565455266
738.3355043167293
767.1838860043678
655.5375078880361
961.9743723581566
706.3352605329096
656.0256990619973
786.1619319774896
884.9094532109582
732.6474759870409
658.364516140057
721.8453602336448
572.4461208351888
335.7387066578624
307.4799409241298
97.75226776503769
42.391866680502744
13.331013290118108
397.1962543412516
384.15436553157065
398.7084727760158
392.9393766493504
266.3962940998332
235.266621112714
251.89558473193665
221.37899754953935
255.80923714882545
196.26743017070737
301.9006553397719
425.57668656757687
503.15882927092275
666.4522899987636
672.8742631849533
687.7802770349022
829.4297710715724
809.6517729392419
885.1268297165668
833.8029933803678
761.1761016877911
659.1964712493105
690.8329224963061
656.4150833934898
519.1374310769082
567.3853989085378
520.8212393785878
537.1963517746608
418.4937336462299
450.4853229599088
381.92358575645085
479.0204216671269
619.8602440164559
682.8984119854026
568.6943121837039
587.8044178835644
746.9018746296972
590.5890788068448
691.2919293083382
638.2270763947466
709.2334723083623
669.5457669165738
647.5681937106633
694.3403788534081
802.8485240870439
707.761946757065
622.6188193296479
625.3114532934921
674.0793433707696
612.2942543463628
259.75064734591217
334.81074382450697
208.40217502402368
28.93359278845105
107.45159041563238
23.040084259479954
30.252647161547657
20.146206040431935
87.16009758078371
60.43422521127286
172.11135081959378
331.27026043775084
231.40837663025445
167.5784161291068
100.64093961072797
71.06673100853232
70.685708392111
80.98186610410198
60.63131294959908
63.91939197398278
59.40655771976435
67.53646717162019
122.95373543569679
105.72921049972433
59.1212195424597
0.16187064359928627
24.0842537381626
30.280961824338647
65.93635751603807
65.22875172451563
47.05824703530186
30.381612622766056
