0
358.1738
355.73187
353.2703
352.0931
351.74136
351.6579
351.80655
351.87726
352.17734
352.4711
352.41412
351.71274
351.419
352.23413
353.99445
356.09103
358.04526
358.60934
358.14337
358.02618
357.32806
361.9528
360.94208
371.2063
378.6068
375.08224
374.66876
373.0578
366.94247
365.20203
371.99066
386.1934
396.48877
385.49268
379.46606
378.26038
383.32568
390.97003
395.38724
396.72723
395.70795
394.7259
393.50818
392.67618
391.36847
392.5199
393.58475
392.80267
391.73724
388.85132
385.6937
381.41235
377.95532
384.1936
393.17862
411.317
425.3789
417.13373
398.01483
389.3084
390.89453
490.94263
511.75372
508.5865
500.1814
472.3431
447.503
443.65024
445.64264
442.3545
467.18658
493.26556
499.67065
497.51508
496.80615
498.76416
502.24478
497.46466
493.68195
493.66144
496.86914
497.1109
492.1421
493.9038
497.4519
502.49194
504.29703
505.45978
500.03458
493.03354
495.29352
494.23724
493.18915
491.78754
490.95996
493.72403
500.4773
503.66656
502.0064
498.0921
502.26544
487.9029
487.1006
546.11365
579.76605
625.46344
609.7848
572.1479
553.80896
554.1681
542.92096
498.39648
548.15204
531.68195
549.87976
588.0089
647.3008
670.97833
667.72424
670.6618
674.0591
715.8445
713.7215
702.0597
742.40295
768.1859
795.28046
815.05945
875.2467
939.0956
947.06085
930.259
947.40704
991.4701
1038.6882
1049.4008
1057.6399
1056.8021
1072.6829
1092.9967
1056.173
1033.4695
1058.9083
1035.767
1014.48956
996.7543
1001.6608
1016.61835
1038.5173
1042.5911
1040.51
997.0286
994.0871
986.2547
976.10266
998.9945
993.7461
997.5941
1008.3364
1043.4885
1059.868
1072.2983
1122.8519
1154.7627
1127.4017
1078.4963
1085.8793
1083.3774
1065.6559
1071.0496
1086.8684
1079.8059
1083.6222
1086.6096
1101.2883
1100.5476
1106.1099
1106.952
1103.9609
1123.3784
1136.3148
1145.3552
1116.8881
1125.3456
1123.3773
1104.9072
1232.1832
1258.7941
1301.9495
1346.1761
1378.1565
1392.3997
1414.133
1434.7766
1450.1072
1397.6848
1386.4669
1407.3435
1423.4777
1407.5977
1407.7651
1421.0867
1427.5524
1412.0645
1409.3401
1399.2083
1429.2999
1432.8301
1412.3284
1411.7515
1414.2208
1417.6813
1432.6995
1401.8011
1396.4227
1392.5366
1388.3715
1395.7102
1425.2738
1452.0955
1450.6261
1448.5688
1340.8535
1018.4364
954.09143
916.499
925.0965
843.20374
799.7969
799.22064
866.10516
960.4998
1008.4183
1135.0891
1198.5869
1303.0953
1368.1206
1439.4479
1389.6543
1376.9247
1403.7333
1421.7148
1429.7947
1359.5858
1326.7656
1351.1604
1410.8508
1425.9834
1409.5922
1418.2876
1436.0797
1407.6912
1405.6956
1386.614
1361.7375
1379.0364
1343.4277
1359.1909
1391.2935
1443.6757
1447.3718
1418.5398
1396.645
1389.316
1351.0111
1386.3264
1424.2218
1381.8065
1406.8032
1346.5715
1310.5151
1274.1759
1193.8274
1129.1335
1040.021
984.75604
962.1644
961.0412
970.6127
970.26355
954.451
976.7869
943.0488
946.0218
943.58527
947.6725
949.14374
963.6691
1049.537
1098.4888
1075.1261
1007.63995
974.431
952.8449
937.3424
950.4696
1006.3459
1009.1654
953.5671
1160.383
1201.176
1277.2476
1255.4166
1037.176
1065.3444
1068.0217
1124.9725
1079.3016
1102.9176
1061.5083
1051.3073
1014.8607
985.59424
1011.86847
1056.0774
1106.0824
1122.9138
1162.2012
1185.427
1129.3538
1104.0922
1109.3271
1122.3676
1098.3356
1083.849
1101.7849
1068.8335
1087.0542
1097.4207
1105.0852
1127.8132
1100.2366
1091.2805
1093.5527
1053.0336
976.671
1090.9666
1116.2
1068.5566
910.2298
746.0365
653.5585
519.4597
424.9162
425.2713
413.14258
385.1777
352.63873
355.70007
354.43036
355.82825
358.55804
362.56293
362.02765
359.5349
356.65704
356.5929
359.566
360.57404
360.4988
361.84637
360.58914
356.71005
352.19818
347.75256
346.25082
346.26617
346.6839
348.08276
351.3736
356.76837
361.8769
368.83923
368.39368
368.23566
368.1014
368.29355
368.55423
368.56458
368.53436
368.50543
369.2802
369.80362
369.23486
367.94305
366.7309
366.60352
366.50262
365.53845
364.12268
364.65784
364.5766
364.39716
364.28937
365.34665
366.18353
365.3616
363.58054
362.59634
362.538
363.97894
364.97183
364.47028
365.3376
366.4035
366.86884
367.6501
367.8444
367.82202
367.7405
367.6554
367.6621
367.70795
367.63684
367.6876
368.09146
369.1081
368.87604
366.1211
363.95294
364.08463
366.9754
371.0043
374.15472
375.61694
371.65692
365.77118
365.4826
362.46332
368.1618
369.1565
369.58917
369.06793
369.74197
372.18695
371.95255
374.2187
370.94302
366.85635
365.09628
365.02924
364.78323
364.7826
384.98325
455.9716
451.29474
456.00555
474.86264
487.50775
488.13828
481.59073
477.21274
491.6289
507.29492
504.8961
505.7342
508.4554
510.75903
511.60483
512.0929
512.47675
511.52765
508.9646
506.80444
506.65347
509.39932
512.6669
514.03107
514.5016
513.4751
512.07825
511.79233
512.9855
513.58356
510.39117
506.4372
507.13275
510.92172
509.4586
501.80606
496.65643
496.74844
501.81192
505.99277
505.24164
503.4981
501.91064
501.2016
501.73798
503.2912
503.6901
513.3913
528.2652
538.1903
550.18634
535.6068
507.44516
490.37238
488.52475
501.26117
502.56015
497.87167
505.85382
531.5501
557.47314
589.8905
635.76746
737.0098
808.2242
823.06555
832.4782
847.80237
859.3795
863.80536
873.8957
873.65497
887.41174
890.02527
886.97235
878.7539
871.9662
873.48145
870.1857
878.8835
877.8639
877.6823
880.112
877.60974
884.28644
895.74646
916.6504
924.7082
913.7573
936.3219
961.7406
993.78436
1043.2687
1080.3114
1106.4915
1133.1459
1119.5437
1134.7054
1104.9404
1111.6726
1127.862
1131.7688
1160.7084
1271.5204
1265.1505
1240.9551
1208.3943
1150.8655
1149.3601
1124.5145
1145.751
1150.8756
1145.181
1192.8402
1229.2256
1222.3561
1245.9723
1250.2229
1346.7402
1368.2739
1427.121
1496.6312
1485.6123
1461.6198
1457.3884
1468.6696
1471.9027
1461.1632
1469.4586
1467.2434
1498.941
1569.2133
1518.0465
1462.657
1438.8865
1450.4434
1491.2765
1469.1212
1461.2463
1461.6575
1471.1019
1475.3339
1474.1262
1435.2194
1498.7278
1521.9034
1566.2246
1532.9214
1445.1233
1400.436
1388.9929
1392.3933
1422.9197
1361.3597
1248.9956
1063.3842
998.1121
953.15314
912.35156
862.958
809.36487
810.3854
855.96954
922.47577
1024.7732
1283.4889
1483.3417
1474.6367
1361.9336
1433.4314
1410.5175
1450.4197
1491.8942
1439.7168
1408.177
1391.8191
1424.7976
1468.6272
1478.6306
1519.431
1539.7087
1495.509
1502.1442
1512.8175
1473.6501
1431.3972
1398.726
1388.6543
1418.0862
1429.6049
1488.6357
1460.9794
1372.7764
1299.2299
1225.5844
1199.0865
1199.0197
1121.6412
1056.8253
1019.8097
939.46436
785.96735
762.598
708.5011
606.2669
532.2794
499.82233
611.29333
761.5851
915.118
991.1712
1065.1061
1176.8466
1290.513
1330.9397
1516.6719
1302.0242
1236.6619
1199.7622
1273.3953
1196.0457
1176.7336
1181.89
1202.4082
1187.652
1132.1661
1176.0012
1167.4016
1127.5729
1100.72
1177.8264
1241.267
1283.7073
1296.8806
1263.0237
1235.7938
1199.6102
1198.7244
1215.8806
1232.1107
1192.0994
1173.893
1132.0264
1061.4915
955.66766
911.78253
916.6406
929.91815
931.82654
899.64246
946.9427
935.4829
900.6029
804.99084
667.6829
522.1847
475.86084
462.10342
441.7592
407.3786
353.94272
347.4069
373.75653
375.30838
376.35934
378.4688
376.3869
374.96225
372.9525
373.03595
350.7577
360.69525
360.04285
352.48773
340.60727
325.89856
318.37244
317.23697
320.39075
325.98096
330.0246
333.08575
338.0191
344.83987
345.11496
341.9886
340.4984
343.8883
352.85696
353.58447
351.7504
341.7822
320.0075
307.6319
307.8715
310.99664
312.6772
312.3593
318.00128
330.8175
326.4973
325.91193
323.66553
319.35892
320.54312
327.27362
327.5441
327.31073
336.50775
349.1967
342.82153
326.38812
311.94617
327.64325
339.7068
337.8733
328.0447
330.3279
334.98016
334.13702
332.9542
332.85858
333.66187
333.1746
332.32028
332.16876
332.92493
333.43558
334.10144
335.32367
355.24994
358.72995
354.828
343.85583
335.59293
332.36163
335.5075
338.92175
339.4897
342.50156
339.69937
473.9663
487.55298
467.91803
449.94058
439.26944
444.36685
435.55966
403.54813
422.768
577.08954
542.43494
517.4515
534.1432
547.9012
547.7584
547.52325
548.13794
546.6474
543.80286
548.29156
546.74133
540.2833
542.44586
542.2178
532.7719
545.89734
554.39624
546.9557
544.93097
552.4069
562.6727
560.9381
554.5968
559.2933
552.88947
546.348
562.9916
566.7533
547.9665
530.5034
537.63184
547.9232
552.6328
579.52167
628.9072
670.33997
675.6769
619.34534
619.353
667.80237
730.6341
757.6481
690.08655
569.4691
615.4127
727.91364
753.17676
761.131
777.6998
800.0951
829.26404
856.58954
917.03577
977.58527
1006.5464
1028.984
1011.10077
1001.2454
993.79266
987.626
1016.6366
1020.7534
1037.6816
1017.00256
1025.7122
1065.1714
1090.6332
1134.5671
1085.9768
1076.2745
1044.966
1058.531
1060.8318
1035.782
1030.1726
1032.1047
1097.0793
1166.3844
1236.7551
1266.7649
1277.2238
1275.3704
1300.1891
1342.5254
1349.1993
1307.8052
1294.7979
1315.1162
1342.2389
1351.5881
1339.2424
1336.4662
1329.1244
1357.5927
1389.2865
1401.5038
1393.5995
1378.5237
1365.8973
1359.2598
1364.6667
1347.6311
1341.5442
1357.3264
1374.617
1435.7584
1473.4966
1464.8943
1493.7319
1531.4149
1537.8202
1549.5619
1527.4358
1524.8962
1518.82
1529.2433
1524.025
1522.3997
1532.5323
1517.7147
1509.3667
1503.967
1493.5316
1494.1127
1493.4061
1511.4918
1507.0559
1503.5675
1516.0924
1520.9131
1493.7736
1478.8678
1504.2961
1526.0557
1502.8899
1440.9939
1415.2899
1401.7457
1416.7839
1476.358
1508.7561
1375.5979
1066.9172
930.1794
1022.0363
1010.98376
994.83514
982.7091
920.8793
822.3156
595.7427
567.4822
645.3929
754.71643
808.7704
843.64197
926.3467
1094.7795
1246.1836
1470.9788
1565.9965
1528.8708
1517.9397
1544.4163
1583.262
1597.1721
1601.5841
1607.7161
1585.7125
1596.941
1500.3483
1353.5164
1535.3026
1567.5554
1611.6772
1588.1157
1622.5818
1619.2244
1623.5933
1637.535
1628.8948
1651.3822
1560.3241
1538.2141
1532.0549
1538.0073
1569.6641
1593.5876
1545.2301
1427.3314
1493.5481
1350.2996
1150.5211
1114.333
1082.5206
1090.2566
1111.9147
1238.5345
1259.3687
1289.7192
1296.2457
1326.8198
1361.5284
1381.2765
1404.8611
1432.7737
1439.2164
1482.1277
1468.2916
1458.416
1438.37
1487.449
1374.8715
1382.0587
1366.7489
1374.6205
1397.3678
1428.532
1361.7924
1368.425
1303.1129
1306.725
1313.2325
1305.1179
1347.1226
1345.2942
1264.7427
1179.5952
1261.5247
1312.6711
1350.5468
1412.7205
1530.6963
1527.0978
1458.9991
1522.4337
1491.7091
1364.4786
1365.5828
1403.448
1263.2985
1071.0303
1047.1719
1048.4612
980.0207
970.66003
941.3382
892.74854
838.966
885.59863
1226.2776
1140.4722
885.09045
742.48157
565.2663
457.9356
419.4787
430.8531
409.9936
351.7354
294.83463
335.1806
340.8282
343.69888
350.75854
352.01996
354.29428
358.1689
361.6784
366.58905
347.8327
336.5691
342.00967
351.01123
353.10562
348.75647
350.5121
361.41382
363.1955
336.38617
330.8058
324.94623
321.85617
321.22906
326.53156
337.71127
343.5118
348.1563
352.96683
355.14413
357.6479
363.3494
370.50848
372.23602
370.57724
366.20352
368.05865
370.15033
369.5418
369.84088
363.38055
361.08078
377.20734
379.94397
381.91644
380.7552
385.0053
388.93317
394.6146
395.75192
382.94736
364.3719
347.62656
333.9179
324.64752
318.017
314.40735
309.64203
308.59348
311.9953
314.2859
314.0371
311.1402
313.72366
310.928
310.47397
309.59344
313.45563
317.72867
318.74072
314.32346
308.3863
308.99115
312.5584
315.53534
316.05524
316.77173
316.04092
318.0841
315.04898
305.71344
306.4722
308.83658
314.49585
318.92624
315.87482
311.40204
309.04507
313.43896
319.6917
349.89716
407.29767
407.44806
411.5882
419.64688
418.6503
426.7049
443.0827
444.31357
385.4678
409.30035
465.48355
467.34833
463.7693
466.37582
467.25653
469.08432
469.48602
467.9247
469.292
469.30063
467.74194
468.18097
469.153
469.3383
469.33887
471.2662
471.18124
467.68057
461.53497
450.4231
441.7873
428.3597
409.34344
416.0921
412.7037
400.3981
399.9572
412.09512
424.97955
434.66473
451.3647
480.5229
492.3566
482.4688
454.32587
401.8474
399.28134
430.23242
459.6977
513.32605
568.7794
583.81104
660.8295
675.1082
769.9091
872.7383
936.4712
1022.52454
1064.2566
1096.2169
1052.3285
1000.5161
957.53174
952.69763
919.54065
915.6048
911.1634
910.3958
914.75476
920.1742
907.0365
916.8343
914.5879
903.7801
901.32385
897.76526
919.56366
955.15186
976.6833
1002.9222
1000.863
1007.9761
995.85614
963.4676
958.30975
989.65704
962.34924
975.8761
968.4663
957.1961
944.952
944.5467
961.51404
1042.7264
1109.4039
1194.1407
1236.302
1257.9133
1185.8158
1136.0984
1160.4055
1113.8636
1114.795
1019.43134
1017.26953
1033.5085
1145.0872
1248.714
1285.1517
1420.4717
1553.9166
1672.6227
1736.7361
1725.6957
1735.8601
1752.6628
1839.6266
1861.2535
1835.1824
1874.7955
1803.6836
1711.7328
1702.1332
1726.6621
1733.4977
1785.2555
1821.5693
1850.2526
1802.0781
1832.4929
1866.3396
1893.3923
1819.97
1704.182
1687.5742
1725.0276
1746.0286
1667.3826
1500.2539
1417.956
1378.5044
1327.6649
1212.25
1091.4187
856.3998
701.6835
599.47626
542.13104
550.8513
627.07605
670.0885
714.2403
907.1011
1121.3854
1303.2064
1500.7534
1623.5574
1708.4401
1749.718
1692.125
1475.394
1341.0037
1276.366
1393.1704
1318.2988
1396.2805
1424.1002
1392.9805
1446.979
1638.678
1487.8793
1419.7888
1300.65
1291.2761
1421.4974
1389.4968
1489.2185
1507.8123
1444.8904
1261.9417
1203.4354
1197.4375
1313.3416
1268.3936
1287.0573
1163.7047
998.9836
927.6042
847.46094
803.64264
744.2949
693.761
674.39856
740.47784
854.2919
938.7578
1035.323
1128.482
1148.0918
1226.4987
1174.799
1096.6427
1091.5233
1139.357
1197.7527
1184.143
1151.5354
1122.303
1080.5856
1082.3325
1048.5138
972.7635
943.549
978.251
1023.8341
1019.8356
1006.7612
981.53876
968.6287
979.23694
960.54865
942.7078
975.9508
998.6971
1012.54443
1061.4651
1090.4958
1014.7905
948.44543
868.1603
841.0662
851.4238
888.50085
944.40497
1035.8138
1118.8899
835.36066
628.3812
664.1628
683.45526
597.31036
512.3861
455.48358
418.20825
375.10257
310.0451
316.5385
316.1372
315.98325
315.96967
315.4166
315.94492
317.2181
320.93402
319.97714
317.8573
317.29428
318.94876
321.35455
329.28326
351.28177
369.96167
373.153
374.6076
371.96304
366.40167
364.34662
360.07306
355.97003
362.01685
379.10928
398.1629
389.04947
365.086
364.27127
369.95758
376.73703
375.63806
373.83884
373.15988
362.90042
367.31375
362.54584
364.86102
375.0683
365.81406
359.7824
362.6398
375.63837
392.19986
401.02655
396.54572
383.24042
368.71457
367.77634
368.40848
370.03778
368.399
367.6674
363.34613
356.80847
361.77747
359.5513
372.21536
376.37332
372.60434
368.7423
360.1661
374.87415
389.7301
394.52493
389.9156
370.11993
375.78256
352.38205
352.80908
368.90515
372.9881
374.39493
375.96356
379.47763
379.58618
373.9533
359.78323
350.50504
357.64996
373.47165
385.2619
391.88074
394.9255
373.32306
368.99078
367.81683
369.90854
371.23172
426.09155
406.1506
382.32297
373.05035
363.57657
354.4777
358.09424
342.0926
340.51324
438.57138
439.55756
426.98364
411.99554
405.73117
403.02032
400.37283
403.30527
402.8271
401.66278
398.3343
392.8043
387.94
388.0063
385.89276
383.87732
388.65308
397.90198
398.45667
397.38116
394.42596
394.29343
401.19696
410.36945
414.25912
410.64868
408.3285
404.6897
402.57843
408.6419
426.78583
438.73267
453.99152
443.82446
414.36133
380.15103
382.4773
479.05795
485.56635
498.34677
560.7293
627.2748
644.0456
641.48944
621.8239
699.3457
702.2932
679.3484
687.2723
689.699
690.8227
694.9054
698.5151
692.40125
712.5029
671.25476
669.8508
701.0211
689.5575
670.1288
677.3891
666.1815
674.99884
677.90485
683.8798
677.14825
672.928
670.8057
678.4124
693.94214
679.8131
684.98987
685.22266
693.9199
691.5463
685.37634
692.6856
713.36487
715.775
750.62616
762.35486
734.48737
760.1746
778.75446
781.4523
745.25256
759.0759
774.62103
733.793
725.8703
725.9851
725.73895
784.021
789.7334
780.43933
761.41907
810.7094
849.03955
903.48303
936.8162
1015.3029
1114.1987
1157.1482
1141.0881
1138.7859
1198.8201
1306.1355
1299.34
1334.103
1386.5491
1332.6426
1320.2836
1409.2758
1416.7899
1432.5277
1442.565
1397.2976
1326.1948
1302.0408
1313.7849
1377.4288
1392.8336
1395.4921
1344.3245
1276.3219
1276.3547
1338.185
1301.8427
1193.8552
1177.6974
1137.5602
1076.9402
1003.8273
883.71924
731.1375
616.33875
497.21625
496.56967
457.68732
474.79355
529.8594
667.0487
839.4365
969.2458
1039.7639
1114.1552
1116.7806
1127.0522
1181.2924
1130.958
1089.2134
1144.5436
1226.1431
1287.5375
1332.178
1367.2689
1264.0167
1163.4266
1249.0483
1295.9469
1259.6654
1259.7924
1225.405
1115.2388
1063.7653
980.33826
1047.5609
1163.4
1166.3699
1179.6677
1208.5166
1199.8552
1084.4961
1028.1605
989.7733
893.6865
817.3295
816.88635
746.2668
736.9139
672.89856
620.11707
630.8514
647.9032
673.60706
742.349
692.42584
691.26306
697.31836
687.10486
679.1142
680.2383
683.2141
727.57434
723.28143
709.5847
623.099
604.8212
618.0233
577.3758
547.76227
523.26215
500.20898
465.53693
487.61255
523.2199
609.3448
669.58484
722.09235
827.368
949.876
1083.6097
1073.8131
859.07874
803.3971
818.34955
868.32404
931.3244
957.1693
904.0658
944.5334
936.3426
1060.3018
1124.0835
1098.0222
1138.337
849.2877
795.5224
787.97955
751.751
741.4305
713.084
739.0199
756.9369
800.668
890.951
860.77637
985.65216
1114.5715
1144.8918
1040.6731
936.7469
798.7096
755.6768
699.0724
651.21277
677.9737
698.97736
697.6536
686.2169
660.1645
632.915
675.254
712.90857
724.10443
744.7331
656.3975
675.28455
649.161
656.6931
678.01263
656.9338
594.05225
527.2926
502.7208
472.03287
439.8422
417.2881
402.20282
384.13367
354.79413
369.5225
361.14087
350.47253
344.44223
343.09995
342.28027
342.1424
342.41602
342.69736
344.97876
349.84906
350.40424
310.92236
288.92914
271.81186
260.81488
264.16727
268.60928
271.84863
270.24252
273.21814
275.55823
272.99213
267.59952
265.31967
269.11447
269.88007
270.01242
269.79425
269.49268
269.23438
269.09558
269.2209
269.6801
270.49365
270.89374
271.10736
270.75275
269.07318
265.99777
262.64893
260.84894
260.36395
261.59674
265.50317
270.63477
271.65982
269.719
270.0004
270.8487
270.83975
269.40326
274.85406
277.22818
274.7083
273.8609
276.93204
277.7083
275.10214
272.78723
272.95523
284.34503
283.56723
283.37396
279.15057
288.36407
294.28458
299.89658
304.7361
309.18265
306.04593
315.08716
308.77298
307.5771
309.2787
314.15793
317.19556
319.18228
319.7114
322.77325
319.17255
306.30426
283.48773
267.47598
258.21463
256.64035
257.8523
255.82108
252.59595
268.7995
276.81357
275.83975
274.72412
271.68707
269.03564
266.70212
265.7691
358.99518
434.1773
422.29803
386.7179
357.64038
349.83838
336.18158
314.00552
323.43628
400.7022
436.93878
437.82724
436.28534
436.38126
443.82944
449.7307
448.722
446.81308
448.26178
451.22687
449.6114
444.58398
439.68268
442.77725
446.02237
448.7046
445.83173
443.76578
446.26666
449.8622
450.48642
447.1018
446.1227
445.47983
447.05844
445.25797
441.00504
438.8016
437.50458
437.7246
439.48578
443.50342
442.4232
440.65195
440.13544
442.17096
443.12262
441.79248
439.33392
448.06244
504.16342
540.7556
500.15753
408.61578
594.7093
583.04395
537.1183
479.24155
417.90836
390.47003
434.16626
588.7846
843.9406
786.1205
767.2428
753.83966
765.5426
816.91394
930.93036
951.2147
947.4368
990.5548
993.751
991.47986
1001.8314
1008.0499
1011.4169
1029.7617
1050.5878
1060.2346
1038.0657
999.2132
968.0959
986.9953
997.8504
1051.9148
1078.0371
1096.3406
1088.1359
1119.3549
1136.1001
1161.2664
1185.161
1176.1311
1197.7864
1260.3735
1278.9161
1301.7755
1361.517
1276.9883
1184.4517
1148.2848
1126.1631
1161.9724
1242.085
1210.7981
1200.7006
1189.2029
1193.3806
1187.7255
1191.6298
1208.4573
1237.4679
1236.9171
1217.2997
1180.2273
1153.6877
1160.2333
1152.6914
1221.7343
1285.238
1319.4225
1370.0355
1422.127
1515.0033
1538.8414
1527.9812
1528.7932
1575.5883
1618.3386
1671.5729
1636.0305
1587.3656
1622.5591
1621.9475
1619.1915
1611.5911
1604.6951
1570.8909
1588.9559
1581.4294
1535.7449
1526.6816
1560.9116
1582.1327
1593.777
1617.7197
1580.9506
1587.4142
1570.0352
1533.7358
1577.7983
1652.4521
1709.2214
1719.0326
1629.9994
1076.3112
741.80334
937.13885
948.1468
886.55896
826.7547
819.9587
862.36096
792.79553
1169.3096
969.6068
1141.0414
1266.3331
1323.217
1445.8813
1399.6711
1323.5364
1464.7616
1633.1
1657.1039
1705.8604
1625.6682
1607.4528
1590.2487
1596.4882
1647.1394
1497.335
1514.2328
1425.8075
1434.7332
1594.5125
1428.3231
1396.4684
1655.5182
1690.2506
1688.6823
1735.9426
1711.624
1699.7795
1695.3844
1663.0642
1588.074
1449.3351
1427.9265
1404.6304
1160.8091
1117.7448
1115.7625
1138.901
1120.4757
1120.038
1134.9231
1132.8043
1118.5768
1139.4156
1126.1399
1126.2761
1107.4214
1057.3152
1120.7971
1149.1042
1137.9636
1129.1337
1123.0873
1213.6394
1302.4359
1372.1836
1397.4236
1301.908
1356.1932
1455.2079
1537.5927
1565.6326
1553.2169
1509.742
1406.8575
1392.5955
1493.6124
1519.9744
1563.3953
1534.726
1531.9296
1572.9508
1539.592
1580.5012
1608.5775
1595.9442
1579.5908
1553.9473
1541.094
1525.377
1392.3619
1411.6082
1317.9564
1298.8867
1248.0931
1216.0919
1211.9476
1224.3748
1189.3054
1095.4207
980.4634
939.7736
915.0363
981.2782
976.77405
1101.2914
986.6043
1044.5402
848.7469
629.3218
464.1272
366.4928
347.99994
367.99088
338.9397
298.04013
272.40067
289.24936
289.28662
290.1865
288.49133
285.9129
283.5218
286.1948
311.92825
310.8237
295.0453
342.539
338.80698
346.56378
353.03134
355.55765
348.1017
353.68634
350.3493
343.46124
340.2415
340.0094
340.00238
339.94745
339.73273
340.05475
339.80176
339.71182
340.0713
341.41473
346.78543
348.54663
347.62128
345.46738
340.53192
343.59354
349.64612
356.82367
360.74457
356.0003
348.0373
366.01434
411.90778
438.933
420.56186
403.90698
388.95862
373.44684
358.7591
349.95245
333.23224
348.53812
353.4201
350.1696
351.84622
364.77325
380.46292
377.7113
377.4145
356.59125
345.69247
333.83762
324.31805
316.68683
327.40234
325.59695
325.00693
324.03406
322.2596
321.18558
321.60654
322.72327
322.92477
324.163
325.2158
327.21692
327.76987
327.30682
325.54523
323.1172
321.52896
321.8421
322.79538
323.78717
326.11584
326.50266
327.0862
327.00604
326.93857
327.51547
328.75296
329.64737
329.13733
329.0034
330.3513
405.61377
410.6166
416.00763
429.0389
450.1723
465.27335
464.95013
435.80267
409.4765
433.22177
458.8951
459.29718
457.6591
444.20425
437.53183
450.07187
451.4118
445.09058
438.49307
434.8478
419.19702
424.49698
417.08218
423.0948
425.74097
423.46298
422.85284
422.66446
419.72452
420.45255
426.33905
423.14853
425.64655
427.27423
429.16937
427.37067
424.0147
422.5765
424.70013
424.15073
422.92365
424.04095
424.3999
431.4874
428.55542
447.48047
455.26544
445.62482
446.2819
459.25903
440.00952
418.48373
417.32227
420.60797
462.83197
454.88574
443.52692
476.96786
524.1847
536.0855
533.2592
644.4663
691.29034
748.7171
799.73627
836.2455
866.4995
907.84827
916.00354
1135.1705
1132.041
1103.4314
1128.273
1126.4402
1068.0896
1109.1008
1126.5557
1190.8374
1166.8019
1052.3074
1082.9866
1089.131
1134.5635
1153.4475
1218.8928
1307.176
1370.5338
1383.0457
1421.7426
1445.5002
1424.5282
1386.0303
1271.6453
1190.2766
1168.4729
1157.8616
1251.9567
1347.1361
1290.3142
1259.2803
1188.7762
1165.925
1231.5607
1262.6428
1291.5043
1386.4375
1425.729
1413.3713
1452.345
1433.8201
1303.5972
1214.2334
1185.3187
1191.043
1207.6937
1230.955
1214.5144
1266.2834
1321.6555
1338.322
1337.0524
1294.2067
1332.472
1419.3712
1486.0035
1358.2083
1139.8218
1314.7346
1429.558
1569.3254
1540.55
1531.8787
1560.7384
1531.8256
1552.5216
1542.6943
1556.4019
1535.9454
1455.5956
1541.0023
1607.5525
1483.2158
1501.9935
1539.0284
1528.8767
1588.9045
1622.8212
1575.5381
1553.0725
1527.3042
1517.7302
1558.6791
1569.8394
1546.8826
1530.866
1508.7428
1373.7507
1291.1058
1220.522
1172.7756
1027.362
892.69006
680.62775
657.03485
638.4541
629.6627
546.5228
449.67853
452.40106
438.61166
428.47592
438.21344
462.54703
555.9144
595.5626
633.8672
684.6732
774.6007
750.7873
735.892
754.8853
885.0874
1029.4575
884.4051
1042.5828
1220.1091
1389.9215
1498.1434
1633.1533
1648.5703
1588.2313
1510.9608
1505.6096
1427.4144
1365.4531
1350.8771
1352.0022
1288.2322
1347.5363
1371.6672
1427.9614
1439.6969
1380.5057
1303.0677
1279.3696
1315.6843
1282.4347
1309.098
1272.2441
1268.0796
1250.5868
1342.6726
1428.2769
1408.7484
1365.5588
1248.7861
1038.3074
846.68054
803.7095
729.00256
669.8746
611.65216
534.79114
469.00806
453.7335
441.9931
429.64062
436.33398
451.27448
476.62482
468.98828
436.30908
631.8015
719.7497
826.4315
869.6681
923.2726
978.01465
1106.5897
1157.1396
1145.042
1207.0852
1210.0568
1248.2317
1329.5159
1322.6868
1300.0496
1273.1089
1204.362
1096.988
931.89325
799.60974
729.89636
719.33435
771.5597
857.8595
978.246
1094.0596
1138.3518
1214.1082
1210.511
1309.3911
1171.789
1022.0846
963.4427
894.5786
828.45715
783.87067
789.92316
802.9088
809.96606
801.7572
776.10315
722.2568
757.52
800.2352
813.4351
763.6395
654.0913
545.58966
511.07925
503.4444
475.4899
432.2663
390.24182
359.8709
333.70172
389.0394
384.5149
387.94772
392.49167
402.33624
410.30072
411.14838
405.88876
387.4186
367.2253
348.77136
346.384
353.997
359.60675
362.52774
366.64102
234.13982
237.60666
224.39934
209.60323
202.31729
203.05205
202.26974
199.42712
203.35352
222.11386
221.97342
221.91936
221.86768
221.80171
221.61101
221.45764
221.2408
221.18025
221.53813
221.87329
221.77939
221.6397
221.84407
222.19475
222.44577
222.63579
222.70535
222.3823
222.23543
222.65735
222.47305
221.74399
221.65263
225.02754
231.82812
233.45474
227.9021
226.55244
230.89812
238.9792
243.78186
244.36726
247.34038
247.69498
249.09656
249.00261
248.47055
246.91248
245.75522
244.97029
244.22173
243.89217
251.93564
255.7391
256.06934
252.87935
249.80879
250.48047
252.33902
253.92404
251.31027
249.42813
247.09799
246.6749
244.23418
242.0437
241.21463
240.32962
243.01604
294.6722
292.95197
283.82953
275.3557
267.07843
262.74188
255.3074
237.22171
233.72783
247.09505
250.56477
254.33955
256.44827
258.4742
257.5368
255.23909
255.44052
256.15576
255.76733
254.82979
252.24377
253.02849
254.10286
253.66968
251.93225
252.03012
252.99707
255.575
256.41495
255.76941
254.41586
253.23022
253.49002
254.54688
255.23836
254.22464
254.0594
254.3145
252.06284
251.78232
253.22488
255.15591
254.61813
253.79382
268.83893
266.06464
254.71054
250.02644
261.9284
289.21356
277.0932
253.48694
251.46565
262.9737
264.85748
283.0497
327.21515
353.3366
391.9101
473.39536
532.24646
569.8546
571.9564
528.58514
532.19226
551.82654
556.3573
589.3092
606.8281
611.84326
599.14044
582.3432
586.1046
607.24915
618.09607
615.3563
605.4627
613.4067
625.04895
649.7116
629.045
636.8954
658.9597
665.9901
654.2583
624.8675
666.5244
698.7421
737.6722
719.4183
700.55566
673.64624
658.59454
713.93646
733.22736
717.18616
774.4502
785.59143
779.0929
754.17664
755.7441
718.36426
720.944
708.20953
687.3113
714.12476
729.1854
767.61414
808.5337
804.57336
805.2202
791.028
925.20605
849.78564
775.9166
702.8895
784.8486
890.908
918.5765
956.3779
1088.8447
1160.2887
1197.3401
1187.852
1230.209
1283.8854
1298.1831
1281.5432
1246.8005
1252.0271
1251.3495
1237.1409
1170.6946
1231.5016
1282.5499
1306.3467
1319.0143
1297.5046
1278.3865
1280.6135
1265.7332
1246.0411
1265.069
1278.1727
1272.2128
1288.2947
1207.1943
1015.38556
870.6925
791.25574
695.3583
551.6076
491.41034
391.59213
321.56122
311.9558
248.67154
272.01447
375.68027
483.83612
610.41077
728.8944
798.66547
893.2311
871.73303
869.32227
949.2051
910.63055
962.8646
1059.3989
1170.2141
1170.1638
1076.454
1028.2151
762.8893
699.58044
697.58386
658.9626
706.09424
813.54333
765.3833
805.68945
1000.35333
1028.3962
942.8666
977.51013
933.62665
906.2855
805.4588
940.41394
938.485
910.00305
854.924
944.01794
1005.0829
965.19495
943.0167
876.6102
712.7319
629.73334
649.8515
670.86163
675.2001
671.3697
663.688
672.9757
683.38245
682.45184
691.65265
688.01434
664.4433
676.97687
582.1959
549.43744
517.53595
567.7483
562.1347
603.87103
633.36285
676.7744
700.10223
700.5387
812.906
1036.8555
1228.0027
1248.5421
997.1346
950.1797
948.72205
935.9323
839.3014
687.80896
614.5438
641.4293
791.92474
880.79376
819.1708
877.79785
985.62714
1008.76355
967.8491
936.07745
887.5221
652.09705
595.4997
560.7094
548.81274
578.02344
696.66534
884.84406
995.2246
973.3688
945.4777
898.50604
848.2347
743.24384
560.6587
445.2348
467.87872
553.8644
588.49084
661.74164
692.5566
713.0382
810.61395
935.0216
998.8895
938.1746
850.3004
887.77625
617.20624
545.7751
482.06015
449.0025
473.9558
445.27408
387.83817
318.20615
278.83585
255.90715
210.38953
223.91855
226.45561
227.74649
228.0955
228.06152
227.60063
226.72458
226.785
226.56828
225.9086
234.27681
235.45366
231.00874
262.58786
259.83984
264.4527
269.9773
273.4168
272.6116
268.87198
266.06085
264.5414
259.72876
259.9647
260.254
260.31436
259.28275
257.99484
258.25986
257.1842
260.1919
261.32745
258.01907
258.42163
258.17285
256.63568
253.73271
252.05461
253.32292
255.3542
255.96172
257.84586
259.32288
259.22604
257.53552
255.47165
253.65471
254.00009
253.94705
250.67659
254.505
255.43369
255.69504
258.28568
262.1264
265.34454
265.97577
272.0064
274.68475
273.976
275.58063
279.13785
276.72626
273.02335
270.1353
269.20126
273.71533
275.81802
277.09027
278.04828
277.98895
277.20258
276.01672
275.2895
275.5495
276.50116
277.733
278.44122
278.6856
278.43497
278.56976
278.4874
277.47394
276.26825
275.8848
275.85272
275.99625
276.13522
276.18283
276.5574
276.78748
276.86108
276.7557
276.7365
287.06363
317.56976
314.19565
309.9293
310.60892
308.49936
312.69165
330.15912
334.90643
292.64758
327.66235
332.3001
326.5088
334.2036
347.05972
362.27042
377.22015
377.60785
371.80304
367.87247
366.01132
365.21063
362.57767
357.47968
353.78094
353.04498
352.95493
352.29144
350.85056
349.08673
346.379
346.1105
347.54547
346.52872
345.08673
345.7633
344.26932
342.32092
340.88333
340.96008
339.61868
339.51556
337.31326
334.09152
331.4844
330.17157
325.37137
330.99136
377.91644
404.35358
412.21884
404.93503
397.3725
354.5326
323.53336
305.1557
298.9642
355.4311
408.1679
437.28818
391.74567
414.47577
481.61826
524.3362
549.11475
617.558
643.17566
678.0547
697.1961
715.09174
636.3984
655.99023
671.0868
687.6716
691.9108
683.8571
671.73004
653.77814
683.8862
695.33466
735.7539
790.73425
826.20917
823.4873
803.3812
814.5143
810.9807
817.0904
845.3381
875.01465
912.8695
888.7344
835.867
802.72327
768.6935
779.7712
783.46344
788.24475
803.47925
805.5749
807.7157
812.1655
842.0262
862.7025
913.0216
979.5143
986.88995
943.89923
859.1991
836.493
819.6188
827.2499
805.84644
822.32733
817.0081
832.5171
824.9326
868.16064
909.8085
926.99744
913.1085
933.29407
953.17004
968.70557
1029.3225
1068.5286
1079.9521
1088.8447
1105.9681
1114.417
1116.3529
1101.6952
1078.4716
1065.3859
1066.0273
1089.1381
1100.2546
1083.6377
1083.61
1088.6348
1089.2875
1093.2887
1107.317
1108.2484
1115.1493
1129.487
1100.3345
1075.7001
1103.8721
1098.8782
1072.2103
997.7853
823.27576
663.3681
618.2679
551.7182
527.3731
480.49643
405.27213
439.78497
507.5818
643.0147
715.27185
783.558
930.547
1093.101
1200.2751
1077.734
1044.5195
1047.9027
1085.3235
1105.7034
1060.4309
1067.1317
1090.9749
1134.6808
1140.9252
1157.6089
1114.401
1064.5488
1072.2391
1055.4691
1010.80664
958.97217
922.6258
929.3579
925.6379
957.07654
1024.5251
1059.5923
1028.4412
1036.4333
1030.279
1054.4257
1064.1412
1010.90265
890.50745
743.5041
768.35156
664.5375
577.18274
508.9039
480.30624
524.6208
592.915
662.8435
681.8577
735.1572
783.02625
908.28894
825.70276
734.2971
748.48816
769.8983
808.1687
867.29083
854.1584
826.6627
837.9792
823.08026
816.91626
712.4752
669.5015
643.036
642.606
686.0218
724.7381
643.2457
629.36053
657.4278
684.6896
729.29987
764.65924
676.02094
634.99884
562.26355
639.12836
648.3308
631.05475
567.6302
541.54376
517.94324
572.51965
603.8673
699.37036
749.08704
715.8818
731.3702
752.2153
631.21716
560.4202
479.7602
387.95142
312.4129
306.40738
278.52472
251.31648
244.20615
239.27678
250.29399
261.17593
259.7962
248.19499
249.3772
258.36096
260.54004
259.44635
259.9377
263.56244
263.73203
262.1375
262.08377
262.26263
261.87927
263.45248
260.7636
384.1146
353.87634
330.9461
317.68256
310.14807
323.24078
342.13474
378.00916
369.95712
360.1082
359.48764
355.4304
349.62564
346.7186
340.7989
361.3192
359.01517
351.971
348.4416
347.85004
345.4654
341.94534
340.9234
338.71014
337.52805
334.852
332.77417
332.82462
338.00247
340.70297
341.39328
346.1966
353.76837
357.45383
353.87213
352.21243
353.26715
356.82123
353.27716
353.26465
354.5186
355.70963
369.06317
370.55426
367.22977
361.5421
357.7031
359.90112
365.79306
366.16473
363.1797
362.85242
376.65396
393.93512
392.5934
387.10962
384.02496
383.11053
378.29782
372.82822
360.01288
341.34424
369.03064
339.69003
347.38116
346.14297
335.1478
333.57794
341.5987
351.3666
350.53766
356.22302
366.2732
358.46463
359.49286
367.84497
370.5035
371.9704
461.06854
506.22427
504.17935
500.9854
487.19717
485.83023
478.38983
446.2684
412.44434
492.3188
520.2217
524.9123
530.2469
527.1534
521.7379
527.6791
529.56445
526.7885
521.3944
521.3171
523.76483
521.8805
519.68805
516.03033
524.1986
520.684
522.2101
523.4999
527.2561
527.85443
527.70984
532.60236
531.2875
530.0425
529.00616
528.573
517.7074
528.9158
541.6294
533.72955
520.91583
524.1858
545.1897
544.17255
528.58234
517.8105
529.3529
538.6929
540.9284
518.6195
512.1964
531.7089
535.6476
528.8582
520.8821
519.8136
524.6821
531.74884
525.03253
523.6515
524.48505
532.6291
540.9713
521.69495
529.10596
577.95
638.2516
645.737
590.6901
549.6791
517.4402
513.0534
511.6067
572.86633
578.3545
679.66907
780.22736
790.70886
820.347
833.8986
837.4748
851.1044
874.1649
879.2936
909.2015
929.5599
974.6206
1003.2921
991.96747
948.93933
951.8932
923.7005
908.79297
909.0038
914.8917
926.4295
958.28723
967.5526
964.9476
960.6172
962.577
954.2659
957.16034
1011.64246
1078.5098
1110.4706
1145.2139
1175.3297
1205.637
1304.3025
1303.6255
1293.6935
1281.5778
1285.8677
1321.1344
1294.4452
1272.6337
1258.8254
1244.0842
1228.9634
1244.1996
1256.9916
1243.3749
1217.9001
1232.7418
1244.6104
1238.439
1207.4982
1219.1991
1189.1549
1217.2659
1243.1859
1270.7131
1253.7008
1400.8005
1553.3722
1686.1963
1731.6348
1685.9186
1627.7188
1638.1599
1669.6311
1641.7064
1655.1888
1692.847
1701.0496
1729.8445
1743.6799
1728.7588
1674.3896
1663.8969
1663.358
1660.8518
1604.6548
1605.2766
1621.7039
1641.4141
1636.4714
1621.5657
1599.3861
1608.6034
1628.6042
1636.7054
1674.6008
1627.8517
1732.9319
1666.2709
1533.508
1369.7373
1272.4828
1210.3389
1071.9216
959.9095
784.05725
792.61273
851.9337
897.9497
949.42316
1049.0642
1206.984
1356.85
1404.7916
1578.4159
1626.8899
1744.5514
1728.6875
1605.5085
1394.988
1319.4722
1306.3418
1214.8325
1191.6869
1179.8114
1162.0021
1242.9049
1603.3077
1570.9246
1609.4998
1557.8964
1510.564
1364.3274
1172.2756
1177.8949
1203.8807
1418.2192
1280.2355
1207.4525
1275.0245
1168.0253
1138.691
1096.4445
1022.00604
1039.3315
1011.93555
964.10535
823.82336
659.4626
685.2155
772.68933
782.24585
696.60657
602.9149
494.66055
687.8539
851.9001
940.83856
1095.4304
1213.7987
1513.9186
1761.2314
1909.4001
1909.406
1700.9213
1769.7424
1844.0863
1838.9875
1730.585
1716.7709
1737.447
1747.8754
1746.012
1734.3926
1731.4277
1684.2562
1711.445
1698.7405
1706.791
1776.1702
1757.5725
1726.3724
1725.1104
1685.1858
1681.1494
1688.3649
1673.3372
1671.7131
1701.2297
1733.9202
1722.5764
1746.0055
1833.5725
1719.9408
1531.4744
1307.1517
1226.8523
1130.9685
1048.804
977.19415
902.1837
843.6286
824.0487
808.6402
847.96027
868.1754
789.1144
706.92145
665.8762
614.79736
583.6171
550.0132
509.0628
437.33365
358.7802
382.57907
420.7575
343.38727
406.61554
411.32892
419.75043
429.40738
436.70224
440.61703
444.34564
439.24326
423.53546
405.3183
584.73694
