0
29.12585945975004
31.852331247190317
17.344317908863832
52.36476933509768
54.31371135753028
18.537008723362522
52.26505298677508
65.70239675926027
42.30462417792069
18.744742356580332
37.98813307767782
44.613246276209644
45.4416041480125
47.50079110236258
36.9675196162576
28.83141130583232
28.620719872945074
34.047535588273874
38.348380208498796
36.28374816426053
30.989462033622477
33.917173050171904
77.94642529646073
100.59627250800163
83.49901827194299
47.47925660168988
17.920647898846596
19.156671142578126
30.06194807308384
36.85079213122226
23.68211960196835
15.543263397956775
17.859644448710743
20.278683175644765
58.01151741722761
74.21128251889772
48.0064235429352
17.256472927124786
14.699371337890625
25.83392407439741
97.07912115933246
157.94183060416427
143.41572454936258
82.2674480730299
26.310809932742266
14.29393913859658
13.760284423828125
31.38022406002269
60.26750715950989
65.44055900071865
57.20180930128841
67.534548076706
86.3332366117304
93.78037995458585
98.56586294487488
88.9884799795586
59.393795151758695
42.82042569701459
38.38549912052307
59.59602110662977
96.19598628577982
40.72187865988212
20.800126025700955
26.15191650390625
39.595566897334024
31.847940063476564
22.743956279797715
69.44458692882719
90.1961608348337
93.61497205716564
120.32701047727979
129.15371973080747
113.82801299161414
109.33109064324579
122.78286872995389
137.18916010408904
139.18047553457683
122.49504989844772
77.13940207162916
35.19711835177409
23.926034722373743
16.939630432556033
16.205364090306272
33.617850460722956
84.2151814218164
145.59241586082717
174.43210655734157
169.44166936014898
135.40730602799846
88.2050227301992
52.27978019184976
35.21367379532607
49.03023565832276
83.01911689618173
112.95028307338207
116.933430503098
114.84930845349463
93.45934823839521
73.38643555484398
70.56633068544394
63.71323686321966
21.200097214558717
36.74848628338291
35.2997583457337
69.93278083781934
39.09467849014463
48.273330938158004
62.38254501378367
45.4183053940046
24.696561919745456
37.60421024314546
34.542064555831985
53.293907803693216
37.034857526380165
30.944660723239032
23.975761493491905
44.943223760996446
48.926523516898484
29.913194444359853
36.48090946200723
59.95271204831795
117.17794341046087
95.05928909926453
44.023158058466905
46.225415267947916
51.69373557317956
70.10390995085496
68.75278791058136
116.3734666207115
199.21564723404944
235.58770730186725
215.62753560073548
201.97323160657712
222.95675693971097
262.2253984512186
261.22058584545846
237.17479710620472
208.53434945947362
213.57608748565258
229.0157145317818
189.03544126031906
169.01525017007324
207.1821453404214
194.62959767518382
185.0755455517658
164.54997212029372
149.45461037172345
144.82938335014393
183.65165752413085
253.79707151105012
295.88055860356064
246.60354713488724
214.73629917804902
183.3734624280894
153.21377161528062
143.53853985416444
81.01198195263785
48.070941079828756
32.82148727252593
42.8400231983167
104.99675447638803
148.83298850318752
200.1570988939965
223.02104202309988
203.7561230274235
175.00470304472023
189.69796977910565
178.3196376724624
128.88863360179295
101.83044402701424
99.57897063160924
91.3476193403548
117.46815640707186
157.7744575105149
194.1867402887812
176.50427621153094
141.09862262094538
110.02868155145563
111.3053334023743
140.3274673408552
145.7840077215441
139.0020931497288
91.71877601369155
99.50090141616019
105.33604157694624
63.183006931750334
112.09841862987018
35.970155584164786
30.221134871328378
80.04728377067958
146.2897247249799
213.30576870107515
244.5272350852556
256.3682588109482
243.02246555224283
281.5050196894461
267.2266126367949
222.0724438876091
199.0931633091669
224.21502903509668
233.5856864379557
240.71259866849442
262.33439469212726
289.6515537825943
290.3269327305653
284.65498810859555
240.60084624404945
219.94628728369852
214.18572892123285
181.79165904599319
164.63729542506547
179.33699976030806
200.57673059733105
260.6732248310391
273.6410591426205
254.46463716298587
210.36089739369467
128.71962631858847
29.53612031845023
104.59408395271366
177.2995318643908
295.0150227392948
352.41521397898765
190.3804394924066
246.39021857007978
292.04775166143065
363.8351399116352
295.4868859515462
210.16490899845752
127.78753307329603
98.55654673087224
95.55420907804209
24.256986577338353
14.796415707343021
114.03176767689192
157.523389858004
210.65820421650278
220.51001033760707
309.7485721703655
347.68836505536876
370.7764322521886
413.959666476865
447.2209912075638
550.2117655659451
603.5488416682133
575.4808660711911
467.0498331044795
381.59062525325345
346.89679096579823
354.39961598547717
396.2958523931009
483.86303415502516
502.3979658153289
492.2468061231287
498.2880295854975
453.55239968264425
473.22883423756247
464.2638369357326
444.9705437522745
411.3644997399532
404.83566679306205
382.53343680545424
324.54797674399106
227.73852881202143
160.04620879355488
33.68362225506148
116.2405258073607
181.2615854283565
310.76163769191135
330.1433702614795
356.87195318859847
369.3935589758546
324.38947125679226
288.8543278336752
221.88721746739725
180.22773972001943
163.82481429960671
176.6610386858766
205.37161832393355
222.45954418064701
227.3534641065675
269.1066227480368
237.9745559770685
229.0966358496502
209.68847715144526
197.61342504372593
183.20452716805735
194.65992064064994
297.6072751617639
381.20420856531325
414.8256527075174
426.08021561579216
441.1449164538682
399.5433819414813
310.102538891505
253.2783198277685
276.09159823162315
259.3067468536537
178.5176791880745
352.9460482551741
362.0045619632844
413.8154402565989
364.5341958655391
96.92792063860193
46.868495634389
41.59196360407641
42.39333226880554
131.4639755008915
143.58629583347465
196.0645014031506
203.58901143181544
230.62921794138205
232.71561129903534
161.87370251114118
87.026167701538
41.24602900880218
29.45014942716989
31.941830821693475
70.29724562832466
62.76269046612733
82.81269081032448
120.01480069904783
168.8321728307241
186.63443054190316
199.21409688314824
214.3290409278646
155.58703313802712
152.29306578834954
149.59125794323444
136.04689423637683
118.40190773970635
55.113059903657856
48.24735878079
83.3073454734752
89.92916306879826
59.898072123030396
219.7727844805425
297.1184371324656
313.3873335486122
222.53951410416295
123.29781246113171
95.4100858791093
17.991866762463737
45.69227048293301
24.6065479336497
14.842068481445313
26.52296790742505
22.499260199695858
29.438068704575244
19.918362463167956
19.16348876953125
28.772608675625726
65.89284195911182
80.17686880140862
65.40336821838477
31.715636758108396
15.301554003197783
35.49382635990141
53.999090641135524
49.99507469714149
50.303873206319864
50.45563865033887
42.69886831431128
21.034250170250186
34.24510652135923
35.471910085693104
26.270981939536476
23.301480102539063
22.41820151546249
22.012733259386096
22.08290725574999
20.877508544921874
16.604062633871045
30.683618266208168
65.64835436753951
94.31279687257135
110.40069090900344
102.50202540019411
76.70013103725587
40.90543022412417
26.59474905363686
32.87186889779296
32.17249533245172
16.151139785966414
35.88279966194273
57.39462006587102
62.3559788886344
58.09882318408612
51.731944963428546
47.55204566030172
50.0917181323127
58.13761078098876
72.46349804047875
79.4311227778614
71.69431469236312
51.61373940853817
32.00282023452687
14.664817224488752
12.616599512164566
15.571460249854727
22.221056555464248
21.67259826570048
20.236834122906384
38.89284338602124
65.48081702315915
71.36416918112616
40.44352430046506
15.093715646463078
35.02805501720927
33.317349446988736
19.00174827241407
15.797821522246306
26.251893856817922
33.126469240361075
14.535103892165285
48.403951431920255
78.8447723576381
117.60392067939033
156.8488575617377
168.95991470783676
115.05816742104875
39.43378312627188
73.46760640099156
149.92932714416673
137.34888753980766
85.14404774228902
62.31877440928342
89.62010197570393
133.0917512375413
166.2807687202432
175.8123959621963
206.6074402839994
244.54142979699947
262.2873074921066
243.8543744233851
220.16590839429074
200.89126581162773
196.10272725498106
207.1323912342704
229.69427516083888
248.31923001956608
270.01491216788486
291.31726363012405
252.9907491232306
122.00046779224394
38.65642872241641
37.52787873724069
85.27984464688925
109.44616612453771
111.09795078658172
97.5897440323723
80.65358240344827
91.52901785144482
127.20177362278449
149.2155342130961
153.66461607406507
132.20952120418707
106.87655523859692
91.56232001220283
85.53349378477756
82.64336352214977
85.16978203976846
92.7362171419959
95.81559428880193
100.43917935263676
108.46808039827513
105.7381163101908
81.29222240370055
67.79199366667251
85.66842229177719
128.10300922249024
160.64652703156563
173.90705522680747
171.20731495397405
159.13957653234553
145.37098966038286
134.7302420519178
120.47742400107131
103.0490140425972
89.6744745946908
77.79530172593081
74.33411890720713
91.56837967777328
123.75293729364273
144.59246378265144
142.28627063244096
129.3122729431013
122.16322296905109
123.73879624113235
126.06479240523124
109.7976562244975
74.86973918555391
58.780649975077424
79.52210497013849
139.34786422973843
162.92796736980753
145.61836138288342
111.19821705832692
70.96896707091435
50.16932132603224
39.385354080655496
33.23848316204099
21.245877075195313
31.705094396410118
77.17758218992586
117.88139516056404
108.19008687997068
44.86339622629439
25.28160298323335
12.483176191990697
21.46440557472615
67.6290267962487
105.56606898840244
88.70443547520613
36.7726100088601
56.44949099661826
128.02452875587397
195.2538925164184
187.24791827180488
146.28502694283233
100.97128107676903
95.93421907373235
132.12746740593502
169.96626363100876
174.65666265903616
128.98328855758692
78.96923191906187
93.97306543835616
147.77984600207668
173.80357974345324
175.06163638763232
179.11431438374797
219.8530287633028
202.07552883620042
175.1185831161415
125.83166033577922
47.76951099803573
38.78570062286735
44.95612235741728
39.67451511550689
41.144645287035566
66.74155450878371
81.97499601577661
77.36895809781686
48.2295246444779
29.27363333799758
53.63607201496179
209.1518616428545
227.08405960298896
199.17138286916241
145.125395078889
90.7468120192927
111.51783287201401
112.71145738827394
167.46211382554202
188.15607141999845
180.30832265119608
221.66187742465385
268.0690635560992
261.77127361632034
243.6133666261194
181.32975814807241
214.26936298282288
168.0550638583398
165.15766310452523
179.48914691120794
116.02890916809751
44.59604646052649
22.78993943395717
45.0442000607592
78.97410628954495
107.73414849406399
99.12663789041198
91.91919331054324
55.07435005654524
29.218246008043025
42.57647156704606
77.37616947457873
98.17171392592027
102.55255069469953
93.10443414852625
120.5179931912689
117.0638822815747
109.23830220622298
99.72683250341989
104.05906872561604
134.12141072017783
199.00092397813881
158.13887914901875
153.3459504914434
113.2612302178085
109.99605580319103
112.03819009362469
44.92577925902533
66.3113093957868
176.22391784133842
288.0760565720872
310.9833702796239
316.8027764221512
271.2409142403507
338.3760308979332
396.40633618933265
400.69993459586743
332.31734422664425
222.37162692560142
143.2715183935799
67.59703988331641
29.23287239798801
88.0504135592535
41.612835982783096
66.21497146229049
113.82905832648449
370.84271081485065
447.5364441681692
586.0713627223737
592.3461789065441
516.3180406425537
511.6722906739239
501.84827908030246
505.48590504060087
514.0786903148129
532.7265490989608
559.3823960207075
525.465390582877
505.6711547369534
563.6534831139492
573.5598606386535
550.4266729383628
594.8386296710876
660.5183314645234
698.654465734465
709.2098191173424
643.4106444992852
563.3084089810479
410.9468341964213
332.3889672904012
312.56063688454606
288.1946204267065
262.39894613492606
168.6585990349503
36.61842662349873
69.2084216447357
175.94838974513678
271.8522345249446
282.4825461026272
190.66919324808183
196.51264146650706
153.10426671325567
49.4934072317274
38.87650952491604
104.82092744514746
47.069616266266145
48.794049083359916
149.17899061757453
141.2225687477352
102.61688831263154
71.77825550033208
49.010220726825125
34.40126150395772
106.43344048778317
135.1247230888179
191.92620358317282
201.98166218488632
94.81443185066004
114.7571554543185
75.56366859296286
41.34918280603265
74.94333419258669
140.71395576002564
197.31536271480113
342.912255908859
398.04984285362696
380.3828463833808
324.88276945036904
334.45866625408996
334.6676469194539
306.9197309825442
254.62350518680196
136.9234449187623
33.28765869140625
121.67811492689866
137.11215968151538
102.25103288405853
60.11643042579872
75.62949220232922
66.74398679074152
42.94415037150084
16.253333190669583
22.788035269919146
62.00286892845345
108.9538046972176
135.55860843921195
124.65062525562412
62.781922378877084
109.29556368038575
134.69401349264245
145.62600260178323
100.06265662925944
36.27562069971309
30.20982417084997
18.745364898738877
13.239004516601563
24.331861656397006
29.17113099468761
25.210652860665153
41.11946693971886
92.21939139858493
108.47447822305624
110.4630412010816
102.63808830136398
89.6166426699208
80.66679356194614
79.04890294393945
86.66151405592716
53.98355357536261
51.67537171284421
38.90320875497387
27.904470498971477
27.8648060418534
27.66737848482502
23.356805419921876
19.51851849189334
22.58259162175068
26.666132996284226
39.68824050961753
67.70429844784171
86.58898987106363
78.38517836505739
46.27495889319707
21.756735229492186
34.967116614345194
52.59113718142752
47.67114788504112
17.82415771484375
31.05800704911786
49.22252050377308
62.954171497125365
66.09540316624971
46.48966123307538
24.910202715967785
25.223507475594488
26.373727235013085
31.094199690223764
39.44277805663722
62.303524912081684
56.163611999270756
58.97731572496605
84.39414203793137
114.51096957488093
110.63503571884284
104.80042811160797
100.74956688839877
103.62978741767525
94.63635317750888
98.53496123721462
91.7428721581637
73.16468310486667
35.9277175192311
25.110812338565097
41.457894359342774
69.97509995782904
76.03228926561152
60.97909809614712
52.769974331504386
46.99695289108789
55.545998258357216
56.221812469180165
42.65431413319774
22.83293079595045
19.83957210453741
42.87251061541046
76.71680153261214
98.78605355715895
95.63963450195133
71.5856655731739
71.73175896311947
67.00598643069456
58.207303125270755
45.41244603349283
39.872914990792836
43.527881156283776
58.59123983697532
78.50933047284634
110.6156964168055
162.2015269212929
89.54725318679846
69.57638697638058
54.795494608778675
54.08512348719247
40.067310462611474
53.23165228970608
98.98933952961268
148.05250516793063
92.23784790099378
90.70454754565503
54.13440314806674
35.115899658203126
57.64946433693463
109.97938627687654
137.33674991357938
141.73619259255602
150.17253524616575
155.01443464435064
150.4025186200253
143.66007843953417
133.91932475910252
129.3201219735087
145.88184087656356
154.90531845089066
126.4374175142103
115.08368758518695
120.4711622016649
119.96628323400924
95.51493807857737
82.77439879611597
115.59587814552069
157.108975088038
173.97140054763383
160.86377110054744
121.62085965802149
96.71983548005043
120.65919776995024
157.55731073511825
146.39541639599258
98.92143856272887
66.4545074396713
44.040551996768954
41.32645434042352
44.780311824257616
54.08568413527123
77.06046583720573
112.86817138245351
102.67462874836602
114.09541328612367
182.36486020833127
287.7291500253763
370.5795508899735
315.6042134328376
149.99617732554637
128.43233276656437
177.5020724990439
158.7544259296426
142.07387247431316
118.67387153901954
101.47970836175588
100.13100135766629
103.12150906958452
135.71591000563058
166.09675725678466
177.50122296121094
211.67502153708074
216.73763638521737
201.90657357423189
143.05462113255743
65.14771840677967
68.10123726284826
66.26854055223762
118.88777735904414
152.79386781446527
194.4754796802568
250.4763778114869
269.84482933697996
287.5056605122074
218.0930069949114
206.04148308810818
170.7935680256747
148.0767145990037
121.83355986100487
95.34372548240609
110.09577387110804
112.71232792606206
165.84471547884837
257.5666631557374
396.77380394441326
452.31555487520353
390.86421576638037
232.16771062761282
134.26416071724785
163.77357084053816
192.04609784982614
165.75839528793963
167.92637822105644
210.4684444494154
270.5471041956292
278.6147259417288
247.9099205599402
222.08334985424707
197.79405372482444
219.00544313306904
236.34923932436686
248.28117644380836
265.01295390729064
287.78267087171116
326.9464032133648
353.0259855240626
350.72607865010957
303.5982408492544
258.03314505561275
239.3066522205034
206.72326242477953
199.46795655649044
151.8017099275512
54.25034733213361
61.832330879157595
137.18621195114707
206.02106561025258
228.4675760867936
262.11030767687487
278.35231711702926
287.2007263384392
262.6629861182819
273.65561237023724
300.9125502539002
323.01793434944994
368.74167206884306
391.0461684263295
394.9001363537388
403.3143551363144
396.6635441902107
388.46399913474414
344.6023150649962
344.893817813218
403.2811876253256
473.8943084583672
535.7104798541895
582.9131574557789
592.5646397701851
551.5098702835585
498.87591058185296
434.03416071418604
367.0949407627575
228.55894872555464
126.60270628515654
33.96932205104058
112.97653194914406
218.26860407670256
173.2925325647862
60.55543429909535
49.14653395017176
184.08087337155138
314.6005933946323
407.77512276779356
462.60965167868534
428.23651445322685
334.67873812594223
101.19963212553898
52.00516516570965
59.05830256932059
72.59943264392828
23.402798925122443
34.42122592949486
48.14955049370417
33.8981201171875
44.17050910750991
141.84436392766833
122.78692157502056
48.46798439292966
140.07404427446403
178.46420787721303
159.10653162922304
108.8594360197967
43.137967929371555
36.86732350394768
41.50396721496709
70.87610157676481
175.22842712341713
311.9200867020851
128.43990573848023
105.8768273784145
74.37931629232625
109.01558048910337
97.43223363331849
114.23977001606127
121.6947042383234
122.37100623591232
131.639659594051
106.61674500839831
199.0817780179371
178.6531304903067
114.36763799999252
24.070668528217674
93.3387294881401
193.5505396774263
214.34938564556214
172.81255589968822
268.63588762862946
158.14694667203216
33.55496522763315
52.562470712028336
96.88019995435596
161.63726472374293
200.06504973341492
325.56520999328046
313.90590426561744
272.6915366296711
186.08652563138244
141.64074305115497
109.53968422633602
82.48050459103152
96.96834936142514
137.75971297650517
150.88127009683302
191.0019770134119
185.03346375186138
191.63205170365444
175.139026605683
205.18912781966696
56.190682994992315
34.63612110764493
55.66475830078125
37.53747135045205
73.06965478889201
128.6329333232246
247.0989241349036
261.0424446922058
345.6048847493088
331.9704053222223
278.1036002850795
256.11224479008496
200.17182717406416
178.39622515939732
181.3755506283062
180.04413542079138
39.29963244154701
69.01504154893114
181.84884997906346
307.22879202640036
392.4169664111979
285.2761134357646
78.07977671010312
52.77399150793549
205.46081658061334
350.2831828047485
259.2554759869514
86.08544489972655
90.7634664065065
174.1229646183674
122.67772012374822
59.308759737628954
75.92626967555593
65.06023408336509
98.7430809844022
149.29157455036906
184.78464629782997
88.74271455672242
314.41591619048216
308.2037550997503
145.63923139266686
99.8211619011956
56.409770502123365
65.93991822930143
50.27991080225079
24.761783712299167
20.850546534377123
31.527145385742188
55.96852896031449
23.12879183709415
40.37708691722205
65.9391074174171
62.23087185209929
30.965059488166627
18.364694323512047
21.938496881592993
15.515725708007812
21.65790323593253
16.789891039532336
16.99668527800236
41.1769282403867
42.73533207419946
16.846476667619186
17.410796101619827
18.7532270761315
16.474832663450137
72.09072969360577
112.00801134082276
71.9548706966106
30.404694846118595
40.94628217857114
41.92814509841052
37.3338601979572
28.890792479267542
30.34107172740994
30.722019384804366
28.247869793562483
21.222281150789808
21.937440980256156
37.52325036929675
31.838985097048873
17.740932675565
12.421593043617644
9.472866821289063
12.367082939791283
13.644213259734533
23.366706143930422
21.0157513116779
19.301953885235413
15.315684085693396
32.22283869969574
30.249100471003658
26.233452065861126
17.61809124192241
14.574602863766916
22.54031404473924
24.322992740090218
29.74986755393952
37.011286596648304
77.34012266492077
114.82329570303757
102.6788625481427
44.81705435011529
26.56467405236608
55.07953768817828
72.04139727239271
62.84278080875201
43.565072769456904
30.338216735836987
28.77112128916186
32.24074576986302
44.227979396297314
65.55135784675956
79.15217153496128
92.03897504135071
126.6161954351127
147.50129562999857
155.4367268090621
155.7633249239107
152.11949155929705
137.99442751820206
113.50261921823342
88.75441105797913
82.8504062957486
80.75919400579296
82.38529486756434
84.23856914434596
103.73173594514341
153.06038216159513
182.24716321747425
185.5802160039586
169.75748817131054
133.1251347427139
108.69715258223441
88.19033203929511
82.17413594134166
84.48148388676232
100.86738452782838
108.91529456985893
73.13080030386712
70.81280242343487
54.81504398754896
60.316397244655626
56.25244366545871
31.75823832589067
15.970697482727394
25.53916377143296
31.28887899498077
27.427792358398438
76.28674894011112
83.4378759545319
78.85965511950747
81.15462486758311
86.0703773893063
91.88615145505415
102.147560552832
107.82922623550692
114.86088106044431
115.98136493841405
120.03122107664744
123.44802150027272
117.69159855136832
100.17899633517536
83.47874372941624
69.18030060420342
60.048200377239596
54.970730415514524
46.155509451042235
37.27494506835937
48.3352533260113
77.14771862629759
95.7731501139724
69.85794927192278
46.97073541904503
41.46849310378549
35.81429525880735
28.792919921875
27.598621395361967
27.98725314287203
27.11716717956001
24.981457999351722
34.37029183172176
43.82415494644033
80.37931088683695
153.6528818921466
176.90912872354994
205.4552720786789
224.09896275002637
198.74718075756874
151.1681831554591
156.10407602992137
100.37702534431112
99.56098743094131
44.42771288722624
26.051969998045728
28.5702755078554
91.01819464427665
142.32989386365762
171.94040344689165
84.57617433014927
39.69891109863697
127.29647613322922
136.60972471980057
137.1990296772968
103.40534199940075
88.42251141261477
74.24181730372668
39.249712374066306
19.31104736328125
23.97409774548255
26.278159315219046
25.822016087818657
35.932435112157805
59.97118206172049
106.50479664374836
111.5494674557212
73.69565808066245
41.64334631536212
34.91637611876795
67.10346947087237
106.15308727385646
116.02524816952382
137.83885557824027
119.80478082258064
77.0598420366301
65.4827806817746
42.87245704136289
49.06550274767915
83.81421729913227
126.4510866523497
119.25569633469377
84.74393351059439
37.82835315718889
39.60126328960687
141.13506216567959
190.3648892749733
196.17154612400265
111.9129007958285
112.95587740926726
88.44284269713162
70.33540674474675
113.87398489880943
71.79349361785312
45.21592123232101
49.57321760604755
108.66846727021638
153.57213543299628
113.24080742806186
150.99928742802894
188.004351619764
236.2060879539884
212.21577052248495
143.4766447167246
109.80124657510623
97.47919712295929
161.39426320734415
165.58797766925454
137.8932503089963
191.73861686015525
137.53725464463932
51.43603630286416
47.826797815877946
85.25968809206006
105.06877857064691
156.71104252584377
169.8178876536624
183.31808880264822
117.79026939181986
141.15015444804698
158.043774122684
167.5976775129513
77.0738973357913
59.34913664839187
77.33315004971705
27.0947265625
69.68304669245799
39.945691235790584
70.9246716006448
57.46207292093768
30.287723990561336
66.7694969370416
66.63926688101341
67.61279598941285
13.439892578125
28.688927824057146
16.13828346957134
20.29574343950319
57.75624005465878
102.6358432121566
48.00862654108946
46.82826909893665
37.32705880544645
168.40940906119994
295.2476024668681
441.62508428439804
462.14241597373683
407.17564274335393
314.4071872874198
172.40401710565067
135.4215196339782
367.17376461634575
470.2270468691298
360.20817635805224
466.9802442311152
417.850283045398
385.89272222670826
362.1441803606851
245.02354196135929
49.958301503736585
158.13083062099798
257.88681850566127
421.84090306269337
436.98182139427445
274.5955578201283
229.99434321871036
48.18659861361107
36.37512678985536
55.318571884190895
88.32671758762172
101.56784331395643
94.25535662080756
74.21774310674178
110.47910244895074
215.06076395483046
146.73548749546018
55.02426179564789
45.32316577671909
58.85786433455014
27.652103086754504
42.067781861053845
92.47384847974271
157.357237208619
157.4461159313887
135.05105832390964
160.58930273225786
197.31768276524946
197.43585089884246
226.5153830271369
168.2633905875729
229.6695638403794
262.1142017679598
194.40785984188497
76.26203277881355
70.16656298807943
90.86652828600018
131.61287601305366
183.76102659340796
173.27262817203436
166.3092678043883
156.7066511537077
130.58760802342786
173.38873199415124
271.95472493360046
373.41700471205155
388.33752677503435
344.40087450050333
281.8081151431104
226.17246467867682
200.97594146165034
137.06309562942639
91.77165823093046
72.02468452240969
58.99098510742188
75.87016293074271
82.83658252083023
89.88377669341426
161.79222491491342
203.0330884264712
241.72942840929954
220.383740583798
157.64454909090765
93.40167873532896
53.545533010727354
36.2701904296875
87.90886269426042
165.45720801523666
289.36232855551145
110.5820891044153
73.73656870829643
105.68384791804654
54.3066364556435
49.60426258073115
93.52821702920176
90.99779687988519
116.01289777374689
81.28820188754699
46.533122825541525
27.338299560546876
31.420479475069193
37.19841596691043
30.300958570880503
18.673800771571166
24.47692028779297
14.413427734375
17.677707416845635
20.7237004839154
16.487689208984374
15.552194213867187
16.91639763220055
36.472122806145876
73.27128626508701
88.63949424627795
90.84030119706445
74.93229217102188
54.10289017363372
35.02395288372382
25.256191770019107
26.507952418076616
45.21531002167436
74.5834879851858
99.92970733967445
96.36020505671499
75.7004549500321
76.0717918250421
74.73879419159417
61.75936594804316
29.092219039837413
11.247215329222978
18.68426292352276
14.208536507171118
14.982021825979075
10.63230634720801
19.563666598877262
36.85282043729376
56.252794079649924
69.09071896320938
81.89447448012493
84.70586546854463
89.83503320200967
102.24667750496997
87.22846009700501
64.32638882875558
30.444399345898738
18.514422896388247
18.624078919523697
30.178572390156468
41.2117307594951
47.122156245812064
42.9172336334266
34.86411425836868
30.798057931951142
12.484678719856607
12.168314266850416
25.360975767413027
26.3652204800881
19.87625420959971
14.523074586701842
14.471789776599099
33.44843242383051
39.02201671082221
27.572978605780566
9.284173583984375
16.594696019309005
16.315149543348923
27.005424616059486
43.205480900258564
31.948556717797942
19.146098375356974
33.84884389864245
44.818317229214564
48.75795415511942
36.56844989950033
30.31073142855821
14.370721480536691
19.485150464470415
31.918100267031242
33.22078151800415
26.341117348688634
21.22149701880562
12.331025920217485
25.968527873888387
35.18530540971324
39.04905115760231
41.768479987116834
14.899877153157831
10.954174110154463
9.291245367528086
10.72688809663914
14.899183714977676
14.800894389616985
10.571120418395799
14.766596731551227
9.977440437279279
94.56533475896406
101.86665670035245
88.77075438303659
63.31079877204991
39.70129728385052
19.38996227378318
14.244110658432215
21.526844032922533
35.78006122143235
35.15707476120982
26.41281708741044
18.72969703432882
18.200900681491998
21.849380483748018
21.433326095751134
19.338233957953662
15.66909323164449
13.279836848052037
13.126296010127088
19.04139849931081
21.99526816136886
14.889951827291792
21.519216952903868
57.633584865919644
83.71825764502532
91.06021260338052
89.83042209813769
79.48834592519907
58.56878935169184
42.81803394240304
43.54308092392845
48.62414734525728
48.4840916129438
32.542891565450944
14.847156072773078
35.530253026197656
42.56205733631303
35.68138042707333
14.159050164247299
47.641453032184884
25.119682362752656
20.1673654536713
21.005743422127445
54.57365199478829
91.07569652882155
29.956944412414646
14.964798465623995
13.258951871858903
26.133254664747348
44.89721162828641
67.83604778181912
75.00602303818395
63.962163703545116
56.52245912837791
37.313379450620275
40.58784231481086
88.31043731417397
58.72505949143899
64.73718417154892
63.87907658910501
45.49129381890161
54.042511150156976
54.83718043717995
51.48164111456724
71.99033664195701
91.96216359779157
123.38422827963204
116.86804237768156
101.747830336535
61.293290752686154
61.886527421380244
71.0585442060119
107.01406481000697
139.8751148296639
191.49473593325456
262.7730887155436
299.94027282757696
292.03287540357735
269.65442838751426
207.05724845122162
158.7562089287576
156.98836757407162
107.02000922823899
89.45869469499243
91.8516613450578
161.48657017084042
180.99328913192016
161.89432167662093
163.20230909953085
138.63438963970867
160.1763453255778
175.91939956290145
121.57512507972447
129.45575798747092
172.46499382040764
219.1442060735181
172.3646133322242
170.10247169221375
222.91449070380662
338.90449462908475
394.5946243180808
390.12634123336227
411.35664285187875
473.4968594498744
507.927632248648
437.9090681832557
280.13076125603857
241.91840849689433
160.50861678681864
76.98567918427052
137.17881161314614
235.98003237211023
247.5042289271254
277.3748453240754
208.25532207950158
151.6015062003616
205.52547193529335
313.16867501702257
369.9952106545412
370.8563847860478
312.70102592162146
290.7627971707614
283.0454476859488
316.91995514057015
357.441274865913
319.8352536900444
194.92041382605353
157.01404571731547
186.12273212377255
125.65295532658533
49.741496258501954
30.609868228776758
90.81365063671748
62.38579531307441
39.51851751319473
103.74677546228331
162.96535898586927
98.7505231695618
132.02148880231985
175.2479857107604
202.93896891325494
130.6593986474204
41.98450542865312
46.07948342896948
98.1928537349726
96.60147952222178
93.36565653180432
69.63755491893103
47.24415485484997
139.0527024361984
205.46026923056866
137.3119742780472
70.66679990341513
39.574253338711245
36.71844482421875
52.51019440869163
66.13723604116508
166.3120238460332
118.76871212906772
152.29030539780538
309.2167248145768
397.849676404108
469.0823298291198
590.8536705459439
648.6548541717815
737.7613372428366
661.2727355341111
531.7148228987967
481.42211640182376
407.7443354586538
303.556301764119
217.64985182501263
244.3424551680264
212.6340872211402
212.53966793862182
269.9820786496806
348.4722636568016
283.52045311492185
273.24721912295394
162.3769709244988
158.06098579041986
171.98512382856492
142.77635562402764
111.10091954061477
49.91822650344202
36.17981056363633
32.94572561129716
84.76725032069935
101.49450588969121
94.71025630608312
48.910931528536636
13.43512814114706
18.88544131120352
37.84731443482413
45.209050731726094
40.05237164266926
44.110411117200854
73.77512878960356
50.61879860026422
47.04572055091489
20.488818359375
35.523320528305796
36.54277326832214
18.112255859375
18.232637988592273
35.85015156159898
46.27493687300459
94.8824081172623
172.95810129619585
194.230440809821
158.69465300925953
82.6393862015755
121.29342322871526
361.448958692624
436.64859568444183
473.41011462164823
489.04531480987305
498.97973159551896
515.1284573657371
562.9835753390613
476.79062296335894
390.02068358659125
159.49806742241972
34.21310154031016
82.29011941260005
145.78577409012468
134.13857828143927
169.43272527568243
133.6669256135462
91.11817445562085
40.72500586982003
36.79757414256919
34.177445087338604
35.473215138642196
53.87843800287387
47.159121910604334
146.3114120482096
99.02816940620487
22.250343800448537
20.02957467012998
112.26296767219988
248.75898183968667
449.5452864942422
606.7756822800454
748.1122081031062
778.160614609927
638.5969371745042
509.629396595091
401.59878833385864
289.33078283055374
197.37166156174402
156.21644143823067
68.15228823596563
17.373226783185373
28.998046875
10.700094954599512
103.08178650933239
94.6735550552826
135.2611108614321
109.42146187966098
47.90978818616477
21.329394613244403
29.827060536118143
41.28376121010547
13.815733598048656
12.679683417117975
12.777467509105236
11.104165428249882
25.666238240186384
30.335739173151932
13.137924194335938
7.961522081953296
33.011575909080435
39.68050289395652
15.634068714009663
32.11194965765966
60.15236656182947
70.57319582190794
69.24208419953695
66.84086061612852
78.63132575477019
92.11663400692854
87.20088885365033
48.985883315888294
58.05262903996693
60.273159450325885
57.55665648580333
43.87572384123881
37.50023359371376
32.98005457955935
33.74387426243472
33.4526019190258
40.105221435164346
58.79482214014983
77.05260629152967
84.63328984243849
78.53621630813026
74.07658964140637
72.56002158190502
74.93311226014626
75.6127417397739
68.18016661787529
55.44415441328067
37.88979648977288
30.499973137321252
30.82547875895715
39.8820211373954
48.64334567460795
42.67076111216554
30.745856751440307
25.383969970281917
29.102656715870523
37.38247710362716
50.20620216301798
60.04563096161371
65.55369935470205
65.27034294732309
63.18072985721678
61.16432120728946
61.684130736502674
66.71945518046736
72.15272731609403
85.1874270127641
97.94846625791486
109.97193223293088
110.85691769571395
98.70485634242036
84.8604144742455
78.59294320917157
80.18547608032846
80.39016776751362
76.60449559882201
65.71475111739248
72.5834510166575
78.90604024283653
86.28559940564746
79.13536919046801
78.13096206111041
73.30464065490256
60.98767354368742
46.272432524178384
42.46041063396824
31.815835044727464
39.523168342690134
45.870263798727095
51.39411106543677
50.44886064723772
43.115198713503375
36.064664832674495
32.8598954745155
29.670596712516907
31.459404047816907
41.25830617677557
65.66983758448733
87.43840677766033
103.58423446237991
108.86451948189577
103.27812310080576
97.95754202339167
101.74070893758054
94.52379940994669
99.69723185079313
109.24210292250578
115.29440881250946
125.44669116903852
136.91950913153124
147.88969046431293
168.03969361269074
92.95432491324269
25.35692954407143
15.831369018554687
22.479919340761263
20.023623767648267
16.809106286182715
18.29123675606588
22.63948129299653
13.719658168949513
79.77132534333813
114.89700530578016
111.03440543146152
107.80038150497046
112.9865868463575
125.75211364235051
132.94547712495097
128.4621672129037
118.79155945754019
110.19030562460367
107.45368361082095
109.28228760655381
111.84300930912586
109.12618685072206
108.28372806040579
107.38659148851471
110.84686275788556
111.37667973505071
110.57840937904548
109.142740820938
105.37997544168425
106.76662021901988
109.31711093680515
114.30903984691108
112.93872932170943
103.29161075636571
93.44754437663718
85.84183289916541
91.53418707364509
101.50024275734825
107.95584978292547
109.49238613527123
107.87229615496847
99.67409730126815
93.23817634694183
90.67255911127313
91.97555090247575
89.145866039464
70.4428507130287
35.102509763294655
33.77178039550781
13.29302978515625
37.67586294502471
53.354689747707106
175.54385198092223
48.388587135592296
37.25782632971686
32.74911419694799
48.01712185787535
82.01970816805697
101.15965071088388
68.11257390832775
53.010354411074786
236.36847931779553
101.23859173717452
33.4036215507276
101.47510614170533
164.8642388273609
163.82289442490793
93.56867372119231
80.41964721679688
85.95558017800222
131.63957466001648
148.38520691904472
154.12435072168734
142.15044681893747
101.94623305352681
70.01204115481212
72.11680498436344
88.15040319220093
114.23748175538859
128.84949456219073
117.53789101014691
96.96052735809035
114.43840076079633
139.81128036972063
225.38795514939846
257.89008902449615
252.34644988163672
210.5868995878608
217.25421864260474
211.84737830156786
199.26129411283287
179.88082985967316
120.79457417820413
110.04707636624585
173.20181831694714
202.456821856861
223.8776456015371
272.7012532213154
192.22532136638665
128.4545019538351
143.71314864129113
148.97170161451194
161.18746738133632
198.2838981806005
134.43017998794386
127.1656214741497
124.58350041072171
129.54227859396397
115.63524847848949
111.44216629554394
131.84535702213788
200.95069911395154
247.95255842740534
259.57211133886784
237.63360838601108
212.09945826584513
205.50895470961837
149.67724178389335
119.39318216566917
78.70857486211875
75.76304763667721
106.57870499957781
174.5358387323585
173.31916773504366
190.4072492910234
206.1222015938587
202.6443648554029
159.07308627417896
127.70244469816161
97.92035693114863
157.47054698459038
229.73542921102006
201.20398960564043
208.94553737225132
224.12042660817013
228.15271845351407
212.57701571429925
214.97203187854763
166.156684326284
165.56155936301337
216.14887994013452
237.66643807580758
223.72987951712167
215.3669297968201
208.3599750476416
197.05504902626748
250.42974179603408
241.45720658208137
194.19323587175933
141.82073997133767
43.93623402655462
83.9951023782638
204.74280841802255
315.15662676249275
353.0995972791885
74.60929432058074
259.3216899064508
91.56549696872261
214.1534843683532
181.27112326830007
94.39499505740385
51.889295146512424
88.70969012063581
43.38450017142613
392.5600579688702
114.25157817894396
177.26763477852683
208.36324335034223
187.9802304987822
221.14305468828607
82.83315501417223
100.57075655080607
73.620894772266
26.898583984375
17.955812174639323
51.59889889490514
35.64124268157366
74.37848895016391
110.02153968562752
153.96950446768582
240.22771734383886
95.19766724018932
65.61249441923069
70.94156800528567
107.67216941054411
33.01505590672664
161.94295111250693
217.9514293467334
46.14614636137594
77.18737307579804
104.50213711517321
197.50861316945634
212.4860734262576
237.84267441708454
296.97405337121984
352.15557026893276
368.7525018940538
304.8618269624103
349.48597490352677
400.1947065360878
238.89111814776393
253.7475599761953
271.00289062647965
280.77526760818904
236.84174499833966
219.71640850992088
233.04151232418698
233.93933571684906
218.69942979768751
250.88231953747794
250.0493619881616
269.86727896545085
282.27445357889343
239.65276107227365
283.6684568800389
292.47095909890703
270.01379300432745
230.37349086241574
165.1656077051304
182.56233839948413
171.1277740632852
117.24906861482891
44.60264813467452
120.04893485184125
148.41683843981295
121.38559950789936
76.89401204394213
61.73807616185586
44.32164397400843
48.275634765625
49.891839235945056
98.54165091218192
267.4646337972543
341.78287266434364
442.97497553668063
484.89004107966093
547.2294527371163
644.4552358889828
663.9675695438257
738.8675336526568
750.6050847543895
691.3427156810851
608.0303806317563
511.0238483701566
407.90538262943073
287.6194021777598
62.151085964454936
71.11163369977585
155.45893252895704
219.83105034035634
273.66458516401525
231.8775972395757
112.65899631189464
45.67178243727089
70.97192933792303
52.44203786921021
76.99936310617495
73.28211511215068
61.34435294840971
99.7242321936782
91.46447409779289
235.69105927861293
160.95265916971866
298.07856637751377
207.39930852571774
82.91224554760757
122.80744136024359
175.70432796760528
197.93249950331318
162.08899281173407
162.18545466570558
174.72394880326524
169.57034009688704
121.76588598748185
100.14969311255678
93.84363750315462
93.38138136962752
84.75208835478875
71.34198535449869
68.70407665671424
59.6736613463705
77.91727711509603
92.91419075118674
52.647946228932554
67.68532621580589
75.88013901282689
72.14397022140683
53.86211862925977
36.71607389284668
23.295551958138958
25.72882950963058
39.55574564117343
51.61447045331531
53.916440318885655
61.3546753467984
55.46459904263522
21.664173035862156
16.896939863826923
19.761500342247928
13.112541258008537
18.893505079253874
19.556242566228036
18.600189874576152
20.753822558743593
24.388564407927923
36.9104784861902
65.69946937140534
82.70623604976258
80.4071419745931
59.019842100269294
43.68646850792474
50.611498501351775
59.92775384740279
37.48079805267114
23.57401123046875
47.39694585205151
31.90318336551393
24.77625732421875
32.64036946645738
51.10859352871455
56.04270110489411
42.78035231436197
42.89612130877099
24.884193161158237
19.70807495553072
26.044881084259067
43.450084086547996
50.460915081325666
44.52599536284915
39.22599661167244
33.01538761097154
44.5690136870272
64.61952460034945
107.22430027428311
139.60274633162413
136.71321837062524
91.89188934242125
60.990024718310494
50.963614597496964
41.78028229968963
43.026316897617015
55.43791025587079
75.82214062249155
102.11231580128708
136.2307235780594
183.33781526444642
208.53670892997633
178.74507278350683
128.82825623867797
94.13186098148526
87.28730935665462
85.18642447719665
90.38981372871288
100.77971136541927
108.7013813533267
107.78365787321687
104.25018533072064
109.95998757615253
104.11049616377454
83.45498453413242
56.17682984255377
39.03875209443241
37.36236274394851
54.05874758149516
92.53931535068114
154.66517280264932
196.33841789863573
125.17089716387882
111.7704150499098
71.40222623199683
25.0776184304234
29.406413052833578
66.03793403066561
69.06774158189076
26.572581992484267
15.333167465542976
24.850293238126845
67.45025739387889
81.93030713171784
80.47935008096314
56.07619571036649
22.191806384140193
11.389647672406772
12.412275597004804
18.72862556220316
37.345555708908385
49.519468123162554
41.489027546863554
49.59511408783506
48.14029207581766
59.68395500962356
63.97868863606109
56.86637851727319
48.22376400559401
53.32201161925154
68.2975883984233
87.78626945175775
99.16826369274963
89.25223123717088
82.82643424832615
76.48878618453041
72.59775105675517
66.82486249528532
65.59578012282805
62.09158048647705
60.10237432166978
57.191190524819106
49.63738377076861
25.882897403788434
90.9554887825099
178.73011348089193
204.65528305245616
154.55413387862754
93.7985790143453
90.5477124111766
96.04408502555748
77.19153068181902
57.83534078409855
36.892060503966036
20.350786074840425
19.464518112710287
39.03978413274581
45.51428103268527
25.765552623020984
24.195929438282565
36.56302222434461
55.453155971681575
99.98658208812057
53.14701374632093
43.81926478094274
23.413717268445772
19.298486328125
41.23877223389227
33.38505530177777
26.477738515108808
30.419482030605355
276.70381131863286
314.55159078033745
309.80981224466007
336.6923147845158
317.19305648911023
239.27523506373987
251.81429382449681
225.64481440792625
251.6916566202764
232.61743687116223
125.42277141924515
140.47733902829413
130.10340504892483
176.17209579215984
207.53162360443883
263.7924474610255
315.64873718986934
340.02648277652213
354.46241655774674
431.8604603242432
484.9181008681755
516.580270999464
506.5578784618859
365.9290796006399
226.98074178739466
169.22161818819973
157.78858513448094
239.74062085243344
304.75922079638406
196.3930499136464
139.90448913820472
106.8894364042726
75.54010378887847
127.3617342279831
182.61295349448196
255.85245859192818
377.3787828317342
429.3449816745556
419.86113661472973
451.5493513763478
401.1551521031232
241.2852080519793
159.807648806613
132.56738145210767
156.3965029058576
193.4474020392234
197.0459042145279
144.57555697727753
191.88791415230426
279.26305526472004
319.3092379856213
290.66552675273607
216.5453705157219
243.98768702201178
302.94770981469884
280.0241483064633
43.36706981629536
392.68326277108264
402.2845887612786
454.3372683994753
457.30119943315714
602.6484899323026
697.2049411870781
707.7016918962839
730.1750159437597
698.0444201585487
704.3966741046613
684.9486053069847
692.3884918955213
782.1676166618497
725.5367876611659
682.7459603167981
777.4145656259758
693.3647479656677
609.4065814853936
602.2355664517409
548.8923864431123
530.128343234894
583.6176670706354
619.3869704868248
652.5124894560176
646.1994380330736
560.6379493264345
469.5303826837685
377.0234003508227
290.3308491261153
236.28080656924985
297.637612831914
270.3186383259832
200.3081500350304
105.36698571694319
105.2095453467056
78.51337526625124
128.28144829822978
44.41299024275363
23.517714327993804
49.971206946883626
19.34759463993505
80.7677611020099
141.82638193997795
244.94743649056036
302.62900187854206
294.06510260524294
276.95513147528675
257.578790828824
307.3017774923842
347.112705923511
359.3604600640301
343.92298081301135
429.7998967801171
511.7375285691771
568.4743331170129
513.5187197615862
445.3990543670995
658.283232945954
560.2688773954535
431.57682288077893
284.4482232072267
184.02558326400737
79.21713337061306
122.36005243971604
236.8062046556748
321.8408728788594
308.0765443192674
375.50671131042327
435.0300441438614
446.54614330468837
453.3474482057475
517.3545954636181
450.0673528930244
421.1112901978339
356.54020675683734
314.80928444707115
287.8071910096554
240.28642439626128
163.8929815823373
95.48797601695496
147.26583283507654
127.46318991297616
166.32894912550267
181.08044975414114
207.1746085063828
87.35297904330768
40.7747425241494
69.97748951541071
106.27896266064504
104.90739376164584
39.02150809692066
32.04506543681498
48.114820938261275
81.80419686876151
117.21001213454284
125.70059999746488
72.0058614078014
18.79366934375661
53.963043816704065
59.39367778536839
46.68198108316265
11.566518728269875
20.219391628349776
48.14892270754113
16.186822509765626
132.84076846792823
62.328880469230356
109.3879591436524
149.86220500525923
265.39893165836185
380.0106611557171
485.4805384062267
465.46485526292935
473.74767856370363
479.38121167175814
346.12757068692935
242.50499814474605
92.16540893367346
111.18398220350191
180.30476615701792
204.5446620275925
178.8524938616366
96.88638202599118
46.3574951171875
109.8356931086984
185.38299492076325
205.05847114148264
215.54830936276235
215.0126881516191
223.49004242301513
202.50837100731525
181.38834777228513
252.81940804026425
295.81834556378305
373.40179373521715
275.3075291759462
364.98072752727074
434.4364644528785
385.2326805941737
336.42323380317055
300.9595535459719
255.168468253816
172.32012866226756
89.44939465686639
35.64613463115345
39.603175891430695
57.96320072395804
121.76197891558868
82.8012503641562
36.407683063365496
20.827597585317243
17.501378673905627
48.79603985315104
67.8444359748488
12.196620636273087
91.39973768948948
102.11343318284415
37.825932101643765
43.67391268323074
83.67223476221704
85.18076443986013
15.427703857421875
30.58988502161492
44.87316227754518
53.1050857513272
51.04761987983444
47.20956398782192
54.234228107390535
64.82357045748832
60.735687687616895
50.62051733608833
37.010015609973536
27.281640985651915
19.047878156664193
23.714990897360906
43.48419158508345
25.362727679640365
27.471696611695098
26.08505451660492
14.009645578608064
13.336517853754902
15.250129639619331
13.617805338141267
15.958338928222656
18.750704956054687
23.307810974121093
18.714974462972304
14.887367563142949
13.152168697783827
17.016431562832327
25.587470361696045
27.61221788798199
14.970594661803101
11.078485048443383
12.267746003259713
11.303144787056528
18.934524633870048
26.039689124181688
31.875142161127314
27.23404288725883
16.184207229582558
11.474888145715244
16.241760214639186
16.49595846347474
12.438008290308812
11.4185237795712
18.608607020863975
21.164845208635093
14.969171696453396
11.481956322235686
11.731023630640369
9.06355351111842
15.295369783247008
16.79393536457085
19.802476159145954
25.099080552097767
24.73117478322633
17.37371058911084
12.684093884398976
13.55407286240968
12.80695973138321
12.841072680572324
12.411163330078125
10.985294620745572
12.516704181080025
13.846130700371305
13.623529714039602
15.701653916143561
16.77767802563675
14.427378645177942
10.787113487326655
13.267504698329038
14.90022061571151
12.266288535739637
10.88409052034287
11.21342122771639
10.500344848632812
12.269382474971735
12.198521323775765
11.985162182797717
10.96565238496471
14.74829844317253
38.88981622227139
47.8176156428072
46.328691375754815
37.393696457075976
13.85661830512305
13.237746654138869
5.884204705787181
10.357224674871384
15.294047750833125
10.142577760867278
6.826071166992188
15.082781758040074
21.252545968915683
14.542833841994161
13.762712764339813
9.697284742166767
8.842438945346117
12.872564239599921
14.977646762989457
13.166356210597154
14.391930275715259
16.329929072442546
15.242522297918919
13.266158511163486
11.927539726018017
15.411936135012287
19.57696309004507
19.85878641954191
15.312237421451437
11.087707211400623
8.873312933820518
9.65454232019663
9.447507287162177
7.6361735911512145
8.475047051383308
37.115287403637524
98.21744330643392
114.02857297533262
86.74548178999616
33.07065129272004
11.798497456967164
10.470394144379929
9.196271627069246
8.368573991572651
11.513128941303894
13.191381795440567
8.770204506614295
18.358905606425093
40.21378142655808
92.99656554035687
120.64567392127974
117.83626312115621
78.38918486467955
34.062617003935905
20.257719227086408
18.750240208011757
12.027371708599981
11.863238525390624
17.01911083596251
19.135006798430776
16.96213792159715
26.74771959654563
28.24580259736691
21.910247912153
53.218481803776875
60.036576747650294
26.476739375662373
79.99538435949073
83.20675321438671
46.04361011244464
19.343523972937078
37.39935527726243
38.14456003284217
54.07759846713761
84.28293816493851
108.05149768330375
91.84167649593383
47.89058197418224
36.35725803090959
33.35107264036601
33.911251919157415
21.499652099609374
34.88992679826729
42.6347654059068
37.120733642578124
45.5419339976401
61.25587685179316
67.34384661009896
56.61866618995718
35.337018021884454
41.6131701688375
53.74681195315354
73.89004149812513
35.171144007452405
37.57387328727941
75.71603322808915
99.35407073213273
70.58446823355416
69.51448033880528
81.18645668965515
20.69438471264966
15.224489349745454
25.135362743381528
55.752080976719526
77.39393159113588
111.9679912728237
118.51794326366726
134.950010937708
145.0914606903877
106.06527042762309
81.44751918476497
42.751495901482755
22.274456787109376
36.14732055664062
53.70670547488876
56.33056640625
170.38430619240495
100.64389135632018
80.73507080078124
139.74674880925136
110.7708868353257
83.88803771166752
139.17244770417102
174.43861969474239
102.68259309787959
77.19048743651024
80.98689409620142
129.53562951393434
126.7151168068226
91.30714369968446
86.4483087092577
97.67668469146179
119.23513718594863
96.67915705560858
81.75216584643677
90.88509627168955
143.96669701759743
75.73779186892325
27.957279966821716
19.445944400671898
20.327978515625
34.4204819104411
55.1277271410821
58.318069067952685
81.92617311908893
105.96427463119149
91.52474455823535
67.3639533526858
50.95551037860296
33.51466064453125
32.163330078125
114.96930825356853
169.79812804603822
143.86746608913163
109.86961072092637
119.82336930857983
70.07372292906753
94.40162090864153
118.2008328433838
95.63449244807683
142.53060605420688
128.3001603836171
64.71488256315311
20.354025190762606
50.25086837671952
108.48557009605088
122.17117850593164
170.75668108163677
98.06725037737942
56.13793042164584
74.97925521055973
28.06865639062471
26.05894797479241
60.06939552537385
152.373297024318
124.59768320211802
49.74198643091927
40.45012978374839
268.62071222203195
333.54105788986305
356.15760033511634
421.3133797504973
392.25719464388993
295.1031450960842
338.30487963287123
283.39621217303375
72.33244340301262
29.348859516153606
82.51108137543756
43.01729198642404
79.23701057084354
94.27733304456459
200.69778858008766
103.03552365761524
152.17066078132848
192.10403570653747
221.592762670402
82.97925091764372
36.81850435657934
37.35394689364193
48.29738403856722
43.76661987304688
114.55264577413818
163.7398758147971
120.89182914125513
91.83270044688197
62.362501232843805
63.32431477656928
70.08484705275296
75.0313541058943
78.92834276255817
77.75810286327687
69.99715526523987
58.710438387476685
41.38177972272763
47.195684814453124
35.5605002272672
24.91429658578131
19.086717184652024
49.306278146430785
42.854519797330866
69.88358025975617
78.44322128755589
99.21870672974758
94.90545121095775
65.758771611469
110.27456997531945
247.53544097752987
354.6861899534161
300.07096125751826
35.7254150390625
103.40712313819185
144.51631847479766
178.1319534568326
281.02526964489755
437.53580618410535
498.9497877923136
429.18344620449096
220.0025468145915
96.66855868565672
115.23458850780416
85.13258056640625
133.76163305003166
144.32741453563168
109.72911617694145
99.50928127292923
75.73995293930156
144.53567616568142
199.89420697630402
237.3823727529249
247.96606889585024
212.49308537942096
117.27340109438396
92.49097865204844
168.9002012380982
136.5996839414127
94.00957328585874
47.447803177060834
71.01523653384527
198.48965439563963
406.20403801717396
520.7762406469097
470.2783617193757
336.7193100556693
246.7211526008387
109.14850121974663
24.49769302399509
55.32198767444129
179.81500247898293
284.00162133022684
320.7686487578128
257.7442170694343
185.20487801383192
238.8366707766805
38.27777942101884
48.6551093779341
67.35139448581249
64.54732020628708
19.853717858291542
20.734311342345837
48.90193879319213
75.19384538100401
93.70282002631704
112.73372755282855
153.4051799212045
128.30509070991315
102.2333741127643
74.2242308789782
69.78811152106081
97.8093221124171
126.24617929843703
142.205612829678
156.30142612250458
205.95732684486066
223.52061083022855
186.5919601033267
141.0862657805475
97.21707891947571
63.00480993320298
28.402468621321532
10.823556518554687
16.444550667752445
20.74428158011408
11.7125212188575
17.642995917581082
34.12189824006282
39.005471404957824
41.258564641590134
34.272516453639184
30.640363027275896
25.858529054375957
14.397731270748773
7.200813579569751
14.880177296955276
13.66460720933046
10.085407457280326
7.08964800641669
6.2840847464769585
11.096997328514158
12.653971515364969
8.301822617586277
6.918270873559004
7.47787868621549
6.631507491497819
9.694256325906531
11.623380210360143
14.361502305564068
17.22799421879754
21.898382428193884
25.795969084125147
25.969964241460367
22.52711584862331
20.64085238750173
18.34645535555717
9.757120305344746
6.677565002441407
8.557718858592045
14.480400530673217
17.823081711978695
18.0163999989639
17.863262324272455
28.79647870256422
34.05732742122736
30.70428516260315
20.606434973661045
12.254597831072465
12.681863216338877
12.557589774583676
19.34729045005066
28.283783974571474
42.404382692846795
54.35032089654702
66.11478784188921
68.66762356988363
54.227606563203096
33.050985121311896
19.515264964985114
15.869505351245948
13.111718860307928
9.426091508578429
9.138750503718757
12.911619878949159
14.209565408473736
15.323500386601335
22.599342771395946
35.10423445518766
46.571959699422834
50.87523822958333
46.696486208572864
40.9370068309609
46.870870671027966
62.00082030225353
89.99461393734774
105.18199431269689
100.40339444748113
78.49311783516468
60.828701251945105
63.19099007484601
81.3721799623391
98.80412873545652
80.12369208593108
62.297658027318086
28.434853048586206
10.7193603515625
17.3921685631508
21.438149988803254
31.2594746502754
19.37494133915651
42.40467385247698
25.36136466021626
23.75445598777717
22.180267333984375
42.589499887048305
67.41608913756974
108.39629419219041
218.59010400066867
298.80523920543976
297.31330335492646
240.76044147340286
150.82917866741812
94.79895961904738
74.12521508751931
54.78739076695946
41.65591366717634
37.44733274934217
36.068414354388764
35.820465087890625
39.87025601427244
35.03226928710937
43.52593101786423
61.221185789485915
66.04895867505896
63.8467171707292
61.54057324621813
57.433961932631675
49.95897137046228
45.02844400458351
39.77669128742358
41.19380078728184
42.069280553516556
37.76619200406915
30.429934692382812
53.798697265188665
73.97225218076426
76.81311299997424
78.95169520299135
86.00804869955714
55.698612538288515
48.088897676814256
43.67915532307502
29.74843336470758
27.151092529296875
19.396356913948512
32.57330326848167
64.22451342129497
105.43458672607915
88.89427482470546
55.79006368665323
33.36619997842479
62.974197999596115
49.12791885124384
22.99682803502092
41.038417306437985
44.76800607422856
67.09895259002114
54.70222584886392
56.691216822389926
62.12172083932201
97.88107864886453
46.18178777646726
51.16196948873621
64.17982068436012
97.50036099780384
111.11422804767145
92.86460366201898
66.09836481366975
46.875097687815106
68.7050541779989
73.12003058485122
98.76335149858974
134.5193529392838
156.42383805137123
150.40568438202325
144.57895564462697
176.61921273018544
177.8806739960872
176.8943307340374
199.2407771682669
223.53412149792257
235.3019935946649
173.41292678538406
89.50606892086464
55.792148144741326
35.951241391466986
40.02757528881848
30.264727783203124
30.821106507644526
37.01455078125
31.57171546669324
27.944868164124887
25.447820600790216
29.4912271374345
32.792048731583236
71.7725100342562
138.79355715580473
176.10888421401083
148.43580484730856
43.24180273262759
89.56833443759396
120.40650940219834
83.06139409984448
55.872230479369065
40.6479736328125
28.900992298507937
37.95714277698871
31.79023969684463
33.8504655865494
48.5045954823383
93.41298923023092
185.64753178526848
211.84478444562828
224.70340421542224
263.20988415751617
254.28490364332828
231.40509931298584
209.5533938769767
184.52496262443373
157.98001400265758
149.27926463956496
163.21213951465114
206.71961604949678
256.1686437249426
276.65599483345216
276.7432144985729
262.93270692315883
258.0709480116975
271.989170686507
268.82925123516833
276.9664143739228
295.57175000183577
301.9644818371115
283.77380558475545
279.45868196177815
290.8312825387342
283.8063784357244
267.92870188284326
210.2461805730236
97.42517806916507
38.34278138688128
25.85287130798133
23.5625732421875
59.74237922142031
130.15960095751421
108.57179706140403
108.9534536880644
53.98027609907242
35.269409081014444
89.57313134574581
88.18217920902086
92.84519547814614
41.69379710000548
57.54628113205713
89.20472375424649
63.860731762473435
20.590652067524207
60.601658053983556
47.02394398601136
69.43449597095432
98.24966228057505
125.95261716457767
167.96799368177722
247.1541884047214
253.2439285377357
219.41533022635218
163.62133419554493
153.1173423821313
140.64602933948058
175.3943968266887
199.70587937180736
170.32597107752244
196.10865490485247
244.89858194518894
301.16895494948733
347.20256580052876
338.26162946849564
317.1480220147843
254.48554179163074
192.59768750978296
165.68099359005436
156.81293045384024
84.37856530939521
39.50289717493956
53.16702900183568
96.49691924914177
116.48790959279604
74.95289572338852
26.192902448574387
102.1537412770812
50.01040142005836
41.61390931412048
172.95021570418658
300.1063276518886
339.0002337563749
331.19764901546074
331.01331815714366
403.5574113459605
445.9337729375246
474.4784026128459
381.76866092228704
459.5695090458729
521.1598127455152
463.68185448371787
405.0746577487025
326.14813229009616
213.55269409332192
188.40999891773285
207.8246394055415
206.15731651982568
206.78256308658501
157.71036802034922
209.1308417704378
217.45207926932616
223.0876613631628
212.83902957152003
160.8580101647568
111.30629394660987
193.68963733655542
233.13320919708923
260.2991035254496
304.3412522672528
327.42031419497505
335.0644352935178
423.163958171217
435.12557739298916
483.0764310464864
371.89226728383284
288.09350057017366
195.53182267108977
159.54346472084882
123.71405206217169
119.35666149627045
48.83035051405925
13.249976171015533
89.86750943079676
120.20315857952274
53.31478871533218
37.86542357623639
60.07692752793962
65.99370944770465
86.98715601113153
123.58800295738084
173.77570246974315
214.0945002562497
189.43760394910151
187.93993594371761
182.60514403808511
147.45910141774348
107.15396296279178
78.14001500280725
74.30947480091166
94.0598206951995
122.54904625132045
120.52488128037803
91.03028178726402
52.925376929464356
23.6405672937472
14.005599198763843
10.395113079673468
10.613110388294638
17.819950096871572
31.264078960748396
42.02398860611247
54.54637691491858
62.730565072964325
66.28754890217405
50.70983096239329
57.438684482205645
105.97329368540404
159.49964951553966
222.50357689174535
279.80726521033085
271.60173674627407
177.80290778037073
100.15989371624592
48.32781317140261
33.85076725400877
35.89622384322215
60.64184022669615
108.57551685868437
179.1683404182185
155.89335704692138
106.18522021827039
42.7432310836683
31.543800602506984
39.122614800010794
40.32941084886903
38.57234638680366
32.65772078000587
33.47741389899669
42.946440541659925
46.40002291931544
45.83090479939597
39.57142019992121
35.67256376247413
35.79776267335029
39.110422982122785
38.15941406665634
34.24040215419145
33.032515877043394
36.065421694692624
29.86873805525253
24.6553978436742
18.28743107872906
24.250591328906033
27.64663732088884
26.646424565335757
24.29815055415388
20.43041076660156
22.010162353515625
25.85538960048648
37.35596585614371
51.89356309315576
60.832210943178595
70.11468683921416
85.23355975367049
90.75701369756746
82.59501096605538
57.95469746599774
48.998533595476964
56.74849245257351
64.36306199851587
60.31633081497448
59.585244784862425
62.71684497428687
64.88443031612447
81.74740867077162
105.59451419318805
90.30541546429211
115.31516015793022
99.40856669465533
86.86792418460641
87.22403028365088
89.22107271647751
90.89013176718558
114.04847960324041
163.8583695433821
148.80568021973014
98.662333890253
59.246484095583035
51.72991092322386
51.02264767282914
62.8730838158931
83.50660143173658
29.40260249240623
14.851414355116685
19.598895263671874
25.314550639689696
31.534883002699825
46.28305272961984
54.590475088229844
32.48437434901912
9.108429742503063
93.1703345887554
119.32002973729436
116.14336366951201
115.56187706506162
124.89559731643524
126.46815661915866
119.55951100823208
91.63491495348
73.62057088672184
80.01659237061203
110.40101486250498
131.47118293494822
138.00945797752843
134.96263719473345
124.30702366877082
108.43805886155629
70.23118482321038
54.1924000917327
49.07631046263799
64.03622123332198
72.1175843045565
86.0100970922881
106.0542838523439
121.80777916818197
127.56748620752542
129.51739702258914
127.34042499308752
97.67207704744514
101.87705488827346
119.86267925933717
120.31689252454748
96.09540921311745
70.427589884801
67.60323034811248
58.58830622760352
53.17467433416682
47.562008559623145
35.20334981938176
38.990300203878654
49.24055588611693
37.41782157003888
39.59061285012103
101.2022815649536
114.09388179887856
103.77498586158694
94.69290714863605
103.46010049426131
122.67437091659357
138.1486510769687
128.49290975064451
108.4844465675521
68.98266194777402
25.32351734306194
24.385880673053567
21.79844808754359
39.382803760500835
71.12943366296845
106.2280955251506
104.91351858695164
62.89824407749948
36.14108672178743
34.93691422002862
54.45163381665532
91.76425514428713
81.25564838208273
129.83840911168755
55.31829606301094
31.53674738923346
29.03454328893888
17.545658950478174
33.94187800114141
55.782515053247515
50.337098942072046
59.314970138440614
92.29249023515908
95.85899105255771
73.81313508410312
29.268177897479156
63.11264062479931
57.74896542694073
49.598120038234995
62.93889352833703
50.04990844726562
58.9927352492773
60.30555257921469
45.728116471361226
40.94259060569493
39.73052546814961
43.63879327120294
49.0523567400373
46.581467836491264
39.275048513482304
56.54321376742901
56.93465454091292
57.42203552624078
56.26625362496297
26.48332005606744
35.65646454265493
63.65671413436739
68.07550496572586
130.4069513450723
92.58310928938882
99.24348895579264
101.17053522043625
114.87890116884292
147.0994843947532
125.90213981386646
113.74279939714143
70.16082267023766
39.5939782562718
58.87132835427328
83.86481201507927
107.41883256251967
117.825582822562
117.63413387350006
84.06573903188182
87.76671023624567
92.73109502647567
94.362323099497
69.56199256255204
98.30161090718029
73.97924175230364
46.829889952363786
47.37661538349835
88.82616385897795
53.037807457219515
34.764654921898
30.534878426806426
85.25555092753629
276.97248083752027
455.23252668662343
529.2494901590701
524.0801062788393
555.9907130055075
529.782538996132
473.42728659411586
447.8775033678823
420.1303460628309
422.16306747910795
458.5837019957122
544.1485576418293
587.6529523683254
610.4401906710912
597.0279307129825
633.6003845506639
619.5258431918479
606.5113726294142
634.4741447986664
722.23434730267
833.7625977814527
929.3708535305777
926.8340704046693
851.2116586154114
750.8282809945886
593.3393635083878
511.5942929393894
290.2907719819349
219.9438569091789
188.80978140013767
205.3194650935744
206.73823638854833
163.23439041619184
139.0863706373491
80.19894795693331
166.13885708416518
162.08370427205017
160.61041355493498
172.43290007329574
187.83506994525524
161.2231420623143
81.44101215183223
47.14138285683193
79.82402677255796
39.001546569885974
119.25202532092449
74.32197270061292
88.42307140191397
185.512158839025
376.31252605132374
434.39925633801874
442.40298417424066
538.2017492064181
572.188437456073
625.0294193852632
663.3235538134016
603.6360646799585
228.41688743090162
220.0649247962837
140.85888472488463
195.30815492215183
270.9204640656659
443.3951638375409
631.5813422831596
598.9605513920553
524.7735939626244
255.17157100511122
365.71122422112586
443.33178439486363
378.7954924482947
451.8196848035571
408.75839318172973
349.2822484763166
317.43520445061785
207.6666465887738
148.9421262109384
119.09869577775207
182.872799938145
300.66734891239724
267.9426798910657
185.81334011532152
141.2159366537695
160.6960864352979
190.2741871588944
281.4652380564956
134.96476992693678
79.02246529308134
135.06713208616037
158.11085176258385
214.13715085792455
79.03158231668968
77.81424383177746
175.17922449242164
121.43739161677244
119.36868223505067
65.33807442672386
98.80049188888916
195.840122926575
155.83849105626237
188.1526758203625
258.13279807229566
314.3773981653803
333.3173051353768
348.8168928524672
396.27376578780786
400.77856656707064
464.94067958538847
423.6692693665241
388.1186794548039
384.5256362561433
322.31293315948403
266.8458183102186
246.68092516010557
178.70300644217986
132.3458631699588
103.85804689643996
69.0526993013771
52.38835905635106
56.42861362256226
56.424423305899836
45.79440581362947
68.30471415160628
258.5532693840525
295.80000166204144
233.24684035925475
72.7660977826431
71.50249008659011
125.78659884833424
171.91613058745344
188.07509547102578
213.8093132014199
257.19473312060217
283.84267674312116
312.9448485605397
255.61245107126177
187.36569615617296
201.70692798841932
229.64648347101084
204.8422256664431
177.9085168380233
112.81007543792153
75.44090573525698
86.85888742802567
158.1833052116367
247.9222253237587
210.2797741682873
169.60615208683453
242.45583239345828
197.6150605565312
240.5107791689157
211.3344073746604
161.16065524792648
92.3662091993634
65.45811640213087
53.62395805518518
42.488183348807844
44.335530116699104
69.05177406797687
91.06103584717728
