0
355.75198
366.5558
372.28058
371.80307
370.3217
370.1008
369.54108
369.6575
370.4254
370.79254
370.5877
372.42703
375.08374
373.48077
369.0534
365.92462
362.65033
361.83224
371.41788
377.50983
372.36072
369.3537
356.9922
364.10864
381.48477
382.0539
368.83252
353.3903
386.2164
385.42773
339.3911
325.93658
304.45703
358.98944
371.65698
374.419
380.41644
385.23395
390.99677
394.98068
397.43344
398.98938
395.62964
392.28058
390.21594
391.2348
394.07623
396.12836
395.70746
389.21805
382.41507
378.03384
372.81442
393.8393
373.69028
363.6597
363.94382
374.5891
380.6511
417.35654
400.00388
552.93835
545.3154
514.83575
476.82617
469.03052
469.07047
487.74722
480.62802
437.12265
456.4227
479.49307
481.40814
478.0768
477.275
479.99872
482.92548
479.1815
476.3204
478.0987
481.60382
479.79364
475.1696
478.13824
481.89633
482.92993
480.63297
481.4694
480.89526
478.59122
479.73526
479.58936
478.8351
476.75186
476.5128
480.66058
482.6867
481.9502
480.48227
479.451
483.11166
487.9107
516.828
552.7102
639.7208
834.28406
825.46875
603.0997
464.34702
370.41553
295.45026
399.69638
500.7372
566.921
485.3015
548.61835
610.97986
670.0244
682.72205
705.95026
677.2917
659.7995
654.80927
663.5499
757.15643
878.3291
904.257
889.66376
922.70166
901.7324
888.1426
893.9012
957.5485
1021.2383
1087.4371
1105.9183
1096.2953
1041.9216
1031.6628
997.7
968.60583
935.9943
934.06726
936.471
965.77686
985.203
991.33856
985.86414
976.21985
958.9906
931.68616
931.2209
914.21564
905.47986
886.3574
892.59326
921.7249
966.4705
1009.59534
1060.8262
1120.4674
1135.8267
1132.4529
1068.113
1040.8279
1024.1832
1023.5449
1014.1128
1014.5433
1026.9646
1040.9347
1044.6853
1037.0231
1037.8724
1041.8932
1038.8513
1038.1503
1055.0408
1062.3446
1069.0266
1061.4675
1049.2906
1016.702
1020.6592
1027.7183
1008.7118
1094.4478
1136.9415
1216.0712
1286.6172
1337.2927
1368.8285
1397.5609
1419.9904
1426.848
1448.341
1439.2074
1426.3516
1435.9496
1419.121
1432.0406
1439.9249
1434.1646
1433.4133
1432.555
1439.708
1434.563
1432.3228
1430.3528
1433.5386
1436.1716
1431.518
1439.8948
1443.3206
1438.9255
1431.6508
1437.0251
1420.1725
1426.1998
1417.8865
1396.5585
1374.9192
1272.4535
1147.752
937.7621
812.76416
643.5816
589.4445
629.9176
685.39355
839.4912
991.7267
1047.341
1126.1161
1206.8112
1305.9219
1324.22
1334.1223
1318.4626
1348.4028
1338.4617
1382.7922
1421.4644
1395.18
1397.1608
1376.4846
1397.6785
1392.6682
1406.7449
1384.7842
1387.7126
1381.863
1392.277
1354.2756
1325.0569
1367.8473
1360.1936
1372.3054
1400.9866
1405.7008
1392.8347
1376.826
1337.4802
1316.9703
1324.7919
1351.1671
1348.9421
1353.7468
1364.1667
1301.0763
1280.0553
1229.1066
1106.8367
1087.1925
1033.6799
969.6086
968.7184
943.7557
923.0461
940.7614
937.3791
933.3529
920.6304
905.61053
910.64197
916.47546
927.25665
923.29675
957.3507
962.8802
924.09454
849.7012
824.578
780.1312
762.6561
760.01776
769.8433
894.9352
960.7443
1056.1589
1097.574
1104.7771
1058.283
1080.1194
1085.3242
1055.1495
1052.4424
1089.1223
1131.5936
1113.7588
1058.3408
961.36835
933.9393
1016.2704
1051.7834
1082.4702
1128.6381
1207.5828
1252.4215
1259.8652
1248.1461
1218.0912
1233.3353
1208.6605
1191.9661
1135.0404
1105.9304
1101.687
1073.9176
1133.1619
1132.5962
1098.6578
1053.9141
1033.869
1017.67444
1061.5002
1134.0892
1098.2114
1025.8446
916.5614
745.5883
597.86005
551.2594
561.3175
496.4712
445.996
453.84335
416.00323
349.4062
353.64752
356.19763
360.0097
358.42514
346.88104
342.60312
356.76135
364.452
363.68982
352.3595
335.08835
329.7391
337.21185
346.6419
341.02094
337.62018
332.9787
328.75043
330.85553
333.03918
333.077
328.94592
320.17017
296.7381
294.64398
292.26056
291.91357
289.35672
287.63373
287.50534
288.2154
292.82355
290.11926
286.54883
286.83185
285.19766
282.8573
279.02118
275.26617
267.9887
264.8297
266.42633
264.67206
263.49747
264.4678
268.66562
263.14972
260.39755
265.77274
265.67337
264.7065
265.82974
265.12717
268.2735
267.94226
280.76862
275.10773
277.14093
276.43164
277.40842
283.298
283.73346
282.7202
281.63043
282.32098
283.38834
286.13525
279.45987
273.12646
283.71896
290.61075
294.84857
301.79062
298.23383
290.95184
289.1459
319.37762
326.14932
326.27264
330.04834
300.4123
294.2379
292.1126
304.46103
304.7762
312.70325
314.1513
295.669
308.45126
317.96347
309.16193
301.9054
287.8502
276.48798
276.842
439.03848
478.84464
465.2238
467.2535
474.546
481.73178
490.30557
500.31683
450.03598
468.78668
470.61182
471.19708
472.05927
471.75195
471.19293
470.91327
471.23584
471.2763
470.9001
470.7831
471.13623
472.24258
472.20517
472.09018
471.86322
471.4939
471.0323
470.878
471.4842
471.97324
470.59366
468.82632
469.07013
471.65875
471.18768
469.4267
469.18668
472.94427
474.13443
470.2982
469.39764
470.09448
470.3439
470.83405
471.52133
473.3924
471.65912
482.3339
494.77582
509.23056
521.2681
512.8918
501.34946
496.9311
494.75626
490.91968
456.60562
480.33017
488.85748
530.93195
605.7362
700.05457
749.87897
797.9937
865.3047
914.1699
836.1805
878.16046
874.19354
889.78436
904.5579
903.49207
897.43494
898.2049
917.38934
926.3683
919.55383
889.471
867.4162
851.7962
862.3122
866.23065
900.5675
936.3664
955.5588
957.4214
940.3336
937.56995
908.86316
940.26794
987.41406
1054.4534
1130.342
1186.8538
1176.2538
1090.0549
1027.4648
1021.16766
1050.3015
1062.2297
1090.7474
1067.3884
1047.6256
1072.8494
1042.0431
1023.7614
1054.0242
1082.417
1079.618
1059.7075
1054.8663
1051.269
1036.8816
1049.2196
1067.1488
1103.318
1139.5
1149.4343
1216.6283
1260.593
1277.0079
1357.0309
1414.4474
1413.2413
1395.9182
1431.8966
1471.2949
1480.3035
1481.0433
1494.2839
1492.6707
1471.3864
1493.2838
1475.1891
1426.5868
1414.9326
1423.8676
1454.7867
1482.8014
1483.5378
1480.9426
1471.8314
1468.48
1450.7537
1458.6272
1474.074
1456.8453
1462.6057
1431.4434
1405.7794
1412.9054
1386.2667
1356.4509
1324.3306
1302.6234
1110.2024
940.2023
772.9402
691.9337
656.61926
634.63574
754.596
902.3742
920.88513
1030.2
1206.1335
1343.9792
1426.2839
1450.9423
1431.1714
1381.2594
1424.9102
1459.9799
1474.8242
1466.3987
1380.2832
1393.8943
1444.6423
1365.2739
1375.8289
1387.4548
1391.2263
1378.8468
1423.3655
1393.9314
1373.309
1395.1724
1404.3954
1381.7031
1384.7028
1410.9797
1377.3608
1375.7988
1394.0575
1391.2046
1391.7852
1376.745
1214.4495
1062.6892
1027.3871
878.783
655.46936
538.8014
556.99023
545.58295
545.05194
504.24176
555.7497
671.4763
799.61926
1014.54785
1094.6261
1115.3779
1153.291
1143.9758
1116.8542
1222.3479
1170.2711
1082.561
1147.6777
1092.119
1102.1096
1113.808
1113.3995
1081.4817
1066.5176
1121.2964
1127.7391
1100.8215
1150.7788
1174.6768
1179.8079
1183.5034
1170.5934
1224.2734
1125.9323
1119.6252
1144.226
1129.0105
1129.7576
1148.5084
1123.5205
1093.6145
1077.8574
1025.5095
953.77893
930.7171
943.0946
967.8545
979.26086
982.596
1006.02704
868.16736
695.85284
572.852
552.3561
573.5259
556.0001
511.76016
436.10248
477.08047
473.55072
385.99323
387.893
389.1328
388.07782
392.1755
393.5886
396.09937
395.25922
362.65244
361.37967
364.18057
369.50995
370.09677
369.41553
367.68134
367.19214
369.63068
377.41403
360.836
333.58243
311.89124
283.0101
345.0307
403.27567
375.73032
352.0048
332.91135
336.13702
302.41266
282.19553
365.43436
380.5384
363.31818
352.37347
356.74622
364.5036
383.3401
404.77197
409.94556
411.24228
410.70044
406.27203
409.4774
398.85345
362.6158
333.95215
319.43362
307.7246
343.1192
409.8024
404.36533
358.13727
322.03766
337.3924
339.06512
331.82953
354.75214
376.90933
374.4519
376.6073
372.08685
367.33136
365.7875
365.36954
371.03073
368.22174
366.55875
363.85605
378.5394
346.38858
323.92642
345.02972
370.83145
378.75937
371.39102
357.53683
354.12503
346.4032
340.3562
375.6939
450.67725
490.6579
476.4997
451.34366
436.7277
419.01373
417.4497
454.56635
491.22974
491.47565
500.3725
528.84015
525.4493
512.1159
502.98926
494.51123
489.72772
487.1186
488.0393
493.38046
493.20636
490.77753
490.46475
486.26642
480.94043
484.25797
487.55377
488.31757
486.0468
498.65192
505.47208
508.25934
508.5479
507.89786
492.88583
487.29584
493.2293
503.74356
499.99078
496.75372
497.5275
489.95532
495.72284
518.1528
550.28613
574.55347
581.7421
583.8983
528.34296
455.21075
417.31177
419.8917
423.2602
541.77783
574.15564
604.60803
657.4607
712.98096
768.18195
817.9754
867.22156
875.91406
897.6839
891.4419
904.47656
915.22815
901.7262
884.15643
879.6494
874.9833
898.34784
918.5663
920.5348
913.02893
902.75116
908.8073
913.262
919.8034
905.7743
889.85266
885.1278
884.47473
891.98694
901.6574
931.9603
999.2399
1074.9465
1131.3085
1155.0073
1133.1838
1082.2267
1057.418
1052.416
1052.6146
1032.6599
1006.0718
986.0995
1001.6462
1011.66174
1067.2389
1072.4484
1058.5829
1072.6731
1060.642
1044.9501
1074.3972
1077.8225
1091.3381
1110.5516
1096.1263
1071.0935
1063.0066
1005.4777
1057.5558
1208.7148
1255.4762
1401.6013
1530.0845
1577.3032
1615.7665
1640.0033
1621.9432
1617.399
1633.1542
1628.4094
1630.7141
1627.9161
1634.156
1605.6804
1607.9749
1610.9675
1608.9529
1623.4585
1613.0913
1596.5459
1593.8933
1587.3143
1595.6212
1583.8629
1593.3625
1583.9989
1597.7981
1590.5447
1578.8148
1520.1458
1527.3293
1491.6053
1488.4342
1542.07
1500.0446
1364.972
1219.6257
1039.6097
872.14124
758.2442
679.6855
627.198
574.8576
517.37585
525.19305
502.92926
549.87146
593.3477
666.891
761.87115
874.3503
1056.9912
1262.8455
1378.607
1478.4075
1591.9352
1587.2571
1614.0178
1631.2305
1597.2035
1589.3079
1555.1687
1523.9126
1497.2825
1501.1919
1525.8767
1543.405
1518.8251
1521.359
1455.0564
1474.3713
1522.884
1469.6467
1519.5632
1522.0585
1601.1451
1558.585
1538.1632
1557.3806
1558.7727
1512.5013
1526.5034
1547.9729
1495.2556
1413.5002
1232.3833
1106.976
1045.609
979.73987
991.362
991.9328
1010.03827
1013.83264
1021.19354
1074.742
1075.6458
1126.9899
1057.5935
1111.5295
1144.535
1190.9791
1218.3772
1107.0546
1010.8163
1137.2004
1244.4196
1321.1702
1322.6226
1317.6257
1190.7738
1249.2711
1295.862
1290.1743
1271.7256
1212.5789
1284.0535
1322.7896
1385.5026
1448.3047
1380.7839
1356.8889
1344.5854
1411.3624
1371.0629
1350.1414
1321.6335
1277.7052
1249.5477
1187.8213
1344.9723
1316.1783
1349.5442
1356.5199
1357.9094
1424.2744
1083.614
1030.9388
1050.1757
1036.0298
1004.00165
902.7003
860.91345
803.7694
836.19336
1106.7546
929.1859
773.71063
585.86
540.992
547.6943
550.6268
524.92346
502.333
441.32138
416.81186
353.92422
340.9457
335.80603
329.4427
337.20407
327.24185
316.3841
306.43683
297.92752
312.50037
322.38336
325.7249
331.7031
347.64487
354.91415
347.18878
343.78928
349.43658
307.28186
315.19522
328.7082
346.75433
363.87372
381.40472
392.63907
397.55933
403.42307
409.42834
410.98926
411.18823
421.32315
434.30533
421.4453
410.42416
399.32574
387.98566
392.97583
405.89575
390.49063
391.32492
386.62225
395.10077
394.76627
392.89542
391.48685
396.71518
403.72308
400.65543
398.4193
394.3225
389.73447
380.02594
363.72232
338.6657
321.2781
325.88043
306.02917
297.3352
299.29413
316.64435
322.28632
326.51337
330.39154
333.20654
336.31332
328.8996
327.4238
324.29922
326.576
326.48843
320.2
324.75775
319.6318
322.331
319.0038
304.40704
285.32782
289.4978
306.19656
312.44257
305.6473
303.10492
303.6843
321.35065
323.87695
327.32196
317.80252
318.14865
329.55072
385.82855
414.742
416.3592
409.43146
420.7264
441.66772
447.60132
461.55875
464.43115
385.55084
316.2147
337.76523
341.51212
341.87122
342.06842
342.72147
343.5268
343.77948
344.99213
344.84747
345.00137
345.9365
346.89294
345.5159
347.76352
349.12732
348.975
350.04465
351.755
347.9704
345.2644
342.31955
341.70895
334.6117
332.2769
329.6187
322.4756
323.27637
324.96564
325.23572
330.80206
345.3299
371.6131
384.5056
394.4558
375.19757
371.8681
383.38278
391.6126
413.63593
505.87802
532.06213
531.2291
567.18256
590.73425
667.61285
690.5724
716.3014
794.3323
906.1208
999.53906
1024.0234
957.63214
938.7533
869.4662
749.7267
728.34235
719.1896
709.5865
701.8972
709.79785
707.9301
719.02686
725.3325
723.0885
712.3329
715.47235
756.13055
789.8253
816.3517
899.097
919.4678
947.943
981.2293
1002.7326
1003.2197
1048.0894
1023.1735
1005.06757
1014.43634
987.53204
978.1166
981.5076
990.71375
1036.2864
1091.3148
1015.1452
1053.8394
1110.6545
1162.3323
1190.7146
1240.0201
1212.2084
1109.6678
1120.3966
1094.679
1122.3175
1153.9612
1109.5377
1169.7809
1346.3536
1493.1746
1619.3501
1721.9365
1775.518
1750.8344
1759.7601
1797.0883
1829.6536
1808.6635
1845.7043
1760.3379
1754.0844
1729.0602
1689.9193
1676.2595
1711.176
1768.6829
1791.3586
1786.6683
1791.5798
1818.4623
1815.7311
1757.3334
1736.5953
1699.8313
1712.8196
1709.7937
1600.5349
1498.2379
1420.4373
1360.6128
1222.4136
1052.6904
991.51135
889.5583
763.77747
546.852
486.89737
566.47296
633.079
625.19714
626.23505
734.28326
941.0283
1193.2811
1420.0814
1400.0281
1585.7892
1631.348
1568.6393
1597.4203
1608.7723
1577.0798
1625.4563
1491.1252
1463.3243
1525.716
1475.8167
1524.2576
1613.2644
1625.4681
1719.7045
1587.519
1548.7198
1561.8054
1449.5297
1492.2374
1678.4719
1664.9193
1481.6927
1395.4907
1293.058
1197.4501
1191.645
1340.0132
1186.2576
1000.85266
963.7435
894.31573
818.7942
716.91693
666.4309
691.40027
869.6616
1056.0813
1125.447
1281.6996
1288.1895
1211.8287
946.69836
1021.21014
992.3751
958.7262
1054.2524
1212.7725
1227.1443
1124.7675
1038.9559
887.01746
869.1224
842.56726
844.65564
858.34143
855.59717
871.25226
908.5309
936.99396
936.5751
930.22235
886.9346
865.22705
856.31885
855.1258
874.26337
879.4865
894.4994
921.66095
1003.66473
1093.4929
1022.85095
957.37744
923.13995
904.0705
879.014
897.284
902.20245
751.74304
684.3994
620.9883
527.63
472.60727
438.57755
412.52676
384.01755
333.19382
291.46497
314.25336
314.02203
312.08517
310.47318
312.31726
312.80588
311.4749
318.05
318.24863
315.79697
305.309
302.08673
309.74738
321.75363
344.5254
363.46497
359.5534
356.27203
364.91544
378.70844
378.45258
371.27487
369.8226
381.4667
381.59274
378.0124
365.68423
383.07202
384.0184
364.62643
360.94028
358.8875
374.02274
388.2838
373.14337
374.0448
373.63425
393.25183
403.87823
381.99738
348.9411
333.20953
360.34827
370.78534
378.81177
378.34644
375.87216
374.14938
373.3802
371.70566
367.46234
366.0007
373.13205
378.6059
365.6857
363.7886
376.16437
399.3391
414.20013
396.99756
378.8164
387.4229
419.78973
425.08408
432.71344
405.9482
388.9118
379.43863
367.97296
376.451
391.1386
401.73282
413.36554
409.96835
421.2281
430.6319
403.44193
343.28775
311.3123
306.9094
318.01254
334.71448
350.31036
383.2697
374.9614
371.08194
368.62845
365.37064
387.32184
429.39362
424.8815
400.20285
367.05713
354.99533
358.9922
364.71268
376.55896
374.1364
394.81488
403.9577
393.79102
390.7566
397.13565
391.70013
389.48712
400.27722
394.09564
386.28052
375.8165
368.28897
365.4937
365.65286
365.6246
366.18848
367.94196
371.42575
371.21494
370.53888
370.44412
370.93942
375.5704
378.79053
378.41376
376.20694
376.68317
376.46844
377.42953
381.84308
393.89215
393.92044
400.2135
406.0837
403.17654
388.5374
381.9709
424.94473
476.24292
535.96375
590.40326
642.2569
654.98895
662.76776
667.1048
711.5817
745.11633
741.376
717.0156
723.9435
727.74194
680.44354
667.01355
680.17596
697.42126
685.6554
688.7982
708.77594
699.235
677.7897
677.255
671.745
684.5812
681.568
688.77106
692.2826
693.9193
691.4691
701.2282
700.1305
677.66565
683.7891
674.5293
690.8094
693.7876
698.05383
713.1643
740.82916
744.4776
787.63293
783.9892
768.2213
778.07587
805.6986
803.3445
791.6595
797.6961
817.1937
786.98016
796.5866
779.87885
771.63824
794.20935
781.28046
782.0483
786.3745
826.4393
889.054
962.83105
1036.9323
1107.3252
1229.9185
1308.9457
1303.6438
1331.6089
1382.3542
1380.359
1331.4207
1355.0333
1387.3694
1402.0997
1443.6138
1490.1328
1495.622
1491.7344
1473.8414
1427.5037
1437.4008
1426.6633
1397.653
1380.2281
1389.2302
1384.2408
1330.7283
1395.2434
1404.3822
1429.7725
1317.2378
1189.2839
1140.6218
1090.6034
1054.5023
1019.2083
880.0052
768.8918
692.9799
502.70294
469.49957
450.76602
494.66162
583.8063
732.35535
845.7958
963.2666
1073.4642
1146.4657
1138.3223
1153.3768
1197.8635
1159.3792
1180.0988
1198.464
1225.7632
1226.9304
1257.5266
1357.1138
1361.1685
1198.5897
1257.9443
1330.6692
1305.4865
1399.5864
1403.6683
1276.938
1218.4517
1156.3016
1188.6549
1132.3752
1189.0026
1299.6844
1267.4948
1234.8865
1099.5338
1039.1108
1007.19885
944.3898
839.5627
777.92645
730.73
659.33405
626.5905
614.694
648.6598
658.35724
683.1325
697.2588
705.444
689.2577
714.28625
706.27423
704.0929
693.5264
700.34656
733.4334
722.96405
727.672
614.56744
596.13904
638.05676
593.3123
486.74203
443.5231
435.17206
425.27863
488.185
535.1909
575.86835
613.9256
646.1114
713.561
790.54736
904.8644
889.541
823.5662
795.1361
831.3755
895.07263
952.2917
996.119
1058.083
1148.1963
1084.5901
1045.0557
962.2762
839.9258
820.9408
758.7009
755.17004
778.1344
847.2716
886.68146
896.13544
900.27893
833.9697
847.7995
931.65594
999.7329
1123.906
1087.1189
950.6378
865.4785
824.9044
805.62866
872.5451
817.73114
788.0973
825.93585
843.8094
846.104
837.76874
770.3433
731.0148
727.715
736.9567
765.9762
718.59045
653.7581
690.6527
707.852
717.3041
702.31586
644.0874
615.965
576.54175
522.2433
483.8164
457.20538
432.28458
402.91095
394.0047
396.66812
358.65164
342.29007
322.55484
333.65454
336.81644
338.6026
337.53766
336.30045
337.53574
340.67972
351.15393
359.0171
326.5329
308.05722
283.7704
274.06693
266.2147
263.83722
275.3505
284.6854
291.07053
339.8333
346.06134
342.68497
333.0558
325.36386
321.01215
320.49884
321.82544
322.85217
321.3822
321.2224
320.49695
320.4683
322.71307
324.5681
324.79977
316.396
318.43414
325.9698
325.30878
324.06866
320.28717
318.15958
324.8033
331.04694
330.6935
330.09906
336.20816
337.52948
340.50702
338.19562
338.64584
330.373
313.10452
302.1573
303.1438
319.20294
332.94214
327.0992
317.43076
291.64328
288.4535
283.25287
262.61856
259.0466
268.24628
300.11533
299.42188
297.62482
321.1642
262.29596
260.60306
263.1394
265.02548
265.77008
265.6944
257.5396
253.19331
253.52249
257.62677
251.62854
251.22232
248.49251
248.54822
263.3819
275.00363
277.05765
284.4903
296.45624
314.68048
314.51807
314.6416
310.49176
305.3421
299.83572
298.1351
291.3415
415.23242
452.12787
430.70767
401.78204
352.15826
334.15018
340.2664
363.3073
353.99054
411.8465
413.00238
402.84833
399.50488
401.07672
410.6836
416.4875
415.9729
409.86856
413.90015
420.6353
426.8584
429.42023
436.35052
438.99365
435.54794
434.71606
432.777
432.29346
434.96637
441.1193
441.4632
439.29727
436.71866
436.88364
436.0528
436.6054
437.6525
434.95074
429.38068
420.5285
417.91226
415.7663
415.10605
411.9135
409.98657
410.41962
408.75644
407.2226
411.1535
468.00018
651.91406
583.847
585.2884
759.72205
642.706
600.1381
544.7078
484.12637
480.11444
545.06287
639.7376
651.69916
661.34265
719.8908
746.4538
775.87476
790.93445
820.98035
763.9199
766.9092
770.0745
791.1869
808.0234
814.971
827.9547
831.24725
823.31964
811.04065
813.40686
806.4919
805.1153
810.9573
802.1079
810.08374
820.39343
844.73425
847.5531
839.8236
850.4871
861.0106
872.9922
894.0581
907.51776
957.68005
979.2246
1047.1637
1100.6115
1043.4707
1127.5635
1150.1604
1330.8344
1260.955
1155.118
904.87274
898.8197
896.09894
900.2122
896.5425
891.98486
924.6456
918.17413
900.44366
909.8534
900.68994
908.30634
909.42444
910.9125
911.04333
950.3485
998.8255
1111.3988
1027.1547
1158.3512
1299.3464
1390.883
1465.3455
1524.6442
1652.5348
1824.0898
1845.9092
1801.5667
1798.1774
1585.1501
1600.9133
1611.0122
1632.0886
1602.1028
1603.1152
1566.9558
1557.2983
1575.4286
1580.0002
1579.8948
1618.4976
1621.8457
1609.4788
1685.2703
1648.7776
1641.6907
1621.7228
1671.4192
1685.553
1648.8977
1589.9045
1553.3276
1150.1764
1133.4763
1078.3132
947.6915
824.7762
760.9064
798.2218
874.64044
914.91486
950.8333
974.1002
1015.7957
1093.8606
1207.844
1237.5404
1282.2268
1309.1705
1372.4396
1460.8967
1539.3733
1548.5803
1572.711
1480.958
1469.7379
1482.4589
1455.0134
1363.3958
1418.4156
1353.9462
1291.1624
1478.694
1397.4974
1347.4166
1444.5388
1530.6141
1615.3889
1681.8926
1682.2367
1661.4998
1641.9437
1594.1698
1551.3894
1485.4285
1567.2675
1455.2124
1361.7303
927.74744
916.1839
872.8937
858.3265
866.9271
876.0358
874.8693
883.02576
899.3773
885.0631
892.841
911.0104
873.0034
876.00964
883.0333
866.87646
904.6229
956.1545
1129.069
1254.6646
1329.1917
1366.5226
1200.3667
1254.5382
1338.3766
1438.3274
1480.5873
1465.1589
1440.4231
1376.4507
1391.2574
1429.5251
1485.5443
1519.4055
1510.866
1533.5216
1513.3079
1491.6333
1468.5785
1430.5898
1419.6948
1383.1411
1372.5773
1375.7317
1426.8896
1434.4889
1456.2039
1457.8081
1469.2352
1477.359
1417.6923
1351.7135
1160.0796
997.87384
938.30664
855.01105
759.43427
710.838
738.6033
783.41315
817.13806
973.452
912.3252
713.44116
560.4999
573.96185
570.91595
502.60977
468.54266
423.13617
355.56186
313.3023
262.76196
261.04468
262.7375
271.04498
278.4996
282.07703
279.48056
297.3907
277.8442
263.91806
331.95312
327.02377
327.82278
322.19614
328.81763
335.85083
328.32748
345.8518
353.59055
360.88474
361.39337
361.5996
361.04605
360.89774
362.24445
362.89383
363.42468
363.38126
363.7309
375.89224
366.21463
351.18735
344.46426
333.8091
312.39618
302.2226
330.914
353.23193
364.88477
380.60507
415.1601
409.90387
403.9531
417.96933
411.08832
401.81805
388.44806
365.4062
331.91568
284.1856
316.41516
329.19205
330.14706
386.37164
419.74503
409.02728
391.6176
377.88034
352.0883
341.4781
327.42975
309.66745
290.98343
311.77026
308.08865
310.71198
313.18292
312.3675
309.47296
308.88205
308.29874
307.12354
309.87152
310.70016
308.96606
309.30658
314.70868
317.38864
316.98535
316.22894
313.55286
310.06403
311.93195
316.6263
321.9471
330.18878
328.28745
324.93768
325.95047
326.9934
324.86816
326.30664
331.58594
329.11615
349.24854
393.76974
410.5499
425.1607
445.9124
460.00732
482.09564
479.17026
429.48892
429.9835
448.25684
447.9358
456.24243
449.75
432.14868
433.78876
436.53403
436.6004
445.64056
444.3391
437.1494
432.9502
438.66083
443.10938
443.0102
442.38705
442.59198
440.85068
436.13104
435.4582
438.73398
439.08463
441.6315
443.53458
446.2293
444.431
441.32788
440.0418
444.07367
445.29745
444.30786
442.31964
441.76587
451.83783
447.24738
477.5224
481.94843
466.9623
472.11987
471.66376
458.80292
437.1066
424.6206
426.25592
442.55215
472.00543
484.12753
509.55463
548.5393
543.3694
570.99915
645.8342
666.9167
689.1419
747.4095
786.1422
819.4429
811.2081
871.973
1018.9359
1062.8234
1069.4315
991.17236
985.52655
965.4808
993.0458
1019.5043
1045.6459
1078.1987
1098.3195
1037.0906
994.27167
1019.31573
1029.2332
1082.709
1104.7288
1134.127
1114.3118
1147.9703
1242.2205
1322.5627
1253.3617
1142.2825
1091.1345
1129.5549
1101.2781
1086.5345
1096.8542
1086.061
1091.239
1106.6907
1127.5101
1154.7273
1162.8971
1168.1116
1152.9366
1193.2444
1271.4742
1355.6154
1361.8087
1386.4802
1367.011
1253.545
1107.5796
1079.348
1111.1091
1085.0852
1084.2793
1093.6807
1084.0266
1144.7869
1173.802
1272.1597
1286.4412
1324.4542
1231.1804
1205.7041
1385.6656
1509.6364
1537.6345
1509.4016
1536.2253
1615.0955
1714.1008
1812.1877
1791.5433
1818.3695
1847.2816
1871.8842
1874.7871
1900.0791
1864.612
1764.998
1621.286
1593.971
1608.1351
1623.4012
1595.553
1614.6459
1626.3396
1597.8252
1658.7213
1614.5537
1640.64
1508.0361
1430.427
1395.8969
1340.9539
1217.2025
1118.6304
971.9004
913.26874
650.3185
590.70935
555.0123
517.5692
472.3553
444.85645
448.07812
461.41495
447.85986
450.08716
489.377
546.5691
569.1365
603.31604
670.00256
758.57635
830.54065
838.53503
827.8815
839.1901
862.43994
788.89026
854.45166
1001.2601
1126.6951
1379.658
1404.3578
1508.1564
1501.1753
1480.9924
1533.1257
1431.1772
1278.3015
1099.8093
1084.8268
1235.4731
1299.6306
1393.2249
1541.7244
1562.1372
1398.227
1250.0898
1156.9229
1255.2421
1315.7288
1169.3853
1149.8544
1056.5343
1126.596
1232.4275
1262.493
1278.3756
1192.0072
1087.1888
1036.6239
935.48047
724.3372
635.7582
591.7679
564.0366
507.17072
445.50333
463.40186
483.46494
468.88037
476.6603
454.91397
464.529
464.7899
467.83682
498.00537
557.0926
716.7396
826.47314
883.59357
900.60724
955.675
1059.3718
1171.1538
1235.037
1267.0789
1322.3658
1261.6315
1250.4895
1251.1492
1251.9172
1251.5916
1104.9407
973.9585
908.80206
757.93176
772.5769
816.3926
870.7246
941.3908
1006.7839
1094.273
1138.6923
1266.1768
1256.0245
1123.0488
987.7617
987.2705
889.50867
867.79083
824.8136
793.45233
776.63245
765.7218
747.0824
727.8324
712.9387
758.65564
827.0
871.6763
715.7698
667.482
567.68427
520.7562
511.82437
490.46307
442.88144
347.69586
355.5138
317.56934
322.07318
321.36972
325.42438
339.1031
355.95526
366.82568
360.76733
349.10983
335.81906
325.4233
315.0843
312.9937
314.07452
323.26752
358.75156
373.3125
239.66162
206.3583
185.17293
182.60808
188.86316
200.83739
221.4001
218.02261
210.78206
224.32373
224.58774
224.2259
223.80571
223.80435
223.9023
223.7021
223.57324
223.47624
222.80576
222.60759
223.20085
223.63687
223.37508
223.64189
224.2552
224.27412
224.34612
224.77888
224.70483
222.8868
224.07268
225.40422
224.9213
220.36523
220.5834
230.64978
228.23508
223.12741
227.5853
236.4382
241.88374
242.94124
238.32951
243.94327
245.01074
256.74432
259.04926
259.09625
261.0792
262.28058
259.0512
259.47086
267.73917
256.82587
260.68127
274.22354
267.76038
258.96414
257.7475
258.14752
256.112
259.0335
267.12042
269.56903
261.42328
261.26462
268.05597
269.1862
268.8849
315.83627
318.43878
301.25287
275.35275
264.24713
256.28635
243.80733
236.89311
215.3844
255.50461
255.4974
256.9136
256.755
256.4096
253.20346
251.47993
252.12405
252.00728
251.86055
251.22989
250.44771
251.62737
254.65596
253.6739
251.60681
251.5354
251.45952
252.23038
253.10869
252.06387
250.94722
249.65047
250.35518
252.23547
252.83904
252.2424
252.63565
254.02417
252.27579
253.40813
257.28494
258.46475
257.4854
257.56427
277.36746
270.1162
258.034
255.37894
266.76724
285.80536
282.09406
264.6832
255.94661
274.73712
271.445
286.91098
315.5805
332.73834
378.3316
440.9563
513.19885
553.66907
571.32416
557.3658
539.8475
545.67395
546.5729
578.0509
588.9259
592.546
616.69995
589.33075
606.8332
587.42303
575.7887
584.0888
590.37933
590.2284
601.4166
608.9347
599.90173
596.4152
609.3367
606.1478
601.22296
610.71857
671.76917
723.403
742.39746
726.2528
728.2006
738.69415
725.94666
774.95154
790.3823
789.84576
818.96027
819.55457
846.5955
832.9318
840.18585
881.6875
853.94824
769.5989
749.39954
781.30817
791.7642
826.0752
873.2363
869.1073
854.87805
874.1579
1062.9603
1165.8247
1230.9227
1108.9766
1045.0482
988.8998
937.9595
1000.05566
1116.4834
1179.4004
1222.8313
1224.6892
1227.6781
1269.3048
1280.7776
1272.8918
1266.991
1220.1594
1201.3945
1221.7455
1233.9944
1239.6588
1221.366
1249.1656
1291.1442
1320.272
1273.8488
1248.7343
1236.1375
1237.1234
1267.802
1280.5889
1289.3167
1258.5541
1215.6638
1113.415
901.5627
770.1903
636.6019
534.60266
487.4912
415.89297
354.56454
341.59128
295.59802
273.45
398.23245
479.39673
603.9855
717.337
829.7218
933.32697
915.7707
954.32587
1005.64795
981.1279
996.0451
1041.7754
1080.6849
1125.789
1102.79
981.3337
854.00183
750.7481
700.9152
625.3341
656.73865
736.93665
739.683
786.3441
852.5485
859.5746
818.7893
915.5413
953.0329
945.8031
877.35364
872.51154
981.3087
1034.2891
993.65497
978.3248
937.7256
853.76855
782.77875
735.17365
716.6076
674.58234
634.9504
653.6103
671.40314
654.1625
645.5164
666.7989
675.65
668.5438
671.89886
644.6693
658.9137
647.7681
541.47174
526.4808
532.3721
598.51404
573.7921
660.6769
709.8497
704.25464
686.36084
710.99536
746.09235
831.75867
1183.5955
1165.0417
1020.9005
981.0926
950.40546
976.41486
935.45197
657.02435
605.73517
640.5633
805.1553
877.7614
817.29517
903.4378
951.5084
984.4598
966.7373
921.6686
780.6992
626.0255
561.9623
549.121
619.3836
678.2918
787.66394
912.5729
987.57733
982.16077
883.02277
739.026
627.43274
646.3375
674.00714
787.9974
742.1584
664.2667
657.70215
722.4258
794.7226
860.25476
902.1799
979.7777
1015.679
953.69415
915.193
913.69385
645.5348
561.8087
522.08374
450.72406
440.41144
419.9878
377.6259
292.76575
221.11938
195.47897
178.24094
199.9803
219.07576
219.32564
223.51721
224.63464
219.47005
214.30591
214.86137
216.7393
218.5535
222.79944
224.51053
230.1209
260.00558
260.37207
265.51035
265.55402
266.35852
266.76236
275.40045
278.6667
279.98584
285.10248
281.65
275.1795
273.9296
271.1881
270.0417
265.57666
259.51996
262.6989
259.97894
255.96677
256.1595
254.63985
249.93213
244.56314
243.91833
245.69296
248.47432
250.6453
249.22456
251.34366
251.86923
250.1478
244.68953
243.62569
244.29141
243.3472
241.20943
246.19002
247.53496
247.64568
246.03769
249.72717
258.0457
266.5879
285.4576
281.3868
272.22797
273.394
270.18948
266.21283
268.39227
290.15714
306.20975
290.9066
284.93344
282.07635
287.21786
290.75882
290.56448
285.22055
279.28314
275.90634
277.3375
282.6605
287.81598
290.98364
292.6654
295.06824
296.9697
295.86786
289.48993
284.52448
281.23007
278.73557
277.9125
279.0385
280.48764
281.63992
282.23285
282.69965
282.99216
313.31247
343.4834
328.59982
309.84155
308.08646
306.32944
308.45593
316.00427
335.5231
311.34433
320.1164
322.9435
327.97662
315.45343
304.8733
296.48566
290.85794
291.32724
289.85626
288.35947
287.08853
287.80585
291.38516
293.87894
294.2209
295.2185
295.90533
298.02448
299.26227
300.97726
301.43872
301.7794
300.46597
302.8053
302.88068
305.51224
304.4427
306.11456
304.82596
305.84167
307.0448
310.1479
311.01898
316.0106
321.88837
326.3022
333.56778
345.9931
421.11777
407.77148
433.95883
433.6732
395.21002
352.1208
328.51556
324.38925
343.02814
382.37296
446.4395
502.72836
456.27118
461.2436
493.98965
538.33984
552.1083
582.00433
567.24646
599.3242
626.0034
623.72156
585.40076
595.3855
596.41296
600.48663
600.7012
599.67834
601.4841
599.49243
615.81055
619.3138
622.3612
634.4956
629.9894
637.20966
647.00116
655.48236
662.8002
670.6661
674.7371
683.97034
688.7353
699.64685
730.25134
746.95984
789.9631
794.58203
830.3626
830.2799
844.88416
813.4161
826.46875
850.2479
878.8043
892.33203
955.1981
998.1901
989.9966
988.2043
948.6742
976.9459
979.4505
967.6781
879.3131
895.7892
835.5715
865.2069
875.9743
898.39386
930.4523
959.25214
960.8219
959.3998
986.45087
1001.7083
1038.6198
1068.2115
1115.3625
1129.4265
1165.2324
1164.2698
1148.5018
1158.3145
1151.7126
1146.219
1144.762
1140.4728
1180.3705
1162.4935
1159.8406
1168.4537
1153.6517
1159.885
1162.8151
1154.1012
1155.9406
1167.1187
1168.386
1122.2799
1093.7988
1045.153
1039.2957
948.2865
751.60693
680.3301
635.2427
544.25256
477.25674
432.0489
390.374
427.3881
496.7741
620.0907
711.40656
748.4437
809.7584
955.76886
1063.1433
1074.2782
1039.2644
1064.0323
1075.4314
1039.8619
999.6457
997.6124
1019.5409
1043.6805
1043.7009
1028.9116
958.97363
905.5353
874.5783
856.59
887.83514
889.5713
934.619
922.76447
931.0293
1006.69385
1075.0994
1112.1323
1162.8445
1066.4626
1043.0339
1052.1394
1024.0573
980.08417
862.2775
682.09827
611.7639
520.44415
468.04828
487.04742
499.93173
544.81506
575.51056
627.9852
669.61584
727.0921
792.575
937.7916
821.3312
849.009
908.67664
967.3898
972.0086
951.83386
864.93164
823.0617
847.1818
835.90576
815.7903
665.8405
655.0248
658.03845
664.47565
696.05133
713.3436
648.98987
624.9999
625.7002
616.1743
610.56934
622.4529
610.9424
618.99304
593.97986
532.75745
567.04553
536.38
497.17645
492.26587
500.86612
563.89276
598.34863
593.2335
673.18567
601.0491
639.1417
657.7785
574.49976
508.57635
422.37726
378.64212
350.12024
332.20184
304.70544
292.43057
293.55923
271.9352
258.34393
251.21182
253.12239
239.78555
248.5632
250.46196
258.27078
261.03424
265.5431
267.64673
271.45233
276.19354
277.24835
277.024
277.80054
280.4157
263.15585
342.01382
271.92725
213.56665
219.7812
240.14217
287.26874
296.12204
307.3095
356.9955
445.51123
488.50897
441.17096
445.8786
415.66782
410.34976
375.27423
354.62994
338.94193
332.81158
337.64206
341.81403
345.91705
360.03827
370.75262
373.16772
378.24927
380.7355
386.65567
386.77054
375.495
367.90134
363.4704
374.52295
395.60013
405.71243
390.01236
373.82068
354.19547
341.77243
347.27704
346.86176
344.57388
348.30164
344.28705
335.0045
337.6368
340.45782
348.18124
342.86163
333.83176
335.57004
332.83057
357.47565
373.1662
354.92056
385.4202
362.37924
315.35016
313.5996
309.91266
291.38654
308.90167
324.97458
336.97488
320.60327
308.02948
316.46198
334.68277
348.50482
339.15128
334.4119
352.18182
357.86835
366.85684
360.83014
352.29596
360.0693
354.94165
329.01385
457.3754
510.12384
506.2701
491.07367
488.46347
470.2705
432.5218
419.52863
486.29575
548.9983
547.59143
546.8349
540.4769
531.9391
527.1001
530.1581
537.1838
540.08527
543.3514
546.27026
542.1963
533.98865
529.63196
535.2165
537.9154
539.7935
538.7982
538.92346
532.6999
527.3514
530.2865
538.38184
545.3123
547.28894
550.3608
543.7808
540.2303
549.99695
559.48376
553.2557
546.6004
557.4718
562.7388
551.2417
545.0042
556.0396
562.9531
564.14734
554.4663
551.2837
552.2619
555.89514
558.61664
552.0998
551.7433
557.3336
552.9436
545.7
548.10297
548.44684
551.3558
557.7479
552.5668
546.04974
573.7052
608.05664
601.6387
582.1898
553.4076
522.89606
457.19952
428.937
532.47375
607.2638
640.32916
691.4731
724.5932
778.7672
829.1553
879.0301
897.825
949.2531
954.5609
961.6569
952.4922
970.8542
1027.5256
1025.2135
1025.4873
982.11005
955.75684
954.0951
974.7832
990.9225
987.9291
986.7956
989.20233
973.7412
973.75476
966.8328
962.73016
971.72424
990.49475
1066.5491
1144.0193
1182.7906
1215.5098
1196.1578
1165.7686
1146.445
1199.2476
1223.0735
1205.7644
1194.345
1188.9066
1151.6853
1136.9084
1131.7021
1121.0216
1150.4369
1144.9475
1147.0052
1131.8169
1119.4773
1100.5905
1129.3502
1148.8926
1165.7445
1167.6824
1116.8188
1088.2795
1096.6637
1186.3932
1358.3538
1523.6296
1635.9666
1717.0612
1741.553
1752.3464
1760.0437
1743.7009
1737.4407
1775.0222
1782.7445
1789.593
1801.3082
1790.1989
1801.8508
1760.7947
1733.9008
1730.8806
1735.859
1728.1272
1694.9293
1708.5256
1788.2874
1834.2451
1839.2516
1805.0961
1784.9037
1816.2429
1829.7063
1802.0775
1680.5994
1679.457
1610.0636
1517.0233
1447.339
1337.6945
1158.7957
950.48083
830.76526
759.4799
711.26514
737.3562
735.8246
854.1085
1058.5557
1254.9773
1324.2354
1299.4282
1438.5013
1598.0312
1692.4229
1662.9089
1562.8387
1417.0902
1367.2694
1288.7927
1188.8785
1209.2473
1231.1843
1219.3182
1238.0079
1335.3799
1392.1241
1350.7095
1363.4158
1204.4164
1282.3545
1250.4216
1327.6964
1375.5647
1407.4258
1350.8939
1342.28
1284.6696
1247.3629
1153.0522
1150.227
1133.9711
1108.4696
1067.0358
938.3195
839.3949
687.2877
629.8551
664.6097
650.2903
611.9718
548.30865
514.79944
578.1059
683.2545
829.84454
999.2306
1174.552
1266.1414
1415.5873
1583.3513
1672.115
1657.3688
1718.7797
1771.5199
1799.9867
1741.2361
1748.3431
1736.9363
1702.9332
1703.6277
1708.9039
1752.5334
1763.6312
1693.8994
1705.1556
1717.7898
1715.3896
1719.099
1694.6897
1666.6965
1675.5671
1624.1584
1675.2135
1698.9287
1729.7045
1793.0074
1777.9353
1808.8508
1821.2018
1754.123
1571.7458
1277.8146
1202.6237
1201.3658
1113.8016
1015.4332
932.3226
849.6854
902.2723
932.4585
922.6912
928.97375
920.2118
804.6925
715.9096
673.62305
605.37463
569.7686
556.5479
564.0509
559.5978
524.40173
466.6732
469.5481
460.3715
527.8616
494.7859
482.7859
547.81854
569.6663
549.7394
520.4981
509.6342
481.74057
483.7876
536.82385
