0
18.939660904481798
34.51283723490053
22.639986618795774
37.27334684014845
38.870549164149224
21.799175856279625
69.99960804048601
83.4826549379712
59.413978006824685
23.226219097251192
28.577154800934146
31.885537487405475
29.97271578470594
32.67844768387848
31.063664614536947
28.742562428879193
30.734794579976324
35.325397022015956
30.426383138186292
22.99234527236532
20.202984372489663
29.02132572041096
81.89636120954667
107.69394706854851
80.6210916362008
40.50757081067426
26.544708546465905
42.32508239746094
30.027789306640624
24.711676888365037
54.01141647696835
56.48947692575102
81.43426290166065
45.64116374916698
65.82061165550886
78.05264909604617
50.91569783492739
20.484024196656037
17.443438720703124
29.513399635494487
95.35359015347305
153.67835404166425
141.2943134165501
82.66304743826427
29.66197265246883
18.07199394816689
18.603206148519256
30.078356603982364
56.2972953675177
65.07384452317959
60.48048361769465
70.91306064994819
91.47416678751168
84.1347317612265
118.05418386772644
136.64581030182427
120.82887510781339
85.36507901732709
55.74925339298401
47.370398918860666
87.08663875160013
63.84858703613281
25.618702782970377
24.603779784861295
12.410288577021527
12.276199972928225
33.95614614508232
113.54156568859283
125.18159479479463
88.38315443021254
109.56314939329543
115.38124963803402
95.56551604337196
89.89282770379266
103.25169807565699
118.42372126131563
119.86121589102213
104.2119413779399
59.77786032358229
25.27220685275065
20.934048461914063
30.53508087286341
32.86860691935632
26.000473168316468
68.65963027435546
126.03041940086624
150.7680471090994
145.45127629374275
116.26802074967813
73.76269179758201
39.32804595523762
26.638699656378048
38.738954151658206
67.98339912274423
98.50313341517895
103.86998445817612
97.05873838513529
71.7429908165202
51.86230835757836
51.925186886615826
45.44507923666947
23.351679336819053
27.877207022301583
35.664342696319636
35.2213298799541
178.81505243186498
167.41067174738888
94.26524639906816
155.46611610291433
184.41470627041335
234.81090993901134
111.56006251262684
22.388876883784633
71.784110695817
40.73107695567669
26.73297552928991
16.151141023256923
47.97257454228911
44.53827497683653
71.76933719638222
63.18535975339607
61.132936086242125
36.14706375746766
21.5590087890625
60.97894920349479
161.83689353216397
179.0805151754643
143.35707257855012
163.82845319297712
161.8523537770182
176.66937844444539
179.26971089370423
212.11475382337397
252.7249759338516
310.9741533340311
317.73815786694286
275.8302109245641
193.65369150048923
172.55609236846507
133.71897991264123
101.46840024469407
71.54004265054198
82.34122737167147
95.33372975526188
136.36286854981267
152.9986293468562
139.13237526430157
114.07514751030017
121.35405620577149
170.19652829815954
187.05673047856072
180.79590553332477
134.86472325031463
102.59868825816753
63.46849573637437
41.497023289581556
27.180678861230696
20.352142333984375
20.23013626263032
58.99057922982947
165.59596101935676
212.3613698508438
209.75800221430896
136.37149368325612
117.18216062507977
120.69159879667336
127.36368633184001
109.05513571933739
77.77607256663669
57.74544036490486
53.645065602312364
56.2269650434798
70.86891324300936
109.03723216871806
134.7917146540156
114.80788338926531
73.1390339978985
58.117390047549385
69.6890980508118
85.97561187210522
70.93660171568474
45.69679903150181
17.738018798828126
18.620050048828126
27.186826298747246
34.19172433741223
32.639922098833175
87.85763457326702
109.19585475644594
139.6061704894296
187.15339659997989
236.87688686513766
261.0992931907243
271.15435500235446
266.28140109911783
230.8487696894461
214.48621957038867
203.0644849032341
186.62105637557315
212.69155491400292
209.31016153561194
221.87437845365065
255.7223951804085
268.30277448571934
267.11190587509657
244.15508576484552
235.33768706436194
220.45356267432354
196.16135147982658
160.00454967099319
142.68648976100297
165.50024438921432
193.38154016764355
219.15380344432037
231.13837359574555
215.35052583486086
161.70743059681968
104.25707749046346
33.51956758407523
83.03925886138968
129.30147119463763
221.36557205570108
284.01511632273764
319.69597904318783
230.06084234937666
188.31286396611807
82.76767613829261
41.72774288513997
40.28559991642635
17.276953437727617
71.94254526602849
126.7811622030421
63.17969165546335
27.25103835593641
105.80745127064192
154.69675411581653
254.5590342946278
325.8356939313571
380.94040566645924
376.21021564130626
436.0478677990636
452.88235934795875
455.5513989224076
514.6175028706326
533.1537733088383
550.1565374579098
480.22212314354203
414.9060793548159
349.74394672751697
387.9031071964147
444.6627347173197
509.69115915502516
515.8165937450165
524.58509958016
534.9684861284662
464.74154763186306
456.46308716724997
451.14932277557637
435.2773186546183
449.3395607751095
459.37277616806205
424.24704764529787
383.7127594588348
300.084207522959
186.26538603964863
60.01153839385247
40.96099699876695
153.20184421741902
268.12528515284885
284.647935691167
326.41227301281725
324.3241742102296
237.3987608075735
246.91340376140957
215.54620184239724
165.08033981767568
170.37874496366922
159.37558336361099
157.80500455440225
192.9573774326002
210.28157079602062
225.67260175194306
215.556074531756
188.68538707035327
176.7452764678515
166.4164096628665
161.31741779305736
154.28743528908745
205.42091651918577
245.59560260828198
263.7940487036112
268.1414277739953
291.291876903087
226.82969785945005
135.41617414541125
62.82633008167477
39.9876902063922
145.0765527618568
185.69496800643387
248.72180509111158
258.4025111820344
241.34518268823945
167.40069366827333
139.8711762538363
66.56159152784953
37.475416822691024
100.07156919740446
121.64338223917275
114.91027044284965
143.8140863640881
196.55557026970604
284.12164347849136
284.3706344923947
157.47171886856304
87.79575741744983
51.13056482545585
31.933154296875
78.90939540246208
137.29177687832467
193.27426273175234
226.86648719704326
228.77876554279783
279.7999218541616
296.95956481924696
307.33119893392944
247.58466836927082
192.684072932949
166.92601256569327
126.08815735729695
164.1237924297362
123.1849033451751
55.84024284480129
38.498828125
39.40393491500754
56.47438392183549
136.38544873533095
262.89541631648
279.1297774644969
270.67526079470593
228.87113641861606
122.84967403339733
47.012848976724946
52.96970072723029
91.45854876767162
47.64449223747889
33.79753212142625
88.1563889765678
79.15056957110771
20.183933572739306
16.15787816740818
12.764865112304687
26.312810317123603
70.03059830676807
95.32346303968987
82.33510039611915
31.5502359500769
15.770370065525503
39.00277184147833
45.78454596340115
24.584616323118052
18.19659781569486
27.07830710737012
32.63071951060034
8.087749659499627
16.551795984491946
14.11298623404914
9.431728021401023
14.882038151579525
17.448527108562438
20.65420889946954
32.474222558046826
45.16183453893332
71.18760748087865
99.6154557551235
141.62350542955124
170.50065240235654
189.33749815998002
183.42250574687378
157.7593366646973
119.87085409485249
97.42918384512225
108.9141166703369
112.28676632132638
87.89693122963676
49.809250508955714
38.71829156299767
41.25535298936296
43.34431953066324
48.67109805222624
52.071768623125806
50.44989050586398
48.56603173740918
45.59418515752925
43.27962993661522
42.52310025732815
53.484268946057384
75.10744959087461
89.56024739028749
94.20842699972404
88.63164331561129
80.8936484829158
83.61080246084316
81.89413297502912
60.00776397426057
35.549297105622074
37.1585458634818
51.83214629067844
95.78284520008883
123.66043650832799
115.0906046554156
94.53802375236327
89.8227196717784
108.01198722458685
115.8162187220822
83.75267552772095
36.751662038797065
35.31003692251535
40.31700070583817
76.14394261677297
95.61772415607895
50.19422284064759
30.839668106638282
146.2380760665189
233.13219121887377
223.81992025465144
137.42332172910545
101.39792403577421
128.8300110333211
165.5067109543382
234.03025449905175
250.73100252957914
284.0840241463041
309.1483176143823
327.25306982120816
303.33809634721325
277.9670726398962
279.44088739365895
258.5944737759771
256.0252653797782
285.62864710908104
311.44305661868714
346.9479428685685
379.61189711401073
361.13193564666807
138.93359767505643
24.36591796875
46.05136224601375
77.6706771664205
96.48438633938144
104.69141697310515
106.30456031655197
103.75769617297951
49.93610403308543
88.6935491354798
114.93127517989299
119.12752195785413
95.81331759090583
67.86936224543282
51.15042426024969
44.3539863384885
41.595329855805765
44.91849724972941
54.671702981839644
59.79428386399725
64.92189419638676
71.31133906526732
65.27643418128454
39.991134490343256
32.71703245202057
43.687257740995925
87.05700092170898
119.73216240754218
132.40572771215903
129.5970702029975
119.34207592199398
107.76008267796098
96.6675955675428
81.21441130575882
64.77809729455032
57.29508311519862
50.325468351907375
50.529986827129015
63.89086197757797
88.05838162958023
108.74850015960456
108.88266345470659
97.74548217161694
91.79562042998857
93.5221794198433
96.16594596968437
77.76670529676309
44.7958505525447
39.483251953125
52.526589615759214
110.4295719934103
140.21300765301066
139.5227009824928
117.75703053488942
77.20041543517216
43.20384281040724
72.95833372104707
53.150056800804045
43.582902932398625
35.44855651855469
40.87977009886917
46.15287082898781
48.52327656931836
49.96839698659623
75.99283649348027
97.72581157372674
60.101439223271385
97.98704071226432
120.38025966223059
114.6835309341905
67.43464003815697
33.63075075478791
118.00129877540519
187.0742233269653
156.83096880891426
98.67071419869171
56.3630832110246
79.9446560854511
134.8971634508569
197.05371480288377
190.2083106082549
140.43499143844627
60.9170261602495
41.320269977638056
76.50747051379544
112.12857363993763
151.37836612396046
166.25257121968548
224.74711445666216
198.12949612135668
149.4451883407509
65.16277605843547
47.188075671886146
126.32498153763713
106.28984812987133
42.605717295762176
93.04259387732218
54.968415974134494
34.76462651571596
33.97258945829949
21.97296003774263
60.97715322727167
59.58213471274307
23.770417508704305
19.718316650390626
26.52461823905378
21.300725427581575
31.472602910953903
41.77592613373277
47.9043895171802
76.57749468491704
88.54962610749843
72.00890858869609
78.04122923129441
105.99219588031796
142.73317547178914
137.14110100111944
80.54129379260367
84.15744892032289
60.37411903412103
19.693324613092546
42.418837060216354
44.863857898566266
14.55511474609375
69.95754879617861
81.81713707247795
79.58199203173244
88.593914119064
87.54192109353698
64.87848286132449
61.344906697170245
80.5992078708056
56.47108461044136
64.84417484567248
110.47129888685777
138.06325626110578
160.51336969540125
134.8524414334564
95.5088285706372
87.35801656169174
89.88603660498238
107.56146130374104
139.76774861080284
183.46657339220133
198.23941625839376
201.17510088206842
222.6404782646835
180.31177845944103
125.71797524987468
40.65150912688618
106.09934048537943
171.69991552307073
221.60716008771223
273.9541222327489
370.430645074495
318.059236994257
280.4661248920738
216.19342115027015
180.2821123302424
125.97853807430056
48.89144704829359
87.48226058107988
114.95788337149688
47.461699870869005
82.62377171355038
50.149687273584505
77.62926540846502
162.18179270148448
281.8340194086007
449.7965760041067
615.3293217067487
617.8557248049816
548.2322130058349
476.5649176270489
443.62657497874
517.0216838491946
544.9820472484066
556.7112658958358
672.7390976808637
669.0675268133458
657.9251952642971
667.9361613366054
696.8572361269347
639.878540614144
674.5573552570252
718.6065516793672
702.2080912227462
693.4685715587486
679.7938354172541
608.2104109341728
488.6030475753276
416.00746094274484
309.5382003611086
193.36708136420648
96.77880453336357
39.10348177273863
154.92419825851212
162.01671021895444
181.81239120998052
279.4295477573665
221.8012106534085
60.17112195901939
44.35122837952868
34.29208984375
37.19002949115452
32.50598700122755
100.40150911018652
102.61322283364896
45.47537596768707
44.211326471639175
164.59918617937583
132.13683460169403
42.23317795553517
88.21171530833112
199.97263007825367
301.879503483903
214.80106586225537
258.31693844645406
319.18289509504257
217.5277843669855
218.68385223166223
150.18761878827536
90.78803303723858
58.911194359890125
58.19935427666651
131.66682755855112
288.2074097174527
358.38747713097075
353.6318331997871
374.9414913741972
331.3088249454962
273.2085282671101
206.7158735606692
128.33643243289575
96.02765209571848
110.38048587340154
201.66306365736742
191.6105849744841
189.12119889968352
155.7919003369359
119.22052003436048
117.11628903683527
80.03024594777449
31.554865173091457
91.32555617235987
103.99915799095345
123.03020240229571
148.73514652514945
160.67856715015537
142.40038551364268
144.9489267174951
205.23810528951748
113.19035807053324
29.255364181960612
77.13042178075565
42.920721435546874
81.00636611928937
100.99886814011964
94.33292061635791
59.672308973203236
135.72278637444157
164.77235155794932
104.4561009933115
121.0591431400484
123.23652142569097
112.24705436581709
105.40525656152235
99.29317600823518
102.19575963339257
108.88477150221622
62.814730970668094
51.763720101516085
42.31070341965706
40.04199474992206
48.565581480888476
59.13239108135167
52.72468308026428
43.76595047436822
33.87450206455378
29.825611417980838
23.30567268400798
67.20758824276359
112.71682953170816
140.2149177449402
55.95115589923525
58.24699619599737
68.5448347938104
60.70760446658378
28.797192966236025
14.180502307086181
76.79263025845816
108.80915533043324
26.00535751253303
19.585940551757812
18.36571814837141
23.390330996849105
47.33144881596072
54.46963744554004
49.505343975124184
38.6261669589871
34.26865226466506
40.47528861098442
41.197253143145375
26.140921065686825
29.02863161693599
41.22786988366802
69.72871180301422
94.1081697936722
120.70391003730415
136.10842043825104
99.9691375078381
48.42369772264836
42.85449973132489
27.720905268404614
38.848138362126726
44.452774227708595
58.95465623224311
74.53068098924435
44.133586094105205
28.034231682707127
33.99872346395976
32.24309595861632
30.985040905640812
27.280159701639548
23.73714827146704
28.44850162593134
26.889666918003968
44.81583929737876
66.32870492434645
67.10719431640446
49.821308947796936
84.0731194367523
97.9075825000305
59.148780122286915
34.26791863727946
35.38001708984375
33.41164253028188
41.657650072705245
63.873945341010405
106.71402100176644
161.544672673246
187.8196256233219
106.17703279274136
37.79266134448803
34.75451814487699
28.70466702999429
60.870803290682645
115.53523491535489
134.1508907880478
60.43951721251722
45.15387878417969
39.78599243164062
40.0218017578125
64.43133348219314
88.03360301564187
101.69429385889191
97.20225094216542
96.54580184772826
98.09469282306159
93.71827484561122
83.40783539754197
80.55844219074315
82.2431230721415
94.21349676035261
103.15236129757037
79.93181448686653
52.476476435337055
53.09723493711317
60.56428738439986
44.18072310105267
31.340358271810203
54.78537072930717
101.64293199721772
127.6339402204854
110.11839146187558
76.62934049298242
48.98686832904589
52.60930218568674
85.11905415450083
102.1724641254848
70.69261593807373
37.37629088958403
31.056499766227716
63.52340024215664
87.6142713819331
79.00100437247197
52.556928079469415
37.28138427734375
60.25360824055351
78.64062812987368
48.41543247818845
35.297174072265626
44.04948820266909
53.55524900696812
40.22229820924989
56.45195385973589
27.63314847775073
19.257837442551182
39.95708015718492
53.95501167573828
69.56661632074027
88.8423844143069
113.75352200903762
94.5942852497712
86.19541448334724
62.39679791238275
87.167611869112
120.86493130709232
102.38725594727876
40.32860992763235
61.43754048136252
106.53149504040384
76.43700112112765
26.48240004271047
56.326069962902785
81.79223383064735
88.05606531148699
88.01898094830815
66.40114828281276
52.57144172874159
40.15937887977452
35.45384376791194
53.53875263696104
70.039749465167
62.00777598243767
34.02456204452267
24.013947518806162
68.00524404330142
166.12882135886238
291.327405018632
340.55792548067234
246.82435980934912
47.190698398052064
112.79496293010797
126.3357675383681
104.53858232595512
109.38663645034163
120.79979365394357
118.54834632206898
71.92601659466854
62.81662867044506
47.273728309227046
57.33107773393613
75.50136956896858
66.81710789588851
92.29523699399252
108.27230256009784
72.8031753706775
58.38846948776713
62.237655160440774
105.35531356573446
84.30602283219704
47.849937476491505
56.772429233614275
112.5422430431685
110.33793752639235
47.0738037109375
66.2187490568238
43.353342527190215
36.574119707094084
91.29805277145957
128.07482537587757
138.0262186649186
167.60278814562488
185.84965598421672
172.8664612017204
163.49689725109434
166.96648883508095
195.39614400390013
221.3942160877312
280.7760348618118
292.4379164732045
287.8997213146763
287.89293179647063
267.3178776863045
268.7788550917754
259.54818908843373
258.05628119212423
319.53427600423186
394.3655242786798
472.760504268252
483.3241559909351
487.4334630123725
458.0079659866836
434.386945738103
358.1093926477797
287.943060879945
121.04106278903745
54.79895213750024
62.90334640599067
178.68842159758157
209.55688532670257
162.66681234994243
111.93191053577326
60.773283978300924
36.705945035131755
61.86107313096045
92.62547066818414
107.09847614157584
82.21479814463312
52.42658069959566
38.86210377172024
31.370227007039922
36.46314518458566
88.76935397716548
119.9500307015071
116.19205722832298
100.14602876518855
70.25634051224469
61.391151629023625
62.72345012650967
53.960220853766444
27.835850393294322
70.75656380571404
108.86247447877554
111.13790369953554
108.82812498464045
52.40409747983686
49.08835979280302
98.99885236358959
170.53480519004606
174.38479919372963
139.55977176067887
120.33751316035523
154.60721067919576
164.69752918295126
242.07472355550962
245.64275609425604
210.57999218403
275.64124964847963
240.34279578669356
238.475987719051
156.85389100449206
200.8210358304371
178.7039849824942
89.04228399608628
16.74751722887536
42.60796601238708
126.46626233367628
217.09225673931215
225.07520415195404
188.58804827316072
64.54784148284394
84.24275209286752
45.14075031958528
23.890080614597558
62.74257478233669
80.08321379591487
97.06898196593677
68.36988741991438
35.40101640453454
47.2317557142439
109.53328648986067
124.99893882053898
241.20250322146848
196.363175296778
150.47891617388547
109.96068984619706
72.74835867994747
176.20341368954487
255.96775298384554
126.0306755427545
80.41969604492188
86.70519486343173
100.12192603002227
83.89259971210413
201.69189776788525
221.16629785529827
261.3028674052559
318.71695392005984
357.741919789862
436.1388202961838
354.641877490191
268.54653241398574
175.72752799320997
103.81968077709476
142.9066499640848
89.22934701502496
38.754498470877024
131.46934949204675
127.40700932236864
181.44373523296971
216.1421343115566
139.425901958073
68.12358450355919
216.96895422083594
219.12436084655914
380.9914440220197
365.2174113203735
268.31841544007636
132.51632955259373
173.7742687889086
161.53917555586742
138.91081948898258
53.55951900564069
28.710753260411686
39.12235627033156
147.27360052970926
190.904126339514
219.98132598533
143.3175627586592
200.22888773754198
96.91738425014088
54.13483440276987
56.800481165210655
30.207484122325674
43.828651716987636
80.86809029638202
84.89837819143386
107.62762976367716
86.19922434605749
81.77263707623368
21.416162109375
42.26117200022986
73.83196935589368
83.54675625151336
47.36597970894617
41.73347009898616
44.234777162515876
52.15350536852755
79.54026590233134
24.598193384802517
10.875527954101562
24.965300526879673
26.766775791195506
13.257678946602562
13.8511469521771
19.9276469001162
30.57658844445198
85.84961946411359
141.11232347461186
87.5654663997356
17.18389101311078
51.54969092215258
54.91934487681821
59.600572352090694
66.42475494084465
74.30795584939418
78.93782303880155
78.75794054135413
67.03653202052207
34.014769855101164
24.562363449679786
35.103347444821836
35.378528935979375
31.70379572428815
28.43404006088258
28.195380122295752
20.961661677781013
20.977712191030513
13.65621094786518
17.1731712368349
27.840065681152417
48.31173776670952
44.904904336313166
37.21239798871269
27.272069857393944
18.235797526858086
23.810969705475088
25.532558076588078
17.447014770050647
40.2230513915231
102.7027233729286
147.22263347159225
132.48329064872866
58.83526418898248
26.251983642578125
46.95055031655825
75.65424669866225
74.10106327945513
53.529032688505694
20.83662896727659
13.367532421974364
12.674664757499476
27.682212184383253
43.27282238533378
53.31284810966831
72.73282574935851
112.64801001030803
140.9307023682798
147.60144543699178
143.59834994832474
140.30575254562518
122.22782137806534
106.42924733102639
81.95873539879945
79.90182231137359
93.12387296087108
113.09842963318934
112.82490032110377
112.58418650666685
146.33131111667325
183.07211286347035
191.31189477593128
180.56905738517773
130.70071762845606
100.6950255070391
72.27036743968574
73.4166743934901
79.77180065922326
91.00838794579712
72.98387061966362
62.77514670598946
58.67107733959633
56.003856711731125
59.236877591335315
33.23499676604464
20.96212068763907
35.77594869441778
48.823541710505744
31.02416952232452
86.94133174322799
52.9287307307236
46.24419203422603
46.70430471298778
47.477703304175705
43.756635710625275
40.31305277931127
34.90435063119143
29.6994344735396
27.11185546156446
27.081900435767192
26.014723802248636
25.415816232172016
26.463381949882592
33.87177761393385
45.12539735045139
58.54499541630439
66.53147155918836
68.44819664487386
74.58288606304158
90.39778455192436
124.40401466268449
158.8385652140243
167.0640435384616
141.7320694634386
102.13058139210011
85.50758087537274
80.83145859384145
85.75315588189986
98.0547707951692
103.2458296225539
114.16905428158911
105.76372440753823
113.29241596346151
120.65519022254611
159.50763730285257
183.6321543530841
192.80768829386244
244.07506883160858
270.1607059140889
206.19518795971717
187.88553545038098
208.68603708949166
194.0240041040767
183.93488269461318
144.04723113588824
185.0072804101506
203.52558655591815
137.17411492603588
45.60617698898723
79.38840674188832
68.93654200043332
66.8125284261137
146.0749429301042
219.84118223933183
307.01299452104683
290.6677931712758
280.3963395376148
275.05105802638286
252.10734787211314
210.69473669663194
189.7421360073874
193.83055962507666
204.24935656214015
216.62397563950154
248.9619901671893
288.79770435859206
274.9825363033775
239.0222572017562
201.50222824332377
129.74532976760057
146.42071714864906
166.18621105315333
130.65208532772695
98.57374937706841
74.8949053342994
28.097338133669247
26.34707063766182
27.97186279296875
27.8403595425724
54.76993707172769
93.28665183789658
82.29481986985002
57.27761140808489
22.99775390625
29.872969471717077
53.40481180365005
41.2788207002237
52.17832820779586
49.78282165272712
63.6930006489762
142.9809371184706
145.25016604795252
77.42248360932827
109.07924821932815
91.57300215769881
114.22779804343918
115.96369688073923
44.65993856120863
26.96781005859375
76.8813308850602
127.26238384632651
182.93360260242588
197.41596583498495
193.2987882714121
124.77561180948123
104.57648716202179
118.85578664484414
133.98814856769204
111.37464679337131
162.64721061015524
80.4801010206429
78.36597684591943
70.21695306552574
48.204212165856326
47.83057056283442
82.63152592428128
116.93136421616241
124.42407024796071
104.45279168533088
100.23692202617198
110.1666012711215
89.9365202863888
24.07367861707785
29.071819084338493
65.27446925852364
25.895856804779942
33.740870947716395
27.518185027527398
62.288993797680995
48.987228602343976
27.356721810219916
59.71889113993543
96.35684116836305
37.536748675883544
34.19023087868381
47.036078877357134
59.40366460654555
39.52803339509885
73.3778464999713
108.6388705559066
18.884014892578126
127.77907874427629
138.187327934933
68.26422658619751
186.44078216880698
360.9530750070543
238.61302144248694
302.93917142124576
231.48133088462328
96.9015460055779
95.36773166117064
140.98096287136997
186.85844413592895
156.5691778051918
294.1538770436151
350.80637435399177
284.48905815246036
290.7520630385481
198.38437067846243
95.72331398471434
52.82091954216835
45.17418777359599
134.97206761347465
179.53805918724325
134.2877331130971
169.96162837496036
60.667836406579816
199.92061333465477
256.30150783547725
139.6065355667648
110.45650659883486
85.6807861328125
114.90316635445033
67.4135426577589
268.0168186423305
169.28830731967892
44.156597579352116
53.739263838125225
51.418101788507556
43.39982778849444
69.44576648019446
119.80388998364897
140.3554977066659
44.27423327953636
68.34265357987297
33.535497950489024
49.05905673670368
45.19080985571172
162.7784201365119
448.06381173015114
383.25844933842626
366.38178599647546
327.2048630157131
159.0520350187257
133.0145102535026
195.86674192620322
168.46246778073572
122.55749120018541
44.20183862376439
58.001002504536245
71.60756970203383
53.84397986015817
88.18112091016681
149.3008430976629
220.83519929212966
277.0328209644875
274.6335588266752
236.84435171537604
187.76613533297365
108.67357940110352
45.39465497033798
37.99413530799004
76.60838852354
124.76360065856684
200.53584894381598
238.79680847330346
252.3158460498733
172.91789630163217
80.35896657176036
87.03873016711199
104.07254063262613
89.92593102077299
77.83207424314146
112.92092619300914
119.29289832247733
128.7786678233177
249.07489600351786
233.34416449301142
153.75661913371218
85.74447306070661
39.38488490504701
33.9023659505037
92.56101612077023
127.71889696084236
132.90657068359616
134.5930521926922
83.57333067172667
47.70573840131167
14.914791073902325
18.361763654756693
29.119052856634575
18.903427442950818
9.948757972034139
19.46533828698731
9.024761053855581
15.179053411262931
28.659726618077844
24.672325256550447
17.450641126566644
12.137598193723989
30.430704226362014
66.77460657758702
75.03985435369982
72.50469328690819
67.88472137024064
66.40966507597746
49.12993738079414
36.45798620361286
40.36053420518599
64.66511470917435
77.0669352508108
79.77924652424477
72.99497678523062
93.68647789925085
95.81894453500304
69.40766931366447
45.96258555253534
18.613242800855573
13.116226853222134
15.79278703294674
10.549790335290322
21.7130826169947
20.503044351466475
45.33069485137978
65.66277221952032
72.43610096441554
58.249401214185944
52.46422545668744
69.41572874979462
68.42050988657998
80.03190089364185
69.02917115657533
56.95819119691964
35.879241264844055
24.11822233486481
21.975956861204896
27.603099367695528
38.81349467551072
52.58683214913238
58.177035879520346
43.74130236872024
31.872908871237758
22.648786338215736
22.05647900813174
25.469547914227597
21.167121465236868
29.721875
25.843409667533525
54.97926375729976
66.11401334961336
75.68879026718987
43.99334321177289
22.54962410851913
22.769174168723065
28.499514782534664
50.64732525082511
65.43891595885232
60.693261917993254
43.81936321243929
27.550881958007814
31.360228255720564
26.23664464260893
30.603918114286568
54.96183006137071
47.38762523454485
37.51969982759349
25.84456674384767
19.684168433167724
19.423948671791265
14.621167428961872
13.55892779183805
23.877384075060263
34.373678212447615
43.58697535193825
25.678376837702775
18.324016557454705
26.261178483640343
13.493809313771953
15.42479670109078
11.49713464018414
4.682330097687702
14.397508830260245
25.823561518378163
27.151655990675817
50.8088009454875
66.26685201285245
55.578164051005345
42.07184003181553
31.375854111260104
10.278832513040992
8.198660553825482
19.594281777063156
28.66569997812244
22.97000307068661
14.651266361331363
12.602438354492188
13.081484985351562
13.587060546875
13.660052490234374
13.267208862304688
13.79896958385159
18.20909193884654
34.278899205005224
42.97431162645552
45.25446270415248
33.5512645200957
10.410416252973913
26.068219821446654
47.87293293799407
56.61843709068521
58.18507908055956
51.26708432851937
33.4198788292309
16.681219756461495
13.478509538947446
10.32563110671067
7.629220367844505
9.874140888636452
18.751561751756913
27.143873021314846
43.06842330310991
19.04438042318959
16.374840664986493
12.075061839810406
18.716159037320814
42.514497277186635
27.37840574779443
35.4264482769511
45.79483105030592
32.277899169921874
76.63302710702924
87.19336334612595
71.60928175131899
79.15425611903538
104.75536540877224
60.54420052841833
40.24687109665242
44.757504656217954
23.892488119590915
45.75294241246711
79.0370375954798
62.89528318885432
64.081230491536
58.15999955253401
47.259422438874026
55.650285049167636
53.298267763896185
56.58117714946629
73.06770266317498
86.18548405206138
104.91721782878376
101.79100616777023
91.53039927899363
67.36411136191455
67.42532789413545
72.25933155952752
117.70736314985069
142.98559456599202
189.25350058169207
250.09566561984047
279.46155578656135
264.5687030402961
240.95191373907673
170.050504066456
137.1218400322732
123.25445644125912
88.89303521693937
62.51449913835181
69.95941891341718
115.07964878412167
142.37309259871705
119.32165932310531
110.01522413859334
67.91808714947426
106.28254649745281
130.02013808829207
111.38677058753697
137.90864495036152
170.85600334189203
194.18886549734617
156.63477324433356
130.08804298127626
163.56648044990038
238.78849121111597
302.57241362472143
274.40660246383106
259.55905984406616
310.9411099381556
315.10471965099185
254.37491290981816
205.90737258416362
209.83787871173814
139.57837997041239
77.32676112085392
67.72178036314612
112.65001528226648
166.64711222790666
198.54269200376288
149.04871807559533
120.3249925284866
175.31958814623084
201.96277902092874
245.3726276467287
286.9882695516728
309.9016973083402
294.36610527623014
294.296778252355
330.51634185932016
238.51992476825671
191.80784890488817
103.33299927527227
141.61884308059672
190.69381366674128
162.72837036564783
96.69813688350196
18.01736258765668
106.19466259960811
56.495026428940676
33.26121204756082
39.93957979365477
157.4787195815724
125.82068613342899
138.94275955427298
155.37990404572133
148.99204508512994
65.35288009273293
24.944248894415615
38.62003430177701
63.995611236098554
60.57817386566785
71.82403055524182
42.6009663687913
30.673097725943716
110.63151102994838
114.57499091025616
83.39153970773468
71.04675595810264
81.60530497763747
74.7649165678788
50.62567292431663
53.1334225354572
131.14892570150195
109.87274044938022
117.56811301499287
263.39587520520183
258.05553577910797
290.8190241650573
429.15436634672517
493.96834294131276
561.798098717446
520.178857360283
562.7395543441091
458.7894503861988
287.72762403287254
244.57814014302522
182.6183943054814
229.3048330977139
201.68373932074957
195.11408200112183
219.27883768288376
326.2390727388329
322.48045677703124
288.7840904608446
239.95678049481134
204.36904243104487
177.40835380903368
124.96790835840265
100.64683628866165
40.392805360863896
20.892571028160546
31.318925556129123
86.77271907069935
92.22952561019046
82.82839791596025
40.93931897970852
23.902982210415438
37.063407619797275
43.70634763794912
44.89162519461672
58.13964581259113
52.6420151211071
82.4574408013223
30.8292686165395
31.109270355602394
61.47471795640017
44.21573891993639
28.4942231916388
43.43240138107875
19.165279590154775
27.857074374279183
68.6380071744087
150.54166104694977
248.9390217063521
308.03727674732096
318.02322966941574
254.98889034474286
305.565481334184
396.96140986449893
444.9095637020199
460.3842784400076
462.29670030791993
478.01244643926896
476.1787747485496
408.9664366671864
273.12779947703075
241.77327147721627
174.74420389702908
140.64260625664647
196.40077568724988
171.6104844547972
224.7254007912049
209.7850873362293
143.51209773268684
45.46882604637583
115.43171010977122
165.4010636133259
165.1426634793226
72.59528988680779
30.378399658203126
43.6526611328125
36.1913809204362
45.57049392387326
39.168135455700394
192.3662083115874
287.4575477503249
360.60140127328043
442.62611535166405
489.9074815964517
629.4534495581844
641.2761053325833
490.6348583170823
364.7973348275128
253.148440433468
137.77909215672562
87.1929445207284
58.116685578855666
16.205354758694376
24.302298410209506
49.09942961585002
27.619712354032913
105.72120301323864
79.3054154068451
76.570064718854
49.32115754083816
21.704338209936076
33.28724528071566
19.71029491972363
25.131992875166407
14.146782925973003
9.694901873655988
8.548640278980702
19.989894524061913
26.855909903672547
40.206738318659745
43.77788011217935
17.993368870937843
51.86234800380699
67.59821834805807
23.070099015070674
25.82845661566747
56.474653549134146
65.96843507972044
63.126508027661956
61.679230367105085
74.33230536902799
93.42148325009259
95.81375811634564
33.375348647919544
38.92452540227161
48.31468319300167
44.30459654927989
41.82828121428569
39.25113275141954
25.920178144480428
18.516416071516755
24.960841209777165
41.29246192649905
40.139450904682256
30.764196741200635
25.172817026104884
28.25582615938988
28.99314928429692
28.66547469721513
29.087605255620996
28.161742203722063
26.418603512384493
23.299465942382813
26.07527424521917
31.459320991096718
33.04156683430457
27.799931671977866
24.952670586758096
24.838516235351562
28.04295144605719
43.40638494915167
44.06430953168807
37.07418991703061
24.832596039089687
22.759420776367186
23.01134033203125
25.1488461444221
25.76439174828321
24.967351517819452
31.139754358070558
29.07024623197293
28.437549210281144
27.1910355124161
34.70295391453501
56.82710801418089
72.46069577188582
72.00412372139722
61.70566678447453
39.8018490741732
27.645834108889197
28.63067506236364
33.67189176714355
58.41648146407217
67.69723275493875
79.02715993277793
102.81764133679981
108.45286034037035
104.16924941462602
73.08586318908223
66.30192220091399
57.0269362870421
27.009096580212507
81.78131800634878
85.62096863759118
89.2325364744831
95.64732456641332
98.83669634059711
94.27376828934015
96.19482640217124
97.81094417224594
97.56290638258949
91.29236342769104
95.42916171266867
97.93527490138186
106.42187387971114
113.25062392771197
102.12296064400513
86.12678795676281
76.72100790473932
69.84631043904537
66.8670367146342
61.830276284386876
70.56378718764249
75.37691003321258
86.641996039644
100.61301346502732
114.75610129194968
135.6737191864212
160.60805416128954
31.281126960764517
39.51937580897861
44.02244540021347
41.53384077675025
23.979342810496973
26.79874102852682
25.79866411327199
42.409258491202536
45.99960313538213
89.80467437316297
86.2095213982584
74.36335147567358
76.11019829655281
82.99948607887396
93.89834882905254
96.22772202247401
87.95139832472769
71.79711714804117
70.12702345457095
80.30628052647569
94.11737759525867
98.86370821302675
101.85697024790579
100.35788360277252
97.69022518464337
100.26097844110541
99.58962764076423
95.16956577210988
90.48413498758268
97.39947849538707
103.67844516532077
107.48356072093452
104.17761787151412
93.11680912062351
84.2423472330825
81.44221131713417
90.38508123868414
98.94633040383262
99.6118861598786
90.53512295167748
82.28112489032003
73.01719727685409
67.69231453053558
62.45059866205438
59.791191161264805
56.442863109776496
42.42637754207503
25.746970822864967
50.366188020200376
32.68097037688958
128.01401496754224
33.04165709717866
45.1061019391532
149.64064763953488
44.614620778066275
33.73682197549469
26.225419334988782
22.455863597123244
19.723187887467805
45.65762594308929
97.83185831772603
44.12701203263921
27.897400377617167
48.18729720676299
108.86096429600221
154.53207330001715
166.13123191911737
113.88129734009017
136.01666858530098
107.39666967218196
88.8407415020929
54.178965444236454
29.33211290135955
44.70986812246879
78.14891465155131
115.19910662023503
143.79335436038045
157.77771953318074
133.51869651181897
102.72409552569991
76.8825755073359
61.80739591713316
70.44895275482868
47.95555922988874
13.89144287109375
29.954071952018786
13.235191280779691
37.72526471877982
51.61360972653595
63.24212975507269
89.01286970552651
111.22214865595177
147.81875589992086
130.05934453219166
107.94705863617787
76.38513221065905
107.87607610430196
103.07669637722128
136.3828959318008
138.70403991716972
328.1664136884235
284.19118503120717
170.03413814364552
138.92827833307138
177.77439659710143
178.51772901668787
165.03492502370722
167.29589889627042
181.84029609134126
164.0171062337964
158.43780337825274
136.07368443097033
79.11110734407899
57.03768480371027
35.1181816505662
32.8404333873239
43.81198645249108
91.97087833329412
153.71453120404635
222.93743574799996
231.86508369130243
449.4595643745778
438.3115955682962
388.97608912176236
338.36562331446095
268.7578217110462
206.7934127069654
82.12663852027272
91.5200120149082
81.3849107441436
53.56368113042568
90.52829013435849
238.61304722282793
229.97964381756384
232.29962582692013
207.65514765273284
215.16922762836174
182.74765443714136
188.15691625987773
189.6925896364509
176.46512749872826
184.34783456018258
204.74673742727788
179.00196397650762
180.2912738757666
205.29599140908
146.11008847572157
180.09390091801893
122.53758401629057
55.23302264113263
69.79217868725009
117.09570052279506
144.41888263677257
186.02844072733652
276.42790538465727
42.46088442766732
146.30476355335503
232.73978896091012
213.69829638007195
119.48831687181568
32.49285517678245
32.43621883205369
100.98918230813581
155.80575421274503
174.08366636730761
118.74494365745959
62.0668552811786
50.557799781543146
72.60714700268845
29.940202832345676
47.236232623237356
106.28038294436696
160.31808623877
177.44512949068613
135.23494466165852
108.01520389601701
48.90570189560826
55.14829770705637
27.829827956656754
40.15464898430491
49.02373149225859
50.00657787854266
37.88483000861784
142.80289613028566
251.24286032851288
91.78406616457019
192.7687201554757
267.0032237803272
186.08063629382576
91.38252762106576
38.50231742535393
143.4584544780501
183.0988663950076
199.56288926083454
243.53330630090733
283.26113667518274
332.06816351514755
340.95539385694155
488.82685625118313
450.77687206343154
439.81237058917014
63.75023941955469
71.42444824366723
24.594140246400592
25.47041137437509
33.39447405843848
26.08188535549416
24.367799004645804
18.820811386459354
21.888769163893063
27.1164776222417
43.790810477048126
85.86346114725286
55.34091414844556
46.15635125787494
49.68461174165641
46.99888465373779
37.159653913325656
24.627019246104215
97.99201369245289
123.35649720781643
83.34032911061313
48.53194044330471
221.59032889481
250.07195318590675
238.2169227500868
176.15929524706712
138.39819579076212
107.9608199676984
69.6397956088521
45.2841983617112
97.20349173249443
203.37732910975427
307.35274571121863
398.98540034136823
461.0301045562234
548.8213472683663
584.8121084475765
616.0089147586694
626.9449994729692
572.617413855952
515.0933260326476
411.58075904972503
329.65388987406277
242.54306573489947
189.13202424807233
108.4204698074273
70.08375204241165
64.50626220703126
71.78754795869627
80.46717484530305
78.2364507669286
103.91007817902732
46.03027885317006
124.82729591140432
145.84525498988646
190.14085161309362
215.6193943275428
203.9795955525954
151.86166685018742
101.89637795298836
54.09253099507841
147.80021776346865
165.86378366266996
72.0936017386083
26.363755509216343
44.33564312038711
28.718795201340026
43.322663687883484
63.33683939098883
77.98897944597904
117.20220808060898
128.66871961348858
148.2532761242006
128.39165173072084
121.29265178538117
110.82776656249862
92.16539554473016
72.78677600391275
75.41831615866735
74.21124984734706
110.89680592368977
124.04143684493673
59.079529648958655
78.9534946227847
94.62115158606908
102.9791447819537
80.60212717418165
46.11927602084351
42.36155267960729
27.366818659325144
31.798881791259056
30.971199579291874
32.53247120267472
39.75746465343902
34.36601811001803
20.712784382341898
33.02043268392398
39.41711743220444
25.830291629490738
21.336598217020857
21.559614941199538
24.356337039996106
17.75065554194224
25.41763441863237
38.563240577038094
72.42228126105378
113.90356423579775
127.83067102732748
84.92951312077712
51.19909362999505
43.18695830491263
46.41295785043386
41.25443725585937
32.20134582519531
16.232623511556234
21.905350304618548
15.50821533203125
20.051848246412284
36.107378929105174
49.39560027481597
60.81709242666666
85.65011760886414
42.408163681767746
29.269177267887972
42.17567257532761
21.673710054614286
23.35048422006299
26.39696539420718
29.137990019875566
28.285720672050594
48.3885750006297
68.83392279370882
113.63216160240809
154.25338109724913
162.41661345119164
107.52399688636656
78.49829803374018
65.25853036898134
52.37927972397728
52.70810974506814
67.1505109638786
88.54664318596811
116.53674970021284
152.03198395403598
197.6292657649347
223.0523430852498
196.99595779327245
147.29151307461547
106.72996278812589
95.44388894649838
91.31828482875915
95.68986255683788
109.06893713446227
121.43275494951813
119.63883212858798
113.73971169790812
114.51548684373067
101.00791742842299
82.17359720503086
58.17772095583503
43.15945718091702
42.8560425352563
58.83790254975688
95.37000687900145
152.08266395255166
197.57356041572558
181.53615595294133
128.61721985948012
76.8599075064109
28.671497372746046
25.146503995216392
60.77188178457186
86.21321887681263
69.3456240360155
14.078359023714835
25.852946992845226
56.81194562630075
70.56897290320221
79.06270274209596
63.96869216399632
21.49403043446059
12.814114379882813
16.550845534506017
13.385623987326198
44.4930929403537
59.010791975701615
58.07127436277865
55.07257226677624
65.34942286454748
77.64243079205876
79.6273379984455
70.91017956748992
60.11759715787143
64.95202242811715
82.5019011169256
102.79188468613275
111.56321303356995
105.18830606627243
98.81145927274022
92.74914690230385
89.6576479073411
83.88525373063688
82.65501339206044
77.70301320575257
76.35139853563214
73.72167934865084
63.85284009554084
27.040882763123115
73.58955860672866
158.37963435491537
185.9633274860499
124.51213253585411
67.11559256414998
69.21020325590317
70.20606317497155
64.78678825017839
39.04200582316105
20.865952244762433
12.51568603515625
14.7958199925931
23.60469771869998
55.175496242646204
43.148797151289514
31.827311344139638
27.419137386362856
44.10072082031502
62.2466956135112
43.42909938311541
68.85663660711461
75.40090083713005
50.08151266466498
46.73234723635032
56.542168228595436
86.68603886976845
38.229282894309975
160.46919217800786
245.3340248623687
275.8098732798163
199.5917776751409
176.27950668442273
136.66633613795867
135.75915466434063
118.5934716344887
106.50010388590132
144.01407993756848
171.43492962237013
94.58137955563787
35.24413991220608
60.924317471847395
83.3173291708451
127.60859736336924
113.20166687736938
103.61954918277215
85.72867632337189
158.08829235549334
281.6382668838005
414.6148535189953
373.88933598141716
236.56637208110865
127.83870077176971
130.30361281710603
101.20504021260595
74.31844067665227
55.30975212538851
23.129021853208222
50.339578244607765
43.6953703555173
42.65726318359375
60.7117875241478
82.86705505698197
132.4598682598969
143.87791613251548
196.86050901830572
277.96409071629216
354.8196028411914
329.14371411484206
313.7146399477866
280.96765283590065
185.21938702077895
72.9331972417951
69.4550798345037
77.1999569489029
25.40192689247351
24.5974365234375
51.28817733503261
65.60567652130949
98.40009706523605
96.14071963681567
183.67526026419932
177.02925427754036
133.5569773365769
121.42696781305445
326.8011704859264
331.35357069487236
374.2589480869754
488.9921051948759
633.7969396393339
692.8580539800469
653.3447216814402
547.9000403578223
438.3783557054238
455.5475896320051
422.98101497495355
381.05222480567744
365.879201134506
391.7518999658534
390.2193489886731
396.0182155283195
430.3601703289488
527.1488666416437
537.1414258267408
529.6617223806122
529.5481796606753
563.6027378714167
557.8134475376061
553.4771134794552
566.1043940877611
460.59557872096576
424.8159783868935
283.26608833910393
313.16062207533406
314.59662688174984
275.4916533592577
220.470774556452
203.62776673424915
159.51204186928695
160.67116644045558
57.9347253639075
158.59079278065164
104.13963543063105
72.41707716374192
62.122353844132
66.46401816090456
85.58980089693178
146.14937388333732
222.14409786751344
283.24508464221395
282.19136298121947
250.12520288641954
266.92410943233966
333.72793410859515
377.6638533844485
374.03115098199885
359.94732163332384
350.04654595003905
409.09445605941147
495.47823326349726
559.4159060408831
612.4167606659277
753.797960729157
748.3999809110785
650.4259073534352
547.674651429883
302.5111545530699
308.01253131983174
262.77416376784106
323.8621861009873
351.8091223905782
280.5603577958299
371.74389392761077
522.1816798860489
697.613953363282
720.5228388307474
570.113665287837
497.9729681273995
399.55359976814646
242.77701095605607
192.36896462285245
270.08580429090546
293.26437849782377
286.3398321682748
155.53129265302965
113.97193635070153
267.1760561239136
288.71871963331523
392.62578666820366
331.1653799907578
197.59835257846393
129.76733511256936
101.08316176488661
89.51796083417949
77.56016897505833
42.39547049926441
71.23021532490377
36.92459042352361
39.13734741210938
51.65617648467651
78.08502992910553
46.64491861842862
41.88297859929266
44.6646074166445
24.50639465950229
18.250259399414062
33.87922267417089
26.59058166205482
38.57512815626728
18.26531578957174
101.31304629995945
196.1250138920819
272.0450819463867
259.5541727786968
308.5938169122681
419.6897383041546
562.8880884550548
616.3796868058981
571.5153665519849
453.26922436707054
318.17569080411687
185.48276914083982
29.733064574258606
49.288311224703605
104.46237554295207
154.4901201370297
157.66102657648034
144.11576435020993
40.63882007181619
78.19965311977121
76.19078300670076
177.02311957898263
162.30573123776236
170.17986954810348
210.62497894645261
239.36364444481524
268.6639825379101
296.89830208323303
371.2342024973768
317.7360344578734
328.67406970328994
413.720876453052
468.75924887670664
361.4048363558924
341.49317398871744
261.62584382917504
214.22540795108156
168.79091113297068
115.72577405139764
74.70739642301616
77.27451382525642
106.23392215950491
131.08000870074494
82.37712700030934
36.24047972580231
81.4084458321236
54.869137742497514
38.791154185328125
54.04862935834679
31.488780670452776
99.77974257230198
117.0865380412426
48.441123752034386
86.21988131116044
88.0293789272561
104.49005069983733
65.75277033960765
39.67120619246377
20.784518714743037
16.214518738406433
16.958848216415923
20.123532148724678
23.1898193359375
23.421985556042205
20.70519060239051
20.865142822265625
23.599298095703126
24.173608218111543
31.606982857382594
55.4468496564088
47.260390925903764
25.009958625567084
33.39899974541076
21.150325900269394
31.078701315938837
30.469843828723196
20.944261019214345
10.910417318108733
20.3789401116813
21.442507653115968
10.528707728747623
20.30053952036577
15.844221508372044
13.342606502112597
17.856481531177128
27.59011776159839
29.903492912396054
15.330490336531222
6.802390993267602
8.407515016773335
8.193769688318019
18.685799530130527
27.461152136877
33.87231623339294
28.76505027251273
16.12819261546941
7.370576011926181
13.060671944714226
13.274227576950693
8.644249135035375
9.36658892959428
18.735320467364147
22.76445916127181
17.299808050132174
6.882411034149749
11.740515584034643
9.410441151215053
12.490404573286071
16.38210197548895
16.97551516803942
21.786284531589956
22.63226068839747
19.12094619075456
13.983209460631667
11.7624432282601
17.45764199694611
18.542220141509823
27.756878432045692
28.538184077984898
24.65137176513672
23.218804931640626
25.981213048253636
27.73161926269531
27.82728623917577
29.095987038495014
16.835003662109376
18.240946683724026
34.54198071043529
29.756817405368544
19.20158856895325
19.577023555293998
20.8599601196239
16.98798789886282
19.151398180516402
22.40459603262458
32.63568733671498
27.701531541077905
28.87912810041131
32.26041722880257
34.299312799076745
34.58959808349609
31.392466525615248
34.45589713352572
20.62479959102551
9.356739445379196
13.097653402688593
11.049666994265715
11.70848841519828
15.63883339378226
39.59597553434537
9.991757110621597
11.503015637097633
10.20452578595623
10.311750468783618
13.541919352344166
13.775264866016801
13.032579657947867
14.027971710806582
14.602181478168882
13.306219986772636
11.857190920831453
11.489597221135204
15.552114520802798
20.450759619985273
20.18191499989134
16.399645868717062
12.498307389452133
8.76638239182833
9.057817077636718
8.129109891619162
7.44423925422908
12.118580251147227
40.69502525764143
101.35227454422686
116.3399865495514
89.14478446333601
35.052873277583316
13.840334220456544
11.994585170960317
10.761544149041901
8.48125762939453
15.342194484401285
17.123449666534317
10.574456637297022
15.137318882112732
31.685256646284643
88.94501372150921
117.32226541297896
112.48378509381246
73.55031309954283
37.47078350784216
17.061511419064345
12.386677680274227
9.774873007684368
22.697195403228033
20.99180010889297
17.214463568627433
23.098585160438187
47.26830275495938
41.824357895218476
18.34736443630195
40.84484579613331
51.83977807984017
32.888223077165435
51.21475081456886
75.55155912258984
47.19341187151283
16.576372700061235
24.382751787963958
25.275175267217172
41.34689086476892
67.58217280094998
99.68573288293828
79.24301926937133
53.579611821696105
41.36541985754741
26.7641256927119
24.499770218381762
26.05146197062468
26.993421711768953
20.214459447608828
29.70065266411084
13.37220826098594
9.857351059255029
15.328983909914928
12.55813137092573
7.411346635165705
46.52441254014843
78.40769452151292
78.61531615632825
44.64450216174928
32.617694910580575
26.71954345703125
47.17083708955461
36.279013459663744
49.24110275406442
64.75705956066808
47.638720703125
47.81724549922755
58.62560595829641
53.22984008789062
77.83681030273438
81.94602454816963
69.44879904257905
107.54443501969763
98.95513632574766
66.53591518626135
42.04745982234349
27.664895359805495
76.95699009969114
84.07707672501684
86.53166160588782
109.84860856257428
283.684704399118
367.08428539818715
415.31530994089724
266.34029953059235
149.42874085022117
59.56441040039063
120.15793741138368
130.76101959708612
75.04395784397335
58.078805307603986
55.495683158701425
92.69854455299682
129.24582969744762
105.88773451999695
103.8538262873827
106.32799084380554
99.04456101407364
128.54689387201483
131.70717072924927
106.28048201387705
80.66690453712867
67.5804798572045
78.89251632330429
56.058030108828234
28.797831644798226
25.52569629678005
59.665544523894596
90.19737814998393
111.52172975971393
114.88192599837899
88.79163908948536
67.3672051626174
33.97028088641546
28.736901121485424
20.958883335615518
28.182256992833665
138.92794371986633
164.93295681178788
168.62592785959822
136.82840470897045
73.99290322691908
70.1007847270009
85.19748506506346
65.99902186702214
95.60411221875768
126.86465318146868
42.162743280926556
19.999609245346527
43.48394985078221
96.9281054964415
153.22750174811912
210.85256731210552
142.10493348284817
125.35802531211807
121.03089979754745
57.827089458984666
47.81885364932255
50.99957066483368
70.34259635968874
84.53396443278817
44.59025495134201
85.49156912247182
192.28089228739117
282.37342483322243
352.82625267886635
454.9418465473723
441.6128037747493
371.70976130702167
364.00525805084
302.74159181170563
215.31669408530874
182.4021283913149
223.7571732058188
127.99035741419038
82.25011504847171
68.42648191416728
128.80295215430644
170.93803830605276
109.34689979500035
67.81801886083436
82.86178732860512
62.71447861497436
75.92014150922951
127.36219288263801
166.4048657119281
171.2276422854033
110.67692555929443
127.49433717527518
132.3739844246158
84.52917054151263
43.882624832070384
58.05166269678582
75.58988602541385
66.42928357475068
63.48524229597115
63.95892923827578
42.33990098868012
45.742044455019844
19.349174742258878
22.672898702037855
70.94649207799742
40.10399707968766
17.492798594767418
80.07198249213391
54.51188674069024
126.6894457382718
154.92997665864965
126.69883978638818
81.16399613283275
63.34727387730531
33.93683618933453
42.804405028117706
310.2788046995098
216.57059504658076
40.26344707277326
69.64641002625544
139.33990340355567
137.64944613261386
184.8746287757569
468.32038870363647
507.7584090081339
430.04950455410034
206.77204144349776
84.96532312058916
108.30773303905417
70.47916101364149
82.53996258049249
120.02379515086605
108.30855403465338
85.10032131199173
53.28442721687266
170.607200213533
233.43155438841345
248.97084321190923
177.39525895932675
112.22467717629597
57.860040283203126
102.27549990185157
161.25297833770756
139.46536115235182
35.83921888298812
150.6722006997573
286.37152662867436
295.3958616710303
292.85559136190057
178.01365824944878
195.998683374649
226.31696325391152
177.50983057935431
49.75994355392231
82.8507728571436
202.5386136510038
271.38083499851416
328.7576943282737
337.55821174609406
273.2636567666999
250.09742562125376
264.7542427981649
35.855164734923484
48.768720217777854
27.74272203396249
58.632533589157674
46.43522543186167
45.20734688056901
52.330479450242095
100.63421708510558
151.41927510444202
173.161910536227
185.5537379656381
152.24335212348734
109.61322335592835
82.64510948005243
74.36640741949832
101.2362248834132
134.3767655411128
154.6242941651272
168.22502689154754
215.7863185440794
230.87568895522855
198.06932521563138
152.0294039031061
98.1049390268976
65.58712041904282
26.345620414103088
8.763824462890625
15.577675314657109
18.575306130685636
16.778626942436563
24.161781999414803
24.865195218451753
26.167696215763137
19.702271048137675
16.512974288687417
17.814791337348062
15.79399914682108
11.265383911132812
16.645098209412378
22.995004262287306
20.726515175674603
16.054736287540322
13.200121196754333
11.836369491995896
13.889645450292601
14.389009683463735
15.511616919966627
16.409454344309825
16.31040302641991
14.421501923742643
13.226869201660156
12.33356111704316
13.133638821019924
14.790458551776828
17.160736277027762
19.931543028530587
17.414466643020752
15.668097512103675
16.293409442754943
14.320053394664274
13.039683717504237
11.866099773359917
16.15435124384595
22.97833870805257
30.071017197818538
30.415655370057653
25.151894372625726
28.18437237932203
25.183086973602986
28.980396720120485
23.958351477567295
14.491345930699618
14.635812968901416
22.19432483589467
23.978331404640507
17.853075357406716
16.8464599609375
37.15906265680093
56.999339843842336
63.68152127496175
45.05801427804685
20.28115479904627
6.76841802667559
7.7355063113335065
9.523051846058843
8.29859466032858
7.051084991812513
8.096187139691347
5.9318258560923365
5.761332402558537
9.219565989986005
18.605772541125155
28.089669050008773
32.48132953817708
33.474840090408804
32.29731261709371
41.49354523157484
59.26149229932385
88.21739225766024
102.32633635371249
96.4731332170124
73.64069168770375
55.45694832225761
57.24705391761945
75.1165403139016
72.55527009287839
54.21003852147796
47.89347406735713
28.52257887866433
8.311763391961005
11.693496886284402
17.202413904818876
17.10459488953321
17.940407196120226
24.491630317333147
26.459176463987205
21.694273114698696
17.453253173828124
16.75143770649006
21.376051182449782
44.459355300041395
132.22785882244605
212.52467279918974
215.3665305888132
161.2474776062154
71.90634846722281
23.39270952956024
25.424198954511873
40.484000319347025
54.255431668801144
61.18457874065824
64.74125647512646
77.62867311204131
86.35649714536945
68.70819770445003
33.63536651231384
21.260975484722145
21.108749389648438
19.58025207519531
19.954620361328125
20.116056675125378
25.04581657171004
26.13627516393651
30.02760884386605
28.081083898973567
26.162877702278024
27.118757536024212
45.44442325872031
71.87964056352851
83.56834287900645
80.68252217966173
70.75528101842103
71.00631224936183
28.179303413752905
42.957599604562745
22.63471914599345
15.302786746938613
8.958846728852189
17.23993133754866
27.59106755070824
44.9908983089903
61.37067071045412
61.952386396971086
26.29859257131502
51.37407344544876
26.56664123535156
15.77694091796875
23.527608995890752
55.04204584647705
47.76145700196294
33.26985054857941
38.207633263209665
41.04052211473718
22.1026405569015
22.714510407507284
29.98448963261235
22.831578600652573
18.225469264561934
14.490725275732643
19.904633321108918
10.490544023419421
14.636194956642225
20.59323724155729
14.046827205753562
14.216396945747011
18.106407424175085
25.815951974744802
39.795986167378786
36.02387534594391
17.24260330656407
20.196886297429593
29.700193039055968
30.470038741849816
28.639727363579347
32.48993814831319
25.773225548645154
39.80705819761067
47.079302573248945
51.290579117768516
66.13866735668111
65.3197283338217
63.24286672507187
52.72823876434377
64.56952814204651
54.43245211194462
52.59010131842176
51.39444580078125
49.528165613997
58.52661904408323
113.94898708503743
157.46943606205474
179.21539056166708
192.7410050426211
100.42351317922524
65.3268695941678
62.68687682938412
83.09935457911361
46.515225745158226
75.62266269707057
45.9553110130315
63.66338371360098
62.125099219591995
48.362186055911295
39.13812255859375
75.29339919668473
137.93411625792473
185.73905934797205
191.42259366854722
230.20719861064117
244.98762581129705
231.72209150048585
174.14303010744547
143.94305344474623
98.71591488156382
99.42653026456496
131.0633235966824
150.10035335418428
182.9278112054114
195.82286495063968
198.00860756497917
211.59817323175258
177.9550422499787
193.1333235185382
192.59867262188715
197.14742023329777
231.20752881042955
235.36802187617405
228.27581974491167
233.60588655162192
250.04018146451546
246.1750307794744
199.87704172659323
163.6664198308361
107.49850570588383
92.06784242203753
42.45806195190016
42.535405272008006
131.41123298118592
113.19769910204545
91.59693133874778
116.41910920564251
104.09649924360367
83.71692495015506
104.47126061820674
100.5790389502318
103.65284318322426
63.66776669971389
60.17532857947022
124.31900598080901
184.6493670163797
142.97782088449603
76.75769000576274
54.28169425130909
74.68973278736057
82.12010905791881
135.84465818020266
233.80954641615227
307.9395277601901
322.76320344007945
290.8491070818209
254.62174923460742
250.34164658135006
269.3433315855744
330.82177719778247
358.7194902116511
367.9866278158037
394.987780881415
367.87022501159515
370.56979723464354
335.20937732396624
344.8551597419331
311.7566157647843
204.8683298775683
142.0234077246267
113.14102776974187
38.787913239205544
54.34921960627021
30.23687014090124
27.23104667830712
54.501654432520965
85.66951359670227
57.20661955722644
77.00564850648371
66.18897475177255
94.0829701619729
150.7483697633392
194.8066793272334
280.4808759917323
318.80603819973425
348.602055753742
365.8715823172999
415.7992631526011
453.9987997929934
464.9296660405803
352.265926547287
463.9411154911854
406.44792309707765
303.49337181770227
207.58318436003066
162.3082214014243
129.00963989410315
177.63683607593597
211.42563427858835
196.95467980107568
193.95701377017878
158.83634458284922
255.76560129192222
231.92878825370116
208.08513450769405
190.96938235472317
150.8284447350693
122.70062378059424
187.94538684827413
237.49389034943297
292.02670972662145
372.85646222819025
446.15080125552197
477.27079515679907
488.2424615891858
451.1313757328329
451.3601041421895
478.2632389635204
369.37883382212675
290.20639237323826
229.99712072670815
172.9919359733045
136.4338221408017
57.457291432028
19.243604685781065
20.503679821431298
44.30177918499148
64.63533490661602
55.2764206029467
41.42567539288709
109.87376053784108
138.83101282265497
180.9709070101152
183.08500727931346
176.38716383046844
163.643097113164
161.75921389781917
141.49101745117105
98.10598709889582
74.49554163710818
70.0900775638424
84.2736227501304
100.73363203553154
130.95849907114467
121.338862908796
98.92929149185386
55.19463657301905
22.70876059769307
13.597110734408375
12.111551842940685
12.110083044544638
18.289791485203363
23.413828300607953
29.788007413210288
38.625170249879524
45.767381479214315
63.895289685865464
92.81065493700267
139.3877735324986
223.35276298472044
257.4010182289186
292.5094820431125
315.77928974646363
317.61440154119595
248.50253241415976
112.34408024955545
42.86902825926145
106.82703389134527
58.94593555115953
41.16226133580385
39.62634083329374
109.61744625317942
141.9383033359839
110.5703856235438
55.571726842866624
36.166622830350185
40.581086312192475
39.5074450020213
30.773017700336823
16.606963944068365
12.477024318871292
20.338327720698068
17.89341402014395
15.394740119424545
17.840274113975113
19.06083029441829
27.504028190921453
35.881718345928945
40.13428934871617
38.43312986031642
25.358742469696473
28.927308073552126
18.842096789662378
16.563627982459774
20.28079045372906
31.906871609114297
30.834231835881475
31.076974086788823
32.91449271723982
30.282582198311115
33.895857984734405
50.47450594221705
58.556528822865175
69.0256582426654
72.55210230060047
93.04613520347198
117.56653094507676
118.36661452764557
112.61688596605538
77.1329842091618
69.76744839039884
94.42135317034695
66.05253648582057
81.96202478470104
127.3456405978507
127.41512073112281
127.79999733272601
150.37375144420912
138.0370862146724
134.3614640482765
118.03030298019587
126.18648417512411
124.981358022497
105.9098792826743
88.11628145671186
83.98398857870902
126.26383604855292
179.98413248283524
152.84690641601918
107.06716787462798
50.85426607800491
50.39265811560667
66.57167416208695
73.30728486569778
100.53533067978347
153.25881746781246
45.53852565988382
23.638778628045294
35.30771770676074
30.742818513614292
48.916322993291715
46.471209341159536
29.249456046561637
22.690729547190564
87.1472907655132
148.09664106541936
138.82252626716826
132.14992027795225
138.21919045608368
136.66934375294773
118.98059865471649
92.22846964098001
84.01576131640934
98.7074523559636
132.43533493086434
153.9766181156123
158.325269134755
149.2632597533272
137.9086563592005
119.45590554124378
87.46252637594475
72.7803189991674
65.6365397031182
75.70362540812667
76.96302497838462
85.65159489502248
103.73850626445328
128.90206932931477
142.83735009912698
147.80019426380005
149.12826984172034
123.74556947908577
113.1915446343672
128.23020245269655
146.07110700208653
128.4351888762034
92.84221085648069
79.8853897719406
77.15448359576757
75.83405238592464
74.7557219385294
65.60877279301458
27.450881958007812
37.68973801502318
38.127113065520895
78.96245304865151
121.75520209718016
134.3414770137223
133.53339040260255
125.91063175801105
135.38973916613628
155.3258632261639
159.34344782989837
149.16043294400387
132.93596634294272
92.94450276808652
49.32949268485881
45.292267263301326
49.83845968422328
56.7096989021024
66.88457892664033
78.97489585371423
65.00125920549881
46.74899586330039
31.13099486082074
20.355841221981745
101.09274988322761
174.43388710229493
121.64817767895775
100.9292233206719
94.65825577980782
65.30947735211166
40.394769567263324
37.56466789409351
33.369827970176765
31.96959004615501
33.81327514648437
37.24310302734375
38.21186547882926
45.75026657251492
46.85857431167187
20.875062663104153
87.34625878886182
90.99486386444073
102.19576396277498
76.8301077848586
48.832871226031195
30.650503622539144
30.311509176963273
49.41950984698756
42.68367546330173
28.103549566330276
16.42197265625
17.83113520771219
20.835723660302165
35.189623708794805
60.04261279034095
67.70528106676616
36.27414734264703
44.30549923043172
60.03197728262994
73.23319794109243
102.76720004100612
55.959655255008876
24.944984466394136
73.30266784192645
26.419876051067057
42.67052241463025
34.77549540712416
38.06344854305753
32.77081025550738
23.39394469426843
51.75642586491858
99.28784797645353
158.72652311374003
168.3847737686217
212.60107671389179
214.19527276396826
203.71747127584382
193.13187776934447
215.72294468007271
183.92662207899303
142.85785687730095
113.20977219733068
119.7740718446803
170.72329230268423
187.5018307474292
187.3421955698355
145.3064929876195
51.405163174298785
20.2878108984145
37.732408425171435
99.82926918925504
221.3381058375203
330.60469465537346
407.36554240516386
450.00996467727674
460.2564844898825
409.94934807816327
383.52986227770964
359.33422944210105
348.6667108089247
375.6441832017642
385.4914290464935
457.7434062746417
517.6489484620754
542.9174977999974
522.0206675293888
510.1280823045701
529.8732308871604
519.6895952856642
487.60089040413516
524.4607511112638
616.0767579377025
723.6609902493279
750.5337164007633
663.5731576388489
557.8276706430261
465.8624103833878
458.8465756542331
343.76556446240363
276.1511078857414
205.29469350951268
127.7178293513869
141.52660308776709
214.77770096306685
260.5271787428179
209.34333882607393
190.71613369549328
243.43133610798773
275.1879037893099
334.5579733154833
283.14966345111463
151.7318761931737
44.81143834578684
59.319709783294776
176.21138417370526
177.69114219673247
148.1104725865495
126.45036625530042
154.20159923394522
228.18205629996245
354.2102067153863
386.6020029200499
459.9519587836156
564.1558507689181
554.6279149951355
573.656360303232
606.0072696337141
608.5330739573022
496.3445485637141
398.8654374915962
399.6492167561346
389.7889654690269
577.0679738312908
525.3682473336347
553.4354316386284
449.1591475834616
353.0898415212183
265.9650280363612
295.05270371331335
308.50425753939487
369.1505949873572
372.48209935433823
394.3971505059485
295.4995824606916
205.47018369866473
138.52843247744568
93.84193700195401
141.60516751271743
167.301217906895
272.84219632450663
323.30304976411264
293.893052029384
273.1715030600195
245.33079712865728
244.88042800362092
261.32634645493306
244.71270083513997
247.66804024425315
246.06116284787913
254.31074800281823
253.3839404087058
314.0398410550418
267.82988458619127
150.86953039039085
115.85362400822756
162.92127012567568
97.5342808250256
73.84900172916687
156.83937829766873
222.70595641922864
219.72491703129998
257.6220925058894
269.4352717005366
290.9331498619393
323.3279280087172
417.37956412765163
480.15352994597686
447.39515956585717
430.08460139777407
399.1175442008977
323.7453139905183
283.8393369680778
235.16292036099986
188.26691148823056
189.74580114983763
104.59740098518577
96.18386671637072
94.64445955528336
105.58483019808509
139.27452435242157
90.53019525592681
94.05971217361608
143.50101542113754
179.10378207936506
147.6052628925102
41.778831819603376
46.0409386335592
46.77369362597892
142.95342013739673
205.28700461089093
232.9467202268852
266.3074577326699
198.55103194872714
175.43298436030864
198.89387810155526
174.59901723337111
135.3293069960167
186.1287724708412
220.6583487053859
197.09535676995876
187.3312829513046
126.65867162932777
72.00710935383059
43.38441570876853
47.089648654325785
100.67824132579253
126.1856579573498
120.81559117374859
125.47163744716927
76.3690461522344
157.05381200582968
148.29894900063692
43.65160586338025
63.1335706415437
59.04705416465722
38.26824285387479
39.815057556753494
34.26303985068362
34.11607360839844
45.33978998145276
