0
339.9261
340.48138
342.5112
341.95685
341.59857
342.0172
341.5993
340.42667
340.96042
342.04245
342.90222
340.72397
338.3087
331.90973
334.98804
338.3121
339.24896
339.83896
338.62668
339.28372
341.50308
337.75623
346.1619
347.482
348.91385
359.72473
375.8713
399.0269
428.12616
439.36078
425.36224
416.3227
404.14005
389.45795
389.05316
395.7166
413.9004
431.5506
440.01215
442.43027
439.3459
430.41635
421.70712
415.81137
410.51294
412.53995
416.81406
420.42743
418.90146
411.95108
401.9799
395.71304
392.51724
406.01984
415.32602
399.34143
408.35382
415.84457
414.05273
409.8622
406.05844
609.6758
551.0742
555.6644
511.41333
460.7809
425.0629
417.347
417.75992
418.44977
451.68262
432.20743
435.18097
436.98175
438.17813
438.6049
442.15045
444.7523
442.01227
437.47272
435.80478
435.69156
435.8208
435.62262
437.97894
442.9799
448.0267
450.91006
451.44595
448.04947
444.34943
441.42978
439.74414
438.86905
437.60333
437.67026
440.27963
447.4081
451.466
450.74347
450.55292
466.80606
495.8537
340.62436
486.9297
643.37933
662.8878
581.414
537.78534
506.07587
498.88458
527.3744
577.3485
488.78677
504.60626
545.94336
596.31665
640.8425
684.9572
708.71155
669.6194
691.7567
691.6842
728.44617
770.8954
783.28064
781.15485
796.71063
841.85626
852.2168
826.3001
833.46716
876.79333
932.68555
1015.786
1048.6511
1062.7563
1002.97864
990.8605
964.9839
935.33575
904.72363
902.5959
903.9308
937.5897
945.0807
925.917
935.7645
956.1263
956.2873
934.45654
909.3519
872.8711
864.9794
850.599
888.512
913.61395
958.5111
977.25867
1038.3212
1046.4119
1044.5267
1038.8773
1004.01495
1024.2793
1004.4137
1003.5967
983.90686
978.47815
996.3335
1022.28204
1022.55994
1015.0848
1017.04846
1019.8234
1037.6509
1046.0121
1060.0983
1065.6051
1089.8871
1062.7311
1057.9252
1049.2866
1071.4729
1073.2645
1046.6709
1176.4886
1189.2201
1255.8014
1309.6403
1382.4028
1470.0415
1525.5216
1539.9806
1516.8903
1518.4343
1528.685
1511.7931
1492.9941
1465.1337
1449.3226
1453.4524
1462.283
1485.1362
1509.6841
1528.3748
1517.508
1484.2219
1449.8701
1442.762
1442.1226
1411.5771
1427.6201
1440.7787
1450.929
1471.0989
1476.3756
1462.3502
1382.4967
1317.5803
1281.8585
1235.9447
1076.9067
931.2101
764.1658
667.61066
544.41077
524.87854
641.4313
728.9381
823.19885
895.46716
978.81757
1071.0999
1155.4904
1261.3998
1304.0325
1457.1584
1412.3187
1426.1146
1424.665
1388.285
1435.8246
1440.8049
1454.9685
1454.0217
1491.6537
1530.4976
1411.3577
1381.1302
1355.9934
1382.2874
1364.6647
1343.0527
1317.8635
1349.0283
1419.9283
1420.0182
1411.5156
1396.8353
1368.6003
1359.783
1299.0776
1285.9872
1260.7522
1335.127
1430.49
1420.2144
1357.4684
1272.1617
1204.6523
1178.8893
1063.7842
1032.307
950.3329
897.55664
913.9791
900.83606
891.8029
896.29376
911.6078
933.2664
928.8165
912.6743
877.0262
876.95135
897.36
883.4582
997.7419
909.18195
877.61115
834.52014
736.64404
709.26306
728.55615
855.1338
1000.57654
941.5858
925.46387
959.9416
1012.28674
1050.9574
1094.7988
1026.7102
1033.1339
1004.5875
1001.3721
1028.6179
1046.9368
1049.7911
992.0871
897.99304
946.2516
946.7127
962.39777
1000.17834
1039.3142
1032.8334
1037.5342
1040.2191
1060.9202
1070.572
1058.6688
1062.3047
1101.5042
1101.0878
1038.9777
1010.9705
1083.3988
1116.79
1190.142
1269.2927
1253.3191
1191.926
1180.4222
1028.6678
924.40625
895.6619
851.59424
676.596
631.2728
634.714
617.78485
527.8298
511.17743
436.71973
336.75912
358.19766
337.20502
340.1411
329.66714
323.18527
327.34384
331.95206
328.73004
322.13092
320.08633
323.7188
327.7653
332.72336
332.70172
329.77963
327.67902
316.32532
306.34277
301.4556
300.89728
301.26303
301.42142
302.9729
304.5354
305.13263
315.664
316.52496
317.72247
318.2987
319.52048
320.1495
320.01636
320.7122
323.9338
326.4995
327.8415
330.87234
333.5947
336.69366
340.1005
343.10968
350.0516
356.36914
353.2442
354.71356
355.99963
356.39743
362.9343
356.26288
350.90607
349.0889
346.9848
345.81638
343.34247
340.16992
340.39655
338.79913
326.87787
330.17792
328.42078
328.27725
327.6392
324.0667
323.5939
323.8399
323.82724
323.80917
325.475
328.3819
326.1021
320.62296
314.76688
314.14172
313.55942
317.5615
321.54492
326.81244
325.57367
312.3021
305.38107
300.0953
300.18524
312.52045
313.36453
313.15768
312.33527
315.69836
317.3438
317.04346
322.44128
319.75064
315.62836
311.59143
313.77646
319.3724
323.96292
360.9156
437.35
491.1578
499.82373
516.99805
512.1009
504.89316
516.1759
513.22015
497.7984
537.87225
541.20795
541.82794
539.20496
535.35266
536.54626
540.19165
541.4055
539.9368
538.0056
536.41003
540.4286
542.4864
539.2018
539.15564
531.36975
528.333
536.46423
543.30426
534.6173
520.5454
523.90704
533.6026
537.00494
536.02356
531.8678
528.5333
529.4217
533.7731
535.37164
535.278
534.32635
535.17615
540.6311
545.41516
540.8105
521.7626
508.2455
500.8361
487.31744
464.21808
445.2845
446.87402
457.2556
469.19962
477.59775
485.86606
481.51895
517.4625
532.3027
549.86346
570.18384
595.579
626.7831
657.23645
725.683
782.5247
768.03796
788.7388
805.59686
803.93884
807.54315
801.9862
802.63715
806.74963
807.65314
802.2771
801.1211
792.0023
779.98566
785.2095
801.838
803.3268
813.4017
821.4515
820.8094
820.4795
809.37024
833.96466
845.5918
890.7928
903.7379
924.6834
956.9165
982.4779
956.063
939.1621
970.78015
1012.2793
1065.7004
1077.2001
1105.316
1068.1206
1031.8734
1031.427
1045.1002
1038.7991
1059.265
1081.908
1092.089
1058.3038
1046.7864
1059.0796
1043.372
1033.2456
1059.1106
1171.7095
1241.8162
1298.127
1419.6487
1481.4333
1473.9768
1485.2766
1519.846
1515.6011
1465.7217
1471.0682
1468.3142
1498.2584
1515.1715
1506.0581
1510.3875
1522.4034
1519.5958
1557.6057
1568.7383
1591.9156
1589.5491
1574.699
1538.5977
1566.2091
1551.695
1536.4911
1546.863
1554.3496
1604.2933
1595.3766
1606.1497
1585.5891
1535.6902
1445.6106
1395.2253
1335.7366
1310.4513
1226.5096
1090.986
942.5076
817.93365
628.99854
587.9974
612.02356
574.2337
602.3953
673.5838
741.15704
893.0602
1061.1215
1186.0022
1380.3109
1385.3002
1415.4495
1568.2722
1614.3086
1610.5259
1570.0247
1567.7407
1475.9088
1430.387
1457.3265
1431.6462
1419.5471
1507.9504
1474.3635
1469.0508
1506.5336
1383.2695
1395.5111
1460.8738
1496.4519
1532.7849
1536.689
1568.2281
1567.9666
1513.7957
1525.2214
1436.6803
1332.9045
1173.6532
1070.6531
952.0597
778.15784
628.2116
520.6929
504.5401
501.36456
442.029
433.06964
557.43005
678.84766
735.73505
790.791
873.5578
934.4922
1021.2589
1086.4603
1174.7008
1235.688
1253.8538
1277.3416
1198.36
1095.1663
1084.0637
1080.7303
1089.0231
1078.9529
1054.9908
1025.1494
1093.3615
1058.7643
1088.0175
1164.1615
1230.5374
1282.1659
1320.1417
1304.0802
1212.4039
1171.3857
1161.5221
1062.277
1096.7942
1126.2346
1117.2694
1094.8281
1037.6765
952.93536
868.4964
834.5666
807.08527
787.062
786.8102
789.3003
781.73303
760.3996
710.3153
667.89246
587.6434
551.2916
541.6482
560.8146
556.6891
482.43936
381.1291
366.67633
344.6931
346.5996
350.1038
352.99243
351.0224
347.26904
343.66647
344.0124
312.60565
320.7106
320.1988
314.34564
311.78717
317.05945
324.80823
340.13626
354.47043
340.01498
328.7992
317.17645
316.28183
328.68692
359.69452
359.97977
362.55887
366.6961
383.8915
408.18796
403.99924
352.51984
286.24554
260.16705
270.2559
284.07123
312.84225
355.20007
368.022
365.05353
363.7885
365.91043
367.6065
368.44983
371.6046
355.31577
335.5313
316.75873
315.11343
329.10162
370.2967
384.14127
359.6255
339.8226
340.5078
348.4792
350.84167
375.01923
359.99323
326.76392
334.3769
334.68378
333.77823
336.20547
338.36075
336.16782
330.667
330.01776
331.6355
333.56934
358.70914
362.025
368.83563
378.16275
366.6136
360.15674
353.66534
360.34946
370.46576
393.59467
371.57254
580.23346
596.95526
498.29547
437.45694
401.70233
384.95163
387.11157
401.64902
431.38583
448.0833
430.2954
427.21606
426.7357
430.91034
433.92328
434.53857
432.03174
428.46304
426.15747
422.48456
423.19507
423.14154
421.0921
426.06036
428.07944
428.61884
428.0739
430.0086
430.5147
429.24405
432.54926
436.0039
436.51117
442.91153
448.31583
438.37207
423.74677
416.98145
419.88373
424.34833
429.1542
437.05038
447.95166
450.31265
456.00507
517.20795
550.7018
527.83936
486.57803
453.80396
449.29132
460.2523
468.298
466.18805
531.81134
516.9379
625.08154
726.17676
752.4591
783.6029
846.43005
901.94745
939.68713
887.6876
913.00745
925.8755
908.6261
908.28986
891.396
929.5952
916.0582
911.3331
925.46436
916.1195
911.651
927.3198
951.46893
977.50964
965.0249
964.28973
969.18665
974.2057
973.17706
957.1877
949.9225
967.2718
1017.86475
1028.475
1023.7057
1005.7497
993.3268
1021.9883
1079.9504
1077.8088
1075.6401
1072.5715
1040.8073
1074.7739
1085.2354
1099.4272
1111.1387
1107.5519
1095.7142
1126.3292
1099.5735
1103.9022
1103.7511
1100.0795
1113.9205
1149.4838
1139.388
1131.8988
1125.7747
1087.1019
1150.9626
1292.7096
1346.5197
1404.948
1424.4329
1430.4135
1431.2551
1487.1486
1539.022
1567.4077
1548.3845
1557.3141
1567.6877
1574.2717
1566.7308
1540.9823
1549.0295
1548.0382
1559.7214
1550.1195
1571.8226
1599.9786
1613.1038
1623.092
1618.8518
1635.105
1657.8655
1662.3698
1671.7751
1682.9769
1663.3256
1614.725
1604.7695
1560.1371
1490.9541
1411.2083
1372.539
1174.879
931.76904
765.6878
580.91077
549.2551
515.1968
480.31085
568.1786
553.36
485.03143
446.48926
498.8996
555.74225
689.0263
754.5878
872.63574
976.81396
1044.159
1104.7137
1205.7877
1398.8113
1545.117
1540.2162
1524.6942
1461.519
1513.7699
1362.8815
1623.9242
1708.6904
1678.2621
1636.6875
1545.9283
1568.215
1534.0652
1457.6417
1365.4122
1480.2595
1493.3413
1518.219
1554.4939
1610.1016
1643.5867
1600.667
1576.7085
1517.3049
1429.6168
1333.2327
1228.7086
1138.1184
1227.4861
1047.1736
1030.9905
1012.14734
973.9757
985.8436
1008.1405
1050.1583
1091.4636
1087.8168
1119.2214
1065.4052
1126.0217
1022.8131
1076.6556
949.5665
987.1537
1049.6599
1113.181
1179.543
1186.9507
1230.1147
1220.758
1344.8251
1040.862
1233.511
1225.5044
1219.1584
1244.4321
1227.1788
1179.9949
1109.254
1124.7977
1167.8715
990.14453
1015.9451
1018.7365
995.4916
1065.5984
1098.8278
1085.2175
1142.1917
1226.5056
1250.2322
1306.3737
1141.8973
1236.9421
1218.2633
1167.5793
1081.5012
1103.7761
1064.979
972.65314
858.61096
768.86566
751.22327
752.75653
789.4225
792.05756
838.7697
943.87665
732.5429
679.5252
578.0333
536.0415
533.14514
533.8456
527.18866
457.1815
394.03824
323.98413
319.42844
320.65485
333.89853
365.74213
372.70114
375.70303
378.51782
385.1031
412.61996
390.75754
370.34583
348.10434
342.61206
356.3983
377.9795
388.8919
385.1045
329.58365
286.617
268.94696
262.7453
267.80255
273.47958
276.1185
282.7336
288.74506
294.2172
298.4305
300.98953
303.03583
310.9861
338.36298
356.3067
334.62225
310.29816
298.9496
303.4812
315.3272
314.91766
311.156
318.09296
337.2397
344.00595
345.66818
345.3174
355.48468
374.8133
396.2022
395.79135
365.66736
337.93173
315.28
296.76105
288.6395
296.57993
295.2624
300.14044
295.37772
293.323
289.7548
284.62012
284.6518
293.92157
294.14334
291.27887
285.71042
286.0882
294.3508
292.43323
291.08633
293.59186
304.62723
316.70273
313.4948
303.86737
303.86017
304.6958
306.0824
301.93237
296.03
294.64615
296.27136
291.37955
286.00446
287.7791
282.54138
274.59866
274.1134
265.15558
321.04004
329.54413
376.71802
415.72626
431.91904
429.5606
430.71802
449.22934
460.7064
419.70844
354.24802
412.23297
419.37946
417.70956
419.58868
417.76425
419.91373
417.833
413.36768
412.55542
409.86053
409.6682
413.0794
409.1815
413.552
414.17172
404.0085
397.07172
395.77438
390.16187
382.4339
375.9523
374.22385
359.4866
337.93042
334.2033
340.513
355.88654
380.20734
394.10162
416.7189
416.1419
428.2194
432.6158
431.8951
413.41635
409.50357
408.04477
437.067
476.81323
549.8671
583.45636
583.60205
615.6427
634.6599
681.99646
701.5232
786.6454
827.0775
881.65314
939.12225
956.3823
928.13995
890.81775
893.5612
860.74835
854.1261
841.8942
810.841
824.0804
828.3615
814.0773
799.8173
794.9466
764.91296
782.12933
822.3148
858.21204
888.3617
903.93634
922.51495
968.3449
1016.6686
1046.8936
1066.9042
1054.117
1057.6589
1074.8652
1072.6448
1057.71
1028.6989
1010.0133
1014.2451
1024.7742
1055.3287
1103.8938
1115.9556
1142.0298
1162.7341
1156.9968
1143.0045
1155.732
1155.043
1128.1516
1104.9255
1110.5139
1122.6604
1148.6755
1236.226
1332.8999
1457.4476
1525.8982
1567.1418
1675.7859
1719.8752
1696.3926
1719.5035
1754.0452
1763.7869
1803.65
1730.6809
1632.1628
1644.5051
1669.9137
1691.6705
1690.1539
1704.5935
1788.3162
1797.7908
1782.7673
1775.0391
1794.2582
1790.1536
1751.9187
1702.8643
1664.1527
1633.528
1638.6061
1518.338
1395.7817
1339.6815
1278.6677
1196.8279
1060.137
933.33124
738.33673
624.6051
568.31396
541.6798
615.7665
666.73236
644.8826
735.416
873.55536
1044.2878
1214.9071
1335.0443
1483.6267
1247.0695
1197.6737
1124.9889
1190.6648
1159.4817
1204.9861
1203.7738
1214.6633
1298.971
1350.738
1449.8413
1572.028
1596.267
1588.7583
1591.4719
1579.5149
1587.9021
1645.248
1561.64
1474.613
1513.4998
1536.2347
1228.6553
1170.3652
1172.5914
1087.5457
1115.7249
1177.9463
1062.2312
981.3779
925.92804
735.005
656.612
643.1416
675.5928
698.8469
857.3961
955.78284
996.2594
1106.6785
1117.7102
1227.5917
1153.4061
1003.308
902.1151
878.2422
1023.68616
1101.4056
1110.9678
1088.3594
1088.3503
1011.63934
956.57355
897.5345
830.6615
833.842
899.4598
944.3112
961.41907
945.49036
907.83984
918.3529
895.59314
922.91144
916.8786
937.3413
954.2433
976.5184
990.14026
1014.44904
950.24414
774.71515
771.82935
773.42084
800.8204
827.2038
851.7116
868.1627
849.09607
719.0607
646.38544
564.3246
541.16376
482.85605
432.0026
392.2729
345.73187
325.2087
297.52155
305.2309
306.51224
308.1734
309.04364
307.97003
310.56744
298.9422
280.15317
265.2867
259.27988
266.11414
278.513
294.45142
323.28
350.6259
361.31393
357.57037
356.2635
360.0542
358.7265
359.57526
367.69638
360.73724
370.70288
381.0005
380.26065
377.12933
354.13324
349.2354
363.0251
362.9784
365.5656
368.74332
370.21826
349.28134
356.84824
357.61234
380.9545
393.14078
379.05063
356.29538
340.1577
335.482
347.0574
363.05597
387.24652
380.90723
354.50626
356.32513
356.34967
353.0729
348.6676
356.20767
360.72903
359.73108
360.5292
355.21503
378.87817
393.0859
390.319
369.75275
356.40054
372.52948
373.4289
384.90604
370.04315
363.7487
360.27383
339.6337
351.14948
388.77966
397.29327
399.45645
397.76373
389.92828
400.6977
376.51202
333.57788
302.3955
295.0483
301.51184
304.52777
321.91483
391.94318
368.9861
359.25006
356.92206
357.01685
386.6888
445.44882
412.6538
370.35028
343.11447
335.67572
338.2368
350.98306
344.77243
374.52365
411.58423
426.5979
417.81598
414.3885
419.0832
407.4631
402.0385
413.4904
383.40054
353.8233
328.00977
311.30356
305.06415
301.86304
303.01068
309.18573
317.6415
324.54474
324.6454
326.87558
330.49542
334.38287
340.82797
350.30362
353.4635
352.63736
350.94943
353.7183
359.7285
370.0146
401.2083
401.5549
402.81125
422.1718
409.01285
389.08502
370.1783
435.20996
459.62378
513.8267
601.2367
671.5089
673.30585
661.772
673.5191
703.5189
754.3377
731.0733
737.2147
729.1139
733.86115
720.33417
736.3997
739.2302
741.20935
699.37946
697.839
712.7209
690.3542
674.1637
674.26013
670.38196
677.034
685.97736
695.8595
694.9671
707.3655
715.3994
717.3844
708.42017
689.0873
696.1781
681.4977
678.3917
674.25775
673.93616
673.2296
690.2365
693.9081
727.9476
743.1309
744.20416
749.86017
776.6079
756.0143
729.2383
710.9682
724.7241
722.5949
704.35126
668.14374
688.09
723.4254
730.81775
745.3395
761.20984
807.5573
911.97644
974.6937
1035.6827
1128.6066
1264.305
1345.3108
1315.7417
1297.1226
1322.2375
1323.3392
1344.1389
1369.2136
1353.0532
1349.7421
1358.2872
1396.9916
1420.5553
1439.8016
1418.8564
1364.4004
1336.635
1326.9329
1324.9583
1362.0515
1389.7201
1385.6274
1375.031
1365.8071
1395.0374
1392.7512
1283.4315
1202.7693
1144.6608
1093.8187
1026.7498
973.6082
839.49133
727.0602
629.94293
541.6436
518.7693
516.51373
547.6695
631.1904
730.9397
854.95557
975.35986
1038.9537
1096.7041
1141.8016
1029.9608
1088.8202
1096.9048
1095.3704
1095.6489
1123.3793
1188.6338
1224.8387
1231.9915
1204.6171
1230.7883
1119.7256
1069.3517
1093.0552
1141.8699
1145.9215
1086.7256
1161.3984
1141.6904
1170.1978
1105.5061
1116.309
1161.5743
1191.5115
1263.7493
1277.8164
1178.8893
1048.6389
974.2909
775.87744
688.62054
648.0326
620.3169
599.30396
590.43835
604.6952
601.56384
622.1869
589.44354
685.2821
683.71497
697.0729
688.0751
675.368
689.99286
707.9818
722.95056
729.15857
725.51984
632.8412
676.16144
691.43787
711.54315
629.06323
524.82166
461.8751
443.636
482.02313
490.12613
549.483
650.9115
741.9541
817.7031
880.59607
974.66376
990.45624
917.9455
792.0374
811.78284
812.6758
829.0475
838.13165
890.52716
925.1292
1083.2877
1063.9664
1092.4316
1045.2468
1027.5403
1132.6902
883.6172
822.19354
826.2289
779.8539
771.5039
815.8456
822.1764
842.0626
857.8457
894.43146
1051.862
1121.0852
1130.0466
1021.6248
989.88635
846.37274
756.37384
746.8055
717.4056
744.43774
611.96515
644.36646
673.9304
646.1034
631.2544
665.4188
674.8974
691.9777
683.3948
655.1826
684.97626
684.3761
685.4369
701.4346
654.7752
629.6178
563.485
515.2481
472.8253
445.4733
420.08456
390.27145
339.48825
328.95392
376.91364
388.41
335.9058
318.98978
321.2929
322.8269
322.81992
325.36084
328.09088
338.44452
353.91797
361.92877
330.4542
300.38797
280.65344
280.67993
293.33282
303.5551
309.72144
312.9533
310.6093
302.86505
307.333
314.40842
318.95566
319.78314
323.37115
323.13046
321.3858
320.79703
321.93805
323.16788
323.48627
323.27753
323.12512
322.3855
321.8278
321.6053
311.01398
300.86438
295.61578
294.623
295.5171
297.67224
296.63522
295.09717
302.4369
306.17737
307.30258
306.48032
304.8202
305.15414
312.164
305.81955
305.483
288.2914
273.5229
267.53522
275.99414
282.8538
278.30893
307.46277
292.72272
285.77084
272.3701
262.39496
267.19955
289.2751
305.00934
285.58063
288.33752
350.47345
344.0506
343.7465
349.73492
354.54004
351.83374
340.31598
330.78137
336.66513
352.89606
326.2393
275.07065
242.98001
224.52701
222.86841
240.28125
255.98108
281.1028
323.26813
319.88306
319.79425
320.81186
323.55533
324.17862
324.97617
325.7752
383.47412
433.8182
411.59064
410.0082
385.1087
364.46005
359.80774
370.2232
366.69693
343.53156
340.99902
341.4664
339.72992
338.46216
338.75504
345.18057
351.35028
354.6817
357.18732
356.95697
358.01495
357.40067
357.0511
357.56097
357.00775
357.33246
358.01703
358.28857
356.99527
357.22076
360.87567
364.01605
365.3753
364.76144
363.65448
359.53772
356.62186
352.42126
349.93582
346.8052
343.27832
342.27365
343.04144
344.81955
345.1452
344.82996
344.66086
344.42865
343.35452
343.94745
404.37558
408.37683
406.2023
504.52823
615.0785
622.12036
571.6082
516.84766
454.93915
472.70474
386.15393
452.6067
664.6784
611.8217
612.5535
640.98804
671.5073
726.70776
772.1582
772.22687
780.54236
797.9625
807.5712
818.2096
833.5241
840.026
830.9035
824.65564
821.14
809.02527
796.7414
802.75476
808.76965
822.7384
825.8334
840.7293
845.82666
848.661
854.2622
871.13556
875.3846
875.2882
887.06946
884.0773
948.17664
926.2506
935.93604
937.4415
955.4253
950.3324
968.141
987.9486
989.1556
964.0585
940.6004
933.4216
934.1572
929.9663
930.64044
919.3804
958.9717
932.89
914.42596
919.38116
927.6629
940.8213
930.8683
924.6991
942.6595
985.8696
1000.96454
1157.7959
1354.4358
1485.6031
1611.6122
1719.4459
1833.9453
1867.567
1959.7275
1970.3004
2008.0541
1995.0992
1884.6458
1820.3961
1718.8141
1720.8539
1814.736
1814.3875
1752.0774
1651.3512
1661.8112
1759.8552
1808.819
1866.7991
1882.3145
1914.6995
1927.6432
1839.3074
1885.4594
1890.2188
1719.6116
1639.8574
1640.6097
1682.5056
1574.801
1401.0138
1181.3074
1037.389
766.59485
591.9831
494.07257
471.20563
533.4337
658.5149
647.26495
880.11945
890.84686
955.7943
1073.3356
1208.8324
1232.4144
1200.4115
1251.8423
1290.3331
1411.0392
1557.787
1668.3864
1517.3817
1482.3406
1449.6982
1459.0123
1434.2054
1356.2195
1354.0789
1340.654
1258.6254
1417.4343
1436.9161
1481.4519
1521.2686
1542.6385
1532.957
1777.3024
1750.2526
1675.3451
1671.6852
1576.011
1474.1282
1348.4885
1235.9513
1130.1726
999.4417
940.50323
935.3834
900.694
900.08496
910.80237
918.13544
909.7538
915.21124
921.90704
878.8872
838.6217
838.0623
803.2239
808.3762
809.4408
815.3924
818.1239
848.59686
820.86194
861.5835
1017.14746
1117.9575
1293.8063
1251.8655
1284.6428
1360.4064
1477.2675
1507.6521
1390.7994
1150.9182
1195.056
1188.6313
1166.8165
1218.8394
1205.5033
1206.2379
1321.5593
1388.0326
1408.8528
1383.8256
1409.0741
1455.5642
1501.8362
1594.9786
1615.0532
1630.0546
1676.7881
1182.6661
1235.608
1168.1797
1078.805
1091.967
1005.99445
909.55646
878.1351
827.39453
827.3005
796.1448
889.2941
842.07764
802.33606
832.82263
855.3024
802.6397
689.29504
585.9396
529.2011
454.53964
391.17538
353.52213
307.28494
228.46623
286.9963
281.5396
283.86285
281.79184
277.33755
273.74164
283.35834
320.25687
322.1841
307.046
355.04727
341.19534
324.41852
329.00034
340.3848
361.90543
362.03607
363.3647
377.68246
370.01263
369.85217
370.50446
370.2729
369.29016
369.7496
369.34634
370.24814
372.94
374.81088
379.45056
374.3852
366.5219
361.31552
334.63947
317.67462
309.91452
293.7775
280.67496
294.8192
322.73288
373.22443
409.7588
431.5612
433.5822
422.59595
398.02667
382.59613
372.18292
322.0802
271.71216
284.3615
293.5615
318.37064
361.98682
372.3336
381.19513
387.5069
373.7622
322.60898
328.2929
329.4842
312.8896
289.6661
311.454
308.79987
307.39282
303.6355
300.76178
303.20392
308.59164
311.14246
311.8146
314.73996
315.84866
317.3916
316.4887
314.32025
309.14777
305.8438
309.42926
314.9983
317.43478
319.32666
323.6453
326.66916
330.1353
330.4854
331.88776
333.30212
333.7277
332.74127
332.13025
332.55627
331.8037
376.23785
419.3702
452.79987
461.0783
454.9024
457.76068
464.85068
465.47208
460.08603
476.63736
516.0168
512.89404
549.5273
510.57315
480.11542
435.84808
419.81146
401.16425
396.7138
406.83646
374.278
331.0567
346.75418
380.8797
382.71884
375.7412
378.26727
382.1961
384.69345
391.98053
398.42743
397.6142
399.0444
399.3927
397.06967
392.33344
384.34045
381.83347
381.77017
378.82513
379.86502
383.90414
386.19757
383.19144
397.48447
384.93265
383.4682
406.93597
395.5943
380.92328
401.08246
410.88983
411.2264
388.22775
405.22623
399.90817
403.35724
438.9894
461.25226
541.47375
573.29895
607.5814
619.01544
627.3987
639.33923
688.37366
695.8981
736.93
730.39746
822.396
881.51544
851.5807
902.4829
902.6725
924.0472
927.02344
935.55066
953.81396
988.0176
985.84
1007.01483
983.2775
983.6636
1004.8999
1025.9065
1056.6163
1088.9653
1077.7189
1077.0359
1052.5061
1039.7826
1063.2207
985.9408
1036.9918
1094.0957
1058.7975
1010.7967
1067.4061
1044.0173
1070.1111
1057.9246
1047.4731
1089.324
1157.6173
1195.6771
1241.8964
1309.2466
1341.8491
1302.4619
1265.3569
1168.0792
1140.1335
1086.1217
1053.7633
1045.4841
1091.9236
1052.609
1052.9918
1081.8279
1074.2759
1140.1488
1178.3008
1198.1584
1215.8657
1289.977
1266.7343
1272.0447
1352.8326
1446.135
1527.9253
1576.8538
1684.626
1759.419
1865.7623
1867.8782
1828.117
1829.6058
1842.3082
1825.9762
1815.1794
1757.6584
1693.3002
1605.6534
1596.7596
1595.2024
1595.0857
1621.5613
1632.9252
1641.4404
1657.0573
1668.9918
1669.9105
1735.5677
1714.4713
1701.3539
1618.9216
1470.0645
1337.8853
1205.4172
1121.9883
912.9658
775.59827
571.24677
514.1834
499.341
492.69946
457.9872
413.97095
386.7521
382.92258
351.74994
372.20877
434.7127
566.88763
533.8937
591.2463
655.91785
707.26184
676.4479
694.9815
680.6792
776.90594
895.32776
845.63
994.8348
1081.0048
1228.4327
1329.9573
1400.6831
1436.7825
1468.8792
1453.2766
1375.7109
1254.3672
1130.2522
1058.6631
1069.9929
1140.4912
1234.4375
1278.4211
1361.4894
1354.7323
1386.497
1271.6285
1171.7743
1003.48505
955.38367
1017.94904
1115.5784
1116.9828
1076.558
1150.7892
1206.2529
1153.9088
1214.7634
1013.9346
919.5754
713.5084
594.879
575.46716
557.59924
518.1305
467.81256
480.3996
500.9667
446.34418
453.7552
445.7416
489.2421
490.81958
451.51776
419.59238
559.5527
645.99817
734.2279
854.47107
935.9416
1009.3986
1109.7183
1189.1549
1232.0929
1421.636
1369.3857
1267.0056
1251.9651
1270.6194
1243.3347
1201.5645
1126.1624
1012.3345
957.8875
888.2477
789.0377
799.42993
825.30225
868.7044
928.932
957.89417
944.4336
921.38513
1062.899
1115.2528
1182.0265
951.38525
927.0228
881.32825
828.4824
799.4406
767.32947
737.5655
716.7374
717.7208
713.2416
674.70105
686.924
659.28595
643.0283
611.5954
628.38763
578.5016
527.72784
486.58536
458.92447
435.56226
409.44888
344.25128
368.3637
407.70685
377.48657
381.83624
392.84723
414.10162
416.2942
402.73138
394.41202
387.55032
378.27356
380.8634
389.5632
393.97632
400.43048
392.15384
398.02246
265.14838
262.41754
229.33858
203.20352
198.5028
205.67004
211.75412
213.97197
209.25406
228.48047
228.67624
228.45377
228.09306
227.92453
227.98848
228.16377
227.89673
227.46733
226.94998
227.08768
227.64458
227.83264
227.55168
227.87886
228.4083
228.81877
229.27554
229.12825
228.75278
227.3167
228.59131
229.34612
229.06125
225.77986
224.24268
222.56604
217.12541
216.10233
218.08798
224.07158
223.41708
225.25964
259.61005
268.42255
252.0458
250.60117
255.2244
255.33977
254.92892
258.52325
259.95596
260.9665
277.6587
287.021
289.70044
289.54193
261.83972
247.24893
247.88437
250.34282
240.06075
242.36604
248.78922
248.74435
241.1857
244.74654
255.68579
268.6065
285.55646
296.08063
300.7117
298.02402
272.0607
264.6998
263.95673
259.7024
238.61368
205.73792
225.37451
215.62964
220.27827
224.74167
231.30112
233.79483
234.11191
236.5679
237.70364
236.65018
235.4382
234.97327
234.62598
234.84692
232.27763
229.3698
229.45943
232.19649
235.95439
237.91133
234.64658
232.29471
235.28572
237.71423
239.67136
238.29932
233.48006
229.78781
228.64493
229.16306
229.41264
230.03491
225.86899
219.47034
212.92001
227.62326
235.93575
208.02205
215.59013
223.73032
255.06076
294.62158
285.01794
288.26288
304.39526
276.40356
302.6773
349.69904
366.5394
384.8913
436.47516
518.88556
558.6818
567.10443
532.207
589.10205
711.4894
696.9015
704.1183
683.5008
687.297
659.8006
650.2366
785.4918
795.51776
783.74304
764.69006
714.07874
664.58374
668.0329
693.1564
674.00555
675.86035
724.03
735.6759
744.2845
753.58215
783.2857
782.5799
768.2997
734.9811
745.0181
820.5978
814.8691
872.2079
900.92804
873.6852
875.15643
847.04803
819.51807
849.7381
940.0604
1045.9666
1027.9875
891.3749
874.8519
880.8794
875.3999
974.95654
1000.93896
979.4243
989.2894
945.0381
934.713
1003.04395
1081.5271
1082.3765
1198.0181
1099.8232
960.9631
985.4287
1076.6888
1144.4436
1178.4213
1184.6289
1258.6039
1293.6208
1277.0065
1244.6355
1241.5544
1191.3586
1200.8685
1195.6925
1190.4788
1185.8303
1211.284
1234.4939
1277.56
1287.01
1262.2959
1247.828
1233.0886
1225.9688
1235.4946
1247.7917
1253.0831
1219.4773
1148.4392
1028.0769
901.35565
798.9752
697.1797
577.6955
503.56143
416.0446
346.73367
393.3338
326.3196
315.75873
398.3236
466.04932
588.0497
686.2898
786.021
844.3119
884.1634
907.3906
976.16296
907.4342
907.93896
988.77423
1061.3582
1124.0365
1059.0039
909.4977
815.98645
728.9101
688.82697
679.78986
657.2477
810.993
849.5418
901.73914
1039.5547
1030.014
949.70056
909.27423
959.12616
945.53625
809.5129
869.05066
997.0594
1003.85803
1036.4882
1011.4378
876.48553
865.59503
856.9227
799.3519
687.66223
701.60297
734.4467
697.2262
729.4885
728.5897
746.49304
773.19464
763.8079
748.6315
760.45074
723.0987
695.0319
691.22327
566.3981
476.85065
487.27728
558.7556
558.38336
668.4548
678.00134
744.9326
785.44543
819.51935
837.1387
876.0319
996.8742
997.4918
859.0643
868.7736
944.9979
933.1763
885.007
726.5869
695.94965
714.4501
754.4054
747.1117
667.31793
668.88947
687.07996
749.9374
839.09094
861.0249
815.73096
622.0242
566.5118
551.8551
599.6697
624.73395
716.995
830.97723
908.6377
910.4769
812.6864
726.86017
662.4494
612.04553
564.8215
608.3298
583.55505
692.1473
684.43066
750.608
804.6162
845.35486
886.1463
894.66815
893.9543
940.19415
804.02594
807.03595
677.98773
662.99316
599.9066
478.87897
415.19287
392.41302
356.86176
296.28387
249.629
238.1489
202.8722
232.07613
221.27776
218.5806
219.26477
221.16333
221.25479
218.79366
213.51924
214.85995
215.0481
214.81082
214.41806
206.5094
252.27556
249.94775
250.35379
256.53656
263.59534
283.25745
291.19135
297.0967
292.62558
282.83698
279.6717
273.53412
264.21463
257.76288
256.95297
257.11295
255.57639
257.5521
249.71036
241.3381
238.8361
238.11465
236.25131
235.4365
236.01607
238.27515
239.43571
240.86856
241.01236
240.41826
238.53177
236.2463
232.75546
229.97981
234.76204
232.5386
232.44986
236.14151
236.88199
239.21133
244.10037
250.65866
259.93945
271.88818
305.825
330.89972
310.84903
306.50897
293.43185
290.0565
292.08597
293.8195
291.58328
284.74036
283.13763
284.98657
285.55817
286.04303
284.83728
283.78464
282.89658
283.12375
284.26437
285.8015
286.59583
286.76318
287.21066
285.84344
285.3142
284.63263
283.79593
283.03937
282.59692
283.59027
284.9285
284.47662
284.17963
284.40295
284.96844
285.62607
284.3171
302.34433
319.49118
314.20612
312.02377
310.81702
317.83688
320.5053
318.0857
322.10916
307.45258
314.19122
327.48184
333.9853
340.829
343.81503
339.02087
329.86676
322.52298
318.46133
314.28445
312.09033
312.677
317.0819
318.8577
316.91327
316.37875
316.38113
317.06406
318.00348
319.1443
317.64777
316.67072
315.84396
316.76093
317.81262
320.79926
319.3633
316.47784
315.0352
312.87616
313.17886
314.48627
315.3836
316.2028
325.36133
323.08704
321.6113
322.29907
325.7397
336.64536
373.41376
364.5896
365.22125
352.7097
333.7233
339.58496
361.01974
419.18295
434.3646
453.86005
419.04742
471.4008
549.9971
556.155
530.66516
584.01086
670.84534
693.28235
642.86743
599.12634
611.7174
634.73615
633.4697
631.89453
608.90625
606.50806
610.44586
614.2557
638.114
618.38934
631.93665
619.0294
596.4216
621.3472
636.2873
673.259
636.94904
656.46844
664.15784
709.5822
726.97864
688.5243
729.5725
789.0043
791.03204
813.8577
828.6115
859.2913
885.6305
867.33105
891.9987
919.2961
942.3932
912.86707
943.1634
961.292
980.306
990.7088
963.5837
990.825
1007.86084
939.53827
919.6953
927.4723
879.1835
898.26483
912.4077
946.9303
961.9544
1029.4772
1051.6562
1088.3123
1077.5233
1066.7432
1136.9675
1137.1099
1160.7688
1158.1088
1169.7476
1172.45
1182.8655
1188.671
1183.9451
1172.5323
1145.2822
1135.7743
1154.6929
1163.5895
1165.2354
1162.5146
1154.6935
1155.8865
1158.7836
1168.783
1187.8684
1194.874
1201.5967
1162.2058
1139.8572
1088.5475
1030.701
929.9785
781.807
710.96686
650.6135
577.4622
441.73517
448.21973
440.05438
455.29486
536.87286
600.3918
699.37805
784.48157
859.3123
970.38214
1055.1575
1052.8076
953.9828
906.9784
922.6745
897.8582
924.1955
974.4705
993.4789
985.1462
946.53467
1003.526
1024.3776
948.55664
772.0181
777.421
844.76624
868.32556
905.28894
926.8625
952.7995
1046.3245
1054.7368
1082.5345
1069.6067
1050.5615
1078.0131
967.9251
988.5033
916.3407
784.7103
614.8827
591.7957
536.5195
553.92346
565.3711
594.89465
671.98035
739.5905
776.7859
805.0812
954.70685
857.29706
897.97736
926.99774
906.5736
909.60266
876.65955
797.35547
816.1304
836.5382
823.28284
853.20496
829.1708
804.392
655.7456
646.85144
653.05383
656.6359
681.58777
721.0779
618.8678
675.3075
669.39905
632.6012
622.0969
600.24786
545.3071
576.51025
520.6241
539.86475
564.9222
520.44934
465.20636
460.91348
461.2707
537.3115
569.3688
655.8329
667.494
583.18915
595.8629
616.9052
583.0182
581.3993
515.24774
452.36963
421.00348
380.15326
352.22275
318.39575
305.62683
305.8893
287.59128
239.3945
232.72676
239.91557
246.2294
245.95523
252.44714
262.02774
271.00357
277.51523
280.02032
279.7014
280.07614
279.32962
279.67453
287.61456
269.96844
319.97675
212.89595
160.70567
157.07692
213.31934
285.9638
319.8854
359.93976
308.87274
335.58868
328.97577
325.61053
324.6824
351.60928
369.29987
326.43738
326.05884
321.19086
316.49225
323.2135
344.63873
348.51605
357.63016
367.97357
368.35577
369.4143
364.70142
365.10202
367.9744
354.79077
342.51398
343.29016
357.77972
347.65863
333.5163
339.0844
352.69385
335.2588
319.59363
320.1703
322.815
323.97144
344.60712
339.61432
322.11688
319.319
325.04254
331.15448
334.35403
336.64697
356.37625
403.30466
398.2154
414.06537
436.73477
436.46475
429.4001
406.9284
388.4006
374.87344
351.5504
338.58392
348.13873
358.39313
338.49298
292.4284
267.03668
284.30606
311.59134
328.50763
331.04
340.63583
328.11594
326.90143
315.31085
324.50772
341.456
337.01923
443.22543
547.6491
542.74756
477.86383
462.5263
461.5625
465.30273
478.83002
466.1717
456.18927
439.26044
437.33047
434.21103
433.28915
436.01328
438.85342
442.02466
445.12152
444.69733
441.79825
438.09906
436.50854
437.11346
438.26434
439.50336
438.8579
435.3896
430.8645
429.79794
433.03726
439.32413
443.5153
447.11832
449.71637
450.36035
450.0656
449.9327
449.70108
454.82202
457.1232
455.48495
450.17645
452.90942
458.506
461.4914
456.43634
452.67758
454.3314
458.62314
454.24634
455.98193
448.50372
450.98618
452.43073
449.15778
444.94727
445.72723
448.06305
451.1704
448.78802
447.48706
448.60864
456.0711
456.87787
457.26758
476.83173
507.07684
517.2881
525.21375
519.1119
496.24774
488.55112
484.8216
517.3281
579.3575
609.4019
665.226
737.8947
800.8408
828.41974
872.5575
941.80237
995.58887
992.7269
1004.96466
1045.8054
1080.715
1078.803
1071.8845
1050.1965
1084.9762
1066.2334
1026.5177
978.4279
939.1916
956.40314
1040.3375
1041.1122
1036.1473
1041.5868
1024.1819
992.40466
987.6956
1041.1167
1053.9716
1042.4708
1088.6156
1115.6094
1148.0996
1160.6808
1161.1185
1164.2189
1142.6128
1167.615
1192.1017
1195.8
1155.0974
1124.0795
1110.8654
1080.3859
1128.9531
1103.9205
1072.5786
1070.526
1115.229
1099.5898
1107.8105
1105.8508
1088.21
1091.8792
1107.1952
1116.6812
1112.2864
1221.5957
1385.3518
1495.0718
1539.7365
1606.9677
1668.654
1696.293
1701.4554
1739.0609
1802.1119
1811.5957
1832.8639
1850.777
1867.887
1877.6238
1875.2914
1875.3987
1884.887
1907.8402
1900.5511
1917.656
1910.6937
1932.6055
1941.2832
1938.6467
1942.1998
1928.109
1906.6375
1920.7734
1945.8977
1884.9482
1765.4219
1663.596
1565.6316
1423.6711
1336.1802
1277.8031
1130.8125
863.6387
710.0593
663.8656
640.27716
695.0157
747.31354
839.0602
974.453
1060.0244
1124.0742
1225.4937
1364.2806
1502.9496
1834.807
1796.3092
1668.6582
1549.8162
1518.1323
1546.6754
1424.2722
1291.7738
1217.0623
1149.5602
1214.2045
1288.471
1303.5012
1398.5325
1311.5159
1162.161
1201.5245
1148.3695
1257.7556
1372.1451
1551.1444
1476.7996
1431.8184
1398.0557
1419.7152
1245.0397
1118.0691
1006.6385
1081.1179
1096.1823
873.5589
702.5972
642.4368
602.50867
580.5022
605.7337
554.0727
492.09845
478.97208
622.9604
701.4349
868.10596
1046.9425
1209.1786
1407.38
1515.0239
1559.0636
1687.3748
1303.2306
1441.8281
1542.1469
1578.9363
1630.6769
1623.9827
1675.9993
1403.1885
1445.5157
1350.4316
1451.1289
1584.1602
1546.2437
1531.2634
1373.987
1410.9484
1405.0887
1452.8416
1472.0637
1441.1384
1526.6395
1613.3113
1728.8557
1701.7703
1750.7815
1759.013
1796.6113
1771.929
1606.7174
1380.0754
1197.5667
1135.4716
1137.6106
1099.7074
1012.48914
962.0876
865.08136
804.0217
804.2744
857.5824
928.52234
904.87823
763.0064
738.3876
648.8597
608.06793
585.99023
567.1843
565.38025
550.50885
467.91846
435.396
398.93808
393.69904
409.67935
414.33438
452.23984
468.96973
456.6212
456.2277
445.76068
432.90692
423.33325
412.56696
509.02872
