0
18.69797834042449
23.468846441811774
22.9445287620636
62.50101811439454
64.45652751963966
19.82093206320627
43.51269973805288
54.251774200666524
33.632791711321374
19.553998873316914
47.01914614446056
55.602028014490905
58.551894675356245
67.82518685431569
55.252392684384496
43.89677864936897
44.71321048973918
51.341820760977114
57.317685801394965
54.91052092920263
46.07040832205739
58.11375813317973
92.7266193882576
124.32058891425166
113.19200533248986
62.836724253057085
19.769403370684653
25.377391258693876
36.612275144240904
41.185838549288384
38.09199538826603
36.76113342581148
29.7972272931833
19.631268014511953
48.42442330101667
56.755011156593035
25.09267187478456
36.266367879820635
51.64582741414911
39.84274323645197
55.12861247922378
122.25137345084394
115.21678961283915
59.132249098420516
13.35522796441801
16.455530066707432
18.45607189029797
18.366900524895165
35.782149648506355
42.847910457410855
40.915688695819654
53.23387668998727
71.7713256009882
71.95413788915616
76.41843862846864
100.96405065826954
76.41890806679775
44.109598060295845
23.529641361848142
41.01464330362629
81.03205195960795
87.07825586071135
35.53813278793077
55.58799926708654
31.26792848081076
15.230371725857912
17.516553974108536
44.740928332124255
62.313430732294634
69.71022047025158
104.82308286497512
68.0955990032684
49.33831572598915
48.797759344417656
64.15485664499292
77.02988276033906
79.08617011465496
69.78271774512739
25.469721285496348
21.209044870340982
38.730751579942975
60.7368576071161
59.365492326531374
25.240172756421636
25.273448848390625
86.08034310692094
118.1617971090994
114.89192875956306
86.81865246354532
43.22097121652733
7.273894425497235
17.593836580650486
9.695156102881834
30.100592726259844
59.59368822474926
60.87960970231675
54.6516399964634
37.200888765738945
22.846024177890854
23.21772533876426
12.420760111095854
11.377180266791584
27.99537349041416
231.77971519058255
130.29688892316162
22.840711204988384
34.15285832630347
53.11648056065867
61.44191684419991
48.75437912197585
31.376632595261345
37.221817890457075
86.79519259373228
42.6451416015625
18.664117038101722
21.762787991524853
21.458221769711827
24.37838650636877
46.773553297149036
74.53062870028847
56.04155806638873
93.09011382061712
73.02205765395203
70.4097791522169
74.71774925232292
66.78834616888268
55.978232460620575
52.06435313119946
82.98300641563335
112.33668605240882
114.82686745811725
118.83576313979798
131.35965738782716
164.1722964904922
239.3230424941874
260.4708421931147
242.29117894214224
154.71075326806735
131.75363875518377
101.00289714896937
68.19836240289719
43.29194622980858
50.86970637557772
62.7933549994025
108.1758385205158
112.87622944451246
73.71086037172343
63.97566630912829
101.26040386202146
167.49330564190956
189.82697583988883
158.92694801379352
93.52028965656464
62.09813283824565
30.528060749255747
34.27887143411281
9.06070556640625
11.492645387092807
29.531246177082767
45.27528320808233
91.54066927130991
121.06138816139064
116.1824834154809
72.27330032388113
100.63353391609539
100.92214689237649
107.4153892126994
78.84903220371238
47.855068258387476
36.84397808613041
41.12343895645927
43.23435773702538
51.33831785026687
88.21331859449931
112.72195147042184
113.60742562559342
81.00079547250786
68.76531584663326
82.17220007150881
109.98439574768418
76.18790197801654
60.851413289314316
45.31784153594931
60.610027773553156
65.76201319319762
35.50955810546875
61.587184610927395
35.928395256269866
69.46563014707094
116.58312361442958
142.0433380062299
135.6639352049814
133.1385510032244
151.1641328343857
176.23948215380537
160.75544693553985
125.00849740241992
117.6228589266716
129.5765617466669
166.67885960150292
192.02822794186196
208.3469248403694
227.6038893210335
216.57984968103182
189.9828653477528
155.48845978828308
152.3926797401432
168.55446599463602
176.64407853060783
150.78134410458694
136.73559864772173
185.44099145952683
205.6561373356123
221.69561252635162
219.13488238480804
175.9022958543921
122.35705217885092
62.07955063499471
49.57691793899885
30.41951799407907
22.97108313069066
83.52069494924835
88.46836339305021
103.15417606467216
56.464534976329716
43.15936665166496
16.850498516099083
22.838245274039718
51.7993328265826
57.504921989311654
55.939475665947796
30.521567476479596
15.146137253830284
70.03506392656068
157.12836191517317
199.21884884237903
274.74650988056527
202.79953670479458
287.0842533227093
298.49839923505624
349.8446329357824
447.389451633115
441.1910839810013
468.9927714253201
475.34602184399455
472.61946470400363
386.2470499013545
277.0765993743472
345.13132465720446
391.5569157901647
476.3819729985697
509.2670258542439
543.4288740184539
535.8079511426599
542.1619675737787
483.5605295654568
396.7283093352188
403.4365420138576
424.748497853837
458.2049904626095
483.6071267539995
441.2901628796729
422.11535955649106
331.0672885776465
250.3049734419924
76.05158966338372
122.50879973314196
219.6693002721065
261.42682323878637
255.7335069802295
251.00924566906724
274.10687684694835
194.34628888374542
192.02791181805014
132.19921087560033
93.02833786455065
115.6394566335911
116.45591173275162
126.56190763057411
148.48978710056895
184.51034276867685
225.58615155663057
223.7422378618341
195.74917491215015
143.12941343074212
126.8923373972415
131.42070758797922
114.44890989846245
245.81227394106077
191.89736042078192
217.31078454345501
252.96035477594842
203.35793525269634
155.9615704180438
101.31630842275499
157.94241284534664
270.3222256730294
191.72719363099745
150.4145541880745
152.5045687629866
173.11534077187815
187.5253645730051
203.91647125616396
86.46196604875817
27.372782363092938
88.03723322894102
151.14185728334195
182.14786832315713
199.56713689792778
207.78165838557248
262.80923848259664
347.49700968942886
272.0581833205197
227.02936047012554
177.18126156784047
133.42250818483086
100.46854373394035
107.73241025045381
77.59560715487846
31.294985566551258
39.64070594704324
81.25956388264156
105.13344236197409
150.60369323721565
216.86922383627325
213.63204385755208
125.731192073574
76.20949645241203
135.56947449596882
147.75180756645494
180.7307285404876
224.1691267981891
210.2858597573525
181.6805388328502
217.31788987543888
103.55316724119034
53.21237188288622
76.58033288441875
96.42489458376838
20.345360141017863
17.770035896445528
76.56557904317181
113.37808278770001
57.97089312802318
62.350733082205444
27.575302109769815
28.927873108393147
25.890048552393957
16.09819641113281
19.82276611328125
28.55255203961958
63.13724574192829
101.11191849719776
110.25247304945549
96.20821135803321
66.18071690710815
31.33425095427384
17.108673095703125
22.13320072257194
22.219607778196178
21.466164360954327
20.157794811297073
16.34175384991489
31.87470891372582
20.82055815149233
22.709364328369396
35.950025256669235
44.474555241423275
49.06626392496869
50.75828604790704
56.884751122499935
60.19934369420675
52.26171636759742
77.7344758356899
116.16155627183639
144.11553124757137
159.1737469392769
150.90672510722533
125.24834270717777
87.37408285461811
66.31894519766131
72.53388748332517
70.99408443656075
44.65818463214691
22.75196228027344
34.64308368503042
40.31368020563409
40.23055306572511
43.507954819854
47.358366068056036
46.23193761766887
52.77807141287694
65.5075122995705
71.67085098107819
70.07288522557019
46.5805282699946
35.81651306152344
34.862640380859375
34.730386352539064
33.76597900390625
29.934652709960936
28.218184662090504
27.90125976150973
26.207224976143983
31.317516018248035
36.52720207019913
21.453607177734376
44.642401038000756
73.42965495315221
74.32184550014217
54.67759131828126
48.70300226455184
65.81517783737982
74.3280076625119
41.838602824520514
24.32969336573685
36.418958755251104
69.3508628180622
105.49461561837832
119.14868423908676
64.53302704018937
20.22900454372383
122.9269966597806
197.271575679323
187.39216756910454
144.49890003721092
122.16618117688749
155.00737004211015
195.36981520238504
221.92209562454005
231.6043545803604
263.03892526935095
301.2740500362573
316.3309659393722
298.69751407182264
275.07497516675164
252.6686156651433
247.2951497403326
258.3603972157157
283.1991427145498
299.5720010156598
315.42572454581455
332.13692305395216
277.058385231629
140.62207118579863
18.93905219775104
80.65132257316218
127.41525114102986
134.03926610012365
127.85280002974578
132.17489417885665
116.6610134337217
97.69848806628859
157.77908685520634
185.5274482755961
189.75841185043225
162.95902681942144
131.47016180597973
116.5037384692341
113.63234022032444
111.57215075359507
113.57898308957313
121.77728159512087
125.42120341966128
134.21423733603518
141.5551623074548
132.27297043616733
106.41677379530208
84.66006922819595
100.52630193044908
152.48911151741214
192.1583403860578
195.5389277854012
178.1691893436225
172.65542431066586
172.53635220921097
164.6023611925428
145.57926726279007
125.4582272994331
116.40179393062829
110.56052694565737
111.3587008163868
125.12803849124987
153.03824918329116
173.67721109710456
173.96430407970658
168.0327288757185
166.3768277053792
162.81131211027298
144.53620964155937
114.35309750867718
62.31455119727266
20.173582856140207
20.938282688363632
37.171235719728244
74.19520980144819
95.42884111921155
90.02549977317065
60.04195596251591
36.75131595493849
24.550935726507248
51.868910370026015
41.007841395405514
24.294278633813814
62.70511677549325
112.19294301212653
117.17448019051753
113.55030880304066
69.12877707602077
33.91928119971076
44.13289177426809
31.37790466381198
53.272630894994585
40.7800237018012
31.60153845775567
126.92258304508923
212.79902826759275
278.52952117852783
266.56716876008613
222.76188851509795
171.81640436778466
177.41329622216986
222.3277054430444
263.64042134585253
250.68253546177056
203.33891599899317
145.67957737804628
150.13146387585616
211.25689067981108
249.07049258525012
282.3417389266948
269.85786907124805
288.01853779650594
247.60469143385671
233.12122593840712
194.93267351937297
126.93620973143138
78.05086074751912
113.90094776856617
172.64347295342026
149.72731677771282
63.856843708509494
42.73507902358911
42.896521574379356
31.09362654164888
60.2449571823498
75.33437470297744
41.91235226668632
36.97326864580846
34.0872802734375
32.837396240234376
38.1159963416776
55.32236200073621
47.89487880124416
68.49756304429204
96.36017298249843
78.49919179182109
62.06728513949754
97.95396345844297
211.1246061358516
239.45728752455688
229.23378646838492
287.17784686954167
281.21439003021476
212.01342482327522
168.13455706745793
150.26262498841
98.35323068307999
15.890166516684804
42.645567248259205
82.56253402391994
70.638884822189
53.413808300568235
53.104288525386984
43.627865681545245
36.07703204670211
30.163786633665588
18.029051733221515
31.680056093610983
38.91989803576921
12.950830078125
15.139990256140118
39.71249068001221
6.933055257489196
19.187432799610907
42.901622436553545
61.38449665767784
79.87080923204508
52.573156492768746
79.87270830394341
73.3362790459335
57.32825795162853
27.355244457712253
22.04431862244046
72.54359699344305
119.56726500930718
175.60752629864973
176.13338248665514
158.79305962527624
150.36441887902257
158.1975641010582
72.25181348425447
76.34582082633612
81.38286546687871
16.509027018467304
64.71846573727949
114.78877554637111
207.7698152723138
219.76346897917537
195.16190651186577
235.60637722487127
208.15490061164073
347.47620690860066
465.5185120392631
428.3166263942486
428.45744599638795
397.6862413261473
381.3642584473615
342.28470486155254
421.3960246695071
508.48935926012535
544.0271350364608
606.3666611574262
625.3492162664709
537.4294555182034
584.7989176842617
606.6532078066223
556.7105108289877
685.2192082843688
696.4044032418672
636.5066385860275
601.4121506603111
528.7118652024103
456.2242048794854
331.35452462610886
225.40177246618242
171.5414352243898
62.20310431342523
51.30301107633231
39.730377763116486
53.41506162510204
26.886245855159906
71.18282578029304
34.71723439729949
28.770218789950945
74.60525743551186
61.545201551071
54.03233301818964
114.74452306612416
137.2452958722095
47.21318513557715
35.376539479821666
30.615864262250216
33.376347223592305
23.609263083672705
28.73339975028539
83.80946422623042
155.04237937083113
169.24763007825368
183.04554352296554
183.29512103803663
151.24672360270407
203.38407917707383
270.0392223552668
226.73912566916223
171.5669278703066
112.5934848309445
67.17381719855344
21.5845458984375
90.29870011714488
260.2723999518277
289.41255037315824
340.8275851529121
388.3242733566191
387.16945726971494
375.5666581499226
343.35411818957544
261.82321221805194
85.36825693048104
73.94299953856498
159.76631072767992
273.5595839979216
221.33764177077728
159.31488617677965
150.45958253436046
145.80892819699153
135.96795346730573
103.26821121277916
65.68768845654638
17.905235430037305
14.554543794941083
15.081353491160325
24.26127103573508
53.52860638400771
57.14191697561328
41.33374672541731
44.66158895095111
37.03567711097494
45.1698219647141
15.62932004440936
49.128610381984686
105.81339450730714
139.2618787462407
103.63931352363295
39.44120956106953
57.89796190951186
63.15600028530368
79.76572883340779
84.20748089834724
77.16171195859052
64.25218649316298
52.97358982659458
49.7628799947207
57.637991106708384
19.096138387088367
19.231401373744482
14.595489501953125
21.57331286726544
21.096720739955117
23.295105480392227
23.485883881677854
27.397399689600206
29.23087133256986
15.541230652534228
39.65325946880902
83.61357884334953
108.32622131637613
94.53816298419801
34.64129719562197
29.63810616486404
56.56100394344676
75.39896494021659
78.70575176687707
61.11682969670869
32.5766789757183
43.46624638348722
96.71617711235974
113.5601965622458
84.10526181901287
48.23529343242385
25.703663420418707
46.375763667369526
47.10660956650921
34.88613527050645
39.61884160545767
39.324632189893215
42.67838745117187
44.49788508665692
63.44944613738096
82.59289704696786
96.81321497684235
111.30158104855502
125.02408063056586
114.73141543336826
71.0597872870193
40.84994894335149
39.17277509741541
27.007657951435043
24.197152683717878
30.851967845670902
47.17811814630561
31.34097762010372
42.44283292027708
60.14307918990282
45.57424476120508
53.7208243081619
56.10543063324267
39.88794837687069
19.639305141636235
17.611334189498347
45.130432978691715
80.13455665956526
101.25198678469803
97.39390696288885
68.12644621282234
68.43671806956479
58.161336996118145
40.915113130099414
32.208348807346184
30.582587866490165
39.15682395315033
42.68113334907243
47.53323184003384
59.5225354060633
130.32837323476946
70.99507141113281
61.580573666061106
30.77294740003283
66.56872334070809
74.09670457147486
112.64685004361233
147.43740776691737
149.95159879586032
83.6200561529469
38.30176959301683
68.1621000399894
81.87935808194918
54.935990623753604
12.189131899898133
23.501608922368472
28.75154903786854
34.06629745319702
36.829992505678774
33.51242444191867
22.754581916666393
15.646395675125381
16.245285381029863
24.528068903907286
38.74789352413286
23.839282783916794
17.26813659667969
19.361553955078126
18.609363214184658
20.375300403334677
40.38847962185279
15.833086516007905
32.17475572768647
55.885789585719735
44.48202366402403
17.066543073096863
13.1213317441963
21.801042617326743
15.716839088969163
18.757832750583155
13.664006972369384
42.02310181325839
85.60230898588179
105.52708066207852
133.02444899423782
141.1487399681751
85.63506833825848
27.57255859375
28.218374899493845
31.306179778323962
36.79758937239749
17.698077392578124
73.1837714710282
93.81569719748593
46.90132052254644
44.83098083785345
39.233718658776795
33.297430772247665
107.11964884150068
93.43308784761328
84.98752086175588
117.29717567407252
148.4794009152876
158.36728940016184
76.1990704892066
83.96232525613274
108.56646440817448
114.2628988363892
108.95094613282564
44.88843933768658
29.764166259765624
64.17971456466496
59.581564816936904
17.358194439711404
52.620974378525354
80.41428583260047
112.62476648336197
130.6804921787769
130.4483240864261
97.14097452420825
94.05677849826444
95.01428946122155
67.24400961865604
39.921318577394274
33.42416071483585
34.982017545321085
47.879167525671434
86.63012807650455
119.65733088034676
183.72438377839762
191.30033881075042
106.96726752419279
29.00537704140106
85.97438908743966
100.94320162039935
81.51310014822074
69.47509470229474
86.06414301917793
32.18391494484322
29.647169988080623
47.586287957615426
32.25812180730054
31.158151806494335
43.60469691549597
32.438096683254436
53.363730646336265
52.28038477268765
37.69361116169311
48.76190990141886
93.03219947498874
144.8669956946407
130.78651599625954
98.13620620479415
60.393611991755826
38.157110962619846
33.6881746634816
59.79877930769235
40.17691218699947
46.69343928896014
125.62971718781418
238.18773783005327
312.5862999852526
290.88102823523116
250.52406500109365
235.84098899202928
257.6361755571892
234.59228299328188
229.99270953820596
249.04060201171268
288.8193503650749
345.47409394384306
351.38311910992326
350.8289205334263
337.1245846285019
340.65676928786695
310.0476050917754
256.11563293609
238.84568548899924
283.7565538362631
371.13487242321105
421.5184510455957
418.8212018893727
409.0627354733101
384.0308785843398
341.954621519353
273.59863825324845
193.36393490338256
46.79267148142653
48.08589990781238
62.567637890192785
47.82684933195655
82.05136774857756
30.777844718940788
175.92480333141424
213.14868257443345
257.044657634308
147.12801683485986
71.86324393142525
39.78870647561166
75.53575761728936
65.72319613375478
10.771774679754742
80.50541218312715
87.43499271876536
126.37474948497797
97.81459368978835
123.47535190605736
101.86060396050104
114.10765425912737
167.92965482407203
224.42055306451917
237.4219529366982
165.28801435279942
112.89679818071404
182.6642444983068
217.67432948078553
244.5125121916717
121.70673012616325
240.71957144510534
40.291467214967085
59.034403119294076
36.41179992687908
30.051420924168088
117.81431980098023
105.21725706591451
151.99123035482626
239.48943302816588
354.60180150441226
253.2047236293425
251.9466939844171
241.6869486187248
206.0406605706135
147.89748231308582
115.81905829137459
116.20021300983794
69.71431768749252
41.26542424856107
47.041118460269175
70.26299843384022
102.17215976459411
132.06190522304595
33.98707742806964
144.97908482210846
124.12571262962975
62.0662296430768
23.67133554560137
57.224319167102315
96.29082487989925
137.18889773742112
146.0008749687425
70.78902198123356
28.64807172783899
119.77385045470442
125.96698081272648
275.9830085925622
231.2370766639655
345.4473854121667
301.18152897543257
241.4657353889319
170.0770587090761
87.24114165572055
76.28037036697324
59.37596825207893
99.16363600235336
19.31486376026796
327.98585012302067
158.95449542413525
244.93300928107948
338.00627316697467
364.4591902481849
402.2888192039246
468.72286570634003
529.4413342773005
466.5382987714077
393.35865592289747
557.149921656486
507.7453157355693
427.38155038416545
364.14781584071324
229.15425190453152
144.82834224013135
83.48033092913965
42.11781476662145
91.09070203520841
42.22852887039962
98.6106980446375
422.19940967468403
460.2275646274885
496.4985026289672
457.25908316468565
408.03222224347655
250.28559165064706
180.17414870039866
197.19642129562322
241.5079345236524
287.0812989724309
284.4971237318026
287.3247338164334
252.61763045857225
231.6931851161893
135.5716696348474
32.47178324535444
99.72556008579662
63.03490272766339
64.62721456364815
44.3933978214593
27.041020491401696
64.08697152196797
87.16353322073073
62.476137454106855
38.91605479039339
20.289306202917327
28.5324570542512
58.2691445962346
75.73948278362805
53.42329855589819
25.358926391601564
36.110254125539726
37.82737761515499
28.855570118727222
37.35721710655042
54.075196043655055
48.93143627889943
47.27157545718357
35.35364407732832
21.13626083035556
23.806281535098925
29.321614916524094
22.364876299076286
105.70260408325422
161.7771840092798
133.8137162166301
62.42286518591095
31.619880746164654
36.51987352481497
45.685610814413224
43.48067871394052
35.512038640797165
32.97437413731814
35.044943343283876
43.88155075076984
74.68907704879932
89.88655908511706
63.98448680603324
35.99646801226281
48.049793142899354
61.048052798652634
66.50644868107702
70.94088288078164
75.20913426332154
75.00760492864285
67.76853980342057
41.82061644592276
16.261006656380538
15.486509912860537
18.37656572337395
26.89960067483262
35.49864949217704
34.093784217408164
23.003017060963078
25.99412658668548
23.509306933578056
50.89994016980357
82.47673503409227
65.52203576591614
16.497951885648057
36.97767018858822
74.22447482196735
81.54296435002944
76.05856144840045
59.5001294902635
44.417616088855766
40.68162871133495
49.44140585126822
61.7586238425396
82.3360364966619
98.34730550712925
115.92200116439759
153.98363012749553
170.87915512706888
181.74421887449176
179.0004861787935
166.91390684250018
142.3583053868544
109.35830922067483
90.794907884151
95.03829997250641
93.67074490911327
93.73043646912683
96.2403116980569
116.8483802322528
162.7438416342514
194.07321454804065
198.14541223198597
192.87383033439647
166.0469120864639
136.79284044844536
117.0509674152717
116.62054402239637
123.80707135014123
155.4035463320276
137.77235938919483
147.97298911321604
98.31223639721354
49.70902944122331
49.55684216095888
47.36860166088259
35.15626257561253
29.6303357974042
41.93196772651108
36.27852040241196
58.70095444144461
55.18059807903785
61.4983675448987
59.686461535107675
60.217415132580115
60.38048494009752
62.90754774022478
67.08548091177734
68.11818027255416
70.49270722513377
69.16372008609531
72.82406894969941
77.16764224586674
69.4921447997663
62.02556430501147
54.43524169921875
55.49095084992571
60.975106201957466
62.08642894987834
66.4829243868484
76.4582215124046
98.96729315104604
126.32366042886807
142.18912898768036
136.07852026910265
99.81760964493007
76.3008706085013
64.34002627935175
57.10108290940057
58.36591039326299
57.3664025277325
70.45185554258629
65.65722512303857
73.51170071510515
83.9639684622166
121.28888119933694
145.99674480718568
168.1457223514796
198.62068955914765
206.98345066506545
162.20614987377968
136.49126054803725
156.3130481978901
145.56388447517048
140.0092540325038
129.66361297182576
174.0565357812443
133.181464241465
104.42882684009835
65.35954636078695
66.00849694914396
68.27446899414062
99.68131790690659
194.01047759807298
195.74617491511307
195.99127821245307
164.88415059315076
157.6915848989429
173.79657804591412
129.92415695414442
92.13122961655378
86.24927765356615
113.04008721296728
134.63525133753078
174.79945781723592
179.16556072382986
181.9551201300764
172.90109709439307
140.48567883261558
113.91757248160502
106.3273488105693
97.54345884786781
97.46062511565333
66.55869340866593
46.16951904296875
43.32881469726563
34.78187255859375
64.56745703017296
79.23623631295565
63.81645826638908
46.80320434570312
63.33542620664539
57.19967425525501
46.822113037109375
35.16295166015625
36.482901834059156
64.03317424426241
96.09261144294206
100.99233469822138
41.646748857282
28.25998007688572
58.692875595033094
88.08478518857751
95.90627267182826
93.60826433260941
107.40799971629255
114.57081562156418
110.67810117761424
141.08419597987125
160.9890618225931
187.97523957646644
159.98594341663903
130.7254238914884
151.26550196779743
137.6559171776621
70.33374169229373
64.31989536514679
75.81284230890665
68.12142493487954
106.36119464493382
47.62391959453025
47.69477690904459
31.21341768533057
13.426333948690445
49.955164314293825
61.72505298470942
76.04895756490627
136.5648358958499
130.8562479823357
98.47967368869486
83.69624819804699
85.962475294559
64.3589812238888
17.7453837264894
60.667056570266865
100.75463442471705
91.8056454299186
37.739048034104506
109.71515768377739
164.7451705554935
129.74290487187523
84.55293278156833
64.06751478170841
88.9101736878943
90.47462466488403
117.49304483670385
92.13628440389286
47.968368807872636
47.35680177867921
122.67146832614317
142.2921420402816
32.50780486448266
43.27609040705838
43.04876708984375
92.10530678997557
206.94834709577435
275.9158923898668
322.2118495674869
78.02878183445632
237.6370632008615
394.7320058435681
420.1507920949157
548.6958105147833
541.6068564394424
549.6047461822709
570.6158399342402
515.1597557016481
459.2547461524895
305.2831940325601
119.9745917660468
50.06681912160275
63.9658070749234
86.20392055644251
142.97621800409965
140.35593028099325
57.89965426391518
73.56254000465579
74.35584910189232
47.539041232299404
127.61681545266474
125.16186042932895
134.63815581395642
119.10141374971381
151.57821636591447
60.51340540713845
105.94991190404922
45.292988385040005
48.09984130859375
50.37833244164085
171.31387629744077
173.99067359721266
143.22112658761634
110.64208578443022
132.90892177893153
40.633395430657856
41.11904612201833
103.08772802522662
125.96197597814007
208.2075916214987
147.01541964823065
241.3560297477292
401.1606282935044
456.6417896585849
407.688914529385
189.61833140544445
69.46112841877603
33.17357177734375
68.43697269274116
149.8084753238767
104.32639404117496
49.34769325099235
31.24600796511654
24.576865602345674
66.48522998008657
193.16337971875663
293.8942080811922
329.92094962659684
283.12998216651897
208.10908560209472
175.89673836031739
117.33214263352538
99.42598015091076
62.55319430965917
36.601301954050314
56.463860263181594
106.8713073288809
143.15592712564717
159.52771128424828
226.33848956335095
376.7633801745181
338.06036102648704
288.0290469802823
208.24793654207951
154.69875515134459
140.2231967008216
148.41422400607107
181.88497885847397
281.75723853281477
271.3581293367614
210.42025438761843
68.55506032002388
16.47631556910951
30.536252948653374
112.81494068131713
166.0045994754908
140.89167200195553
128.53642377472346
92.59579466098448
55.215525388616356
22.1074693430244
19.473733229970982
25.429533667143595
19.582175806178917
13.776190073155396
24.675876068334958
50.57090788496462
71.45970391007477
67.85457525089035
50.89412548848404
35.24245072344993
17.505642700195313
35.81622375829431
64.62357813520421
73.0568648517467
72.49613310624413
63.02351531555314
46.4277162234384
30.271450514986874
32.87949499267536
31.86788476160973
53.90135738495561
76.4746745086233
82.02749481526038
84.44007871394156
64.74766564339147
61.035948929534285
67.80625329803948
48.000744732222834
19.46952169183087
18.52946537861276
23.779043029247894
29.221040631518143
9.127425483359877
15.958372281602214
33.033337673645406
54.92529663358282
69.48934498297024
65.60368283039688
59.412342522117115
44.54949339823213
44.69262292368934
64.27609339852465
77.92929627864564
61.99324673891183
23.656272921953246
14.510387631035462
12.549427100036041
16.279436158211023
21.553180383963262
35.66247607003081
40.300143789676596
37.786700317938994
29.35508307843552
15.576980590820312
16.004549376385036
13.153448486328125
13.1289794921875
16.188160674135794
18.16038684212599
12.892459445172085
18.674268605471138
28.351160997931583
13.387621844202988
16.030807495117188
11.378359216008892
16.47150573730469
28.323672578589775
63.079965153188255
56.25373249904794
29.11253495205408
19.455081348375607
31.42531734340297
30.301297406126785
30.635975459128154
55.82352857402784
56.30441905778704
49.3808112777888
42.345299165722665
48.38079266426239
45.50953725571982
19.49117148303562
19.54230451697424
35.709213909044635
46.080099110885115
51.940771738657
28.532577250082603
33.43375223368362
18.52155387089665
18.802161270382715
35.95769570546504
30.47800170477119
17.88660978503044
9.451425968322951
11.405619558699664
25.86711057672368
67.57818265935468
88.90706502554777
79.60311827463815
65.7036668140421
53.25352439934604
29.340123522175737
31.283013916015626
40.84099198214128
45.17978787905209
42.52473495956618
49.38818688182946
62.86907921078837
67.22168829219035
65.72339478480667
64.37383027631918
60.50104216509321
62.834480915750056
69.60238417517466
82.44051926634793
86.75381758729725
85.86901999242355
73.49999354967031
46.49518979216909
33.53478449165982
38.563663531642945
43.35818595184505
41.9322649246039
38.58568162297174
34.98245721115868
30.209671020507812
26.026347359805754
22.861395263671874
22.04804666178982
22.514874267578126
22.706784368671514
26.596241185377345
54.86100753162553
12.460537555671568
32.993944668892745
32.16158242671613
24.458273295133313
53.666561217186064
18.776586886213863
34.29113246353829
39.38049999561842
15.396596456136194
61.38253724999497
54.03165665633048
75.19664493005527
84.31209199938016
110.87453044783474
100.43481332138708
101.84680115471699
103.35147524165916
66.01976372796403
16.832672378108555
60.32233306612709
47.02521207932962
63.94049838053329
59.844152272698764
43.91516092212769
47.86435167278766
51.46604454373742
43.40919848761412
60.01075290172264
74.14328542396345
88.94667945150704
72.27445106908779
62.77592481895688
46.81531834057678
52.61226594677087
59.8704094403869
110.73903429242884
155.40319710505452
208.78323690981705
274.2132803659342
319.39629089398323
315.1613727180305
291.521359539858
229.7358434219248
177.98013471000758
147.27158290610288
117.10870904506437
93.5678761661502
117.2896496263078
177.5009927782623
229.1010039756702
211.79117226255843
174.40044142374958
160.15341429791178
218.01769054042157
213.56836806876086
182.1707183414432
188.37136467692403
207.56482902548578
219.35342238211183
175.51670683808356
107.1655393191669
151.70387058661913
240.03797851580347
281.2910659684714
240.02005461226855
223.1938376760974
298.8431363053431
349.59096232677314
314.4918928902869
262.92714797478857
197.11950712970688
125.39804549775613
110.48150437958301
120.07945858580237
197.97639467679772
259.7883842005629
273.60951329282545
200.98143291934534
175.30994125895535
238.4227741813871
302.7284772631163
345.10305977563496
359.682959493079
328.07850394896525
293.8763347684177
292.9100961234488
286.2135220351014
267.9560331666942
201.15273415879443
140.35426392370977
175.4251663227842
177.2084865183038
158.68945435002283
93.4828903014707
23.354020700181717
60.59468091015499
15.981232483628173
43.59586736671035
90.14261896814268
118.53803964993176
76.5509626226868
73.19510025251516
102.37203051056508
101.60781656950492
66.76846847163918
22.906293055089055
25.40499435427205
98.5062435603173
110.33979495941784
68.34477030133557
166.01701861488505
139.71639606578748
173.10583964322964
199.3033234297874
186.20659097726593
173.43055722763387
119.90182597373123
107.4528560210038
97.01720121337853
125.53690645132133
98.95032951009571
248.09157589859896
378.8855934837429
475.8272228614519
515.772186169733
548.565984614276
619.366756483444
551.0215045624066
576.409182701821
538.6360473016892
589.6086095198905
531.4829440385425
425.8377802828726
320.5612700258377
153.75573561407515
60.07933522817111
68.94013354644339
153.67406735268432
189.377678014915
389.92438768023914
411.78631615203113
371.4813316717821
278.9739435807488
231.65564521424804
201.66390800825243
168.9324713466839
157.4402566988179
101.33838031203577
125.74670133402878
37.85149905513708
92.31544368007435
101.74001980570684
93.74012080803625
52.007676861842675
13.09373787467141
40.52690739367254
33.223455792246
51.086315136022975
55.98750958212238
34.368284652357104
32.0138916015625
29.510402877603404
87.12148525963198
80.84638494887326
37.08285116795423
8.368037753562135
25.075022230688127
21.51590463929392
68.9439564932396
95.0233099087837
113.5557723750748
153.0963703391646
203.89515638599286
227.97452361472824
185.18948238575845
204.6502408556684
302.58214350707715
448.0083124813168
479.9769725318045
544.6936607571387
601.2565748572376
634.1662015063621
576.5222227999988
496.19486490671835
243.07557860612252
155.83351664116972
56.21461791992188
27.685345458984376
61.581789827790566
149.26399129863884
81.3379681956043
99.45293025221808
45.59947229346792
26.115435791015624
40.76961219731029
80.70931997346322
54.37672826186715
12.273834803041291
65.22570598856855
112.65630950914712
52.67322471775087
23.015346241854786
45.21210640841123
131.31137465462174
195.61950430062416
401.88209069346095
606.0786607956704
700.3791941870907
711.9678900005521
572.132990641301
596.6415914193097
454.8859343299525
301.6173428891475
211.43279437424403
157.87708596948067
77.98740176135625
41.299633206960245
34.87102798992655
62.3495375332418
104.29667908745739
84.98179480137635
100.04600466026025
80.67770577614536
19.983744484992894
22.60946663472878
11.693568605666997
7.214096525057812
9.296568037693532
9.0811055362586
9.970261805254825
11.77835649126539
20.613921443535492
14.32300961362689
27.396512401217045
18.768397351640452
25.686727905273436
54.24724178555808
37.73484816057849
15.804955033962301
40.698957748352896
51.250744039681386
52.18691452180258
52.23440309659727
72.09713080848113
96.18554269833479
98.72536395130658
30.456787097046572
46.5937850458263
51.43159908655635
39.793240838056725
22.2413430032924
22.366552734375
23.993952652353915
27.49673948332254
27.207341618612098
31.903581823653962
39.485095909282585
45.128144872568896
46.42539576145644
41.6935283568409
40.85958075335935
40.43422432131431
40.37579115320112
40.70044660234932
40.87537231607338
44.149462574375114
48.20472601793764
49.849530336875986
49.42054455593355
46.98888306709158
44.900963128262006
43.35047180100439
37.19898629713141
31.952283671342002
27.327504422346543
24.245321199557075
21.484496856418126
25.997178381655726
34.4216787858544
40.80793602593637
32.40365466190427
28.034597057869767
28.117732494796382
31.917193172694216
38.17229823894557
49.436519114814885
60.63854804502423
81.38057175929808
80.08221066446394
84.2743463936899
88.2695468594994
88.76604196405438
79.29350678101204
70.32360282610736
71.25076787665405
42.59696242110342
63.42800057720437
76.50917897574668
93.06606052625293
105.10452965189378
105.21596267146197
83.92610061584006
68.96489560985228
69.07107996379992
59.01093401043308
32.709478759765624
26.06493042378647
29.218554750926046
29.542153093166895
26.6843080528404
21.49188633557369
24.209055701815124
32.77318893154675
34.006723421501285
47.52555010740455
50.53014490967685
75.56088593673049
111.93437998322676
137.27184127390336
142.6364738275989
120.84915428977062
97.79752920600886
73.23379518025631
41.916987526004235
56.62775705831266
65.28757563979093
69.20666162012665
73.57841571737838
81.77651444158985
89.61566244917624
108.033585519429
68.47540340445362
24.40100608215737
15.552181857865651
18.25981408179505
23.552166803257727
18.00261856733291
17.812271603666158
37.234653574172455
41.64470833739184
23.582513155529888
19.02628832665537
15.485613944778606
12.616557027982276
15.485884467320375
20.677785029069277
28.395321485302542
31.090499732434967
27.36780249581317
23.212219263434065
19.973096979484627
22.95509888051215
27.519618018589746
28.10988380674953
23.067410311382353
18.371982723866257
20.448828103950085
24.10708963764996
25.10123957924078
21.007800254281552
16.9693583407362
20.59032186285725
26.411742338311296
33.56162163402045
32.22036079143599
20.70017886388164
14.150695607100193
12.098055539307541
10.795745495783706
14.626973380683285
17.23046840055913
14.141624362318543
10.390464484973268
9.455267333984375
10.164616927877262
10.77751261037356
10.761367773775328
12.744985869485664
26.920985956893173
66.77793580266734
117.57225491473166
95.85773228873893
115.52320732249682
146.29116720782721
79.63142217135194
11.7008846548601
19.907112642504718
14.93001708984375
17.874929187486078
44.98891287997103
41.87550985409083
122.9436498249044
98.47998087511606
59.88898877650199
75.91580873916664
155.52455306613803
214.32665033115845
258.8994805265796
230.35798973161735
162.7035202404808
127.7097655091291
93.76352147882258
60.95264946107727
39.11119359562353
25.38365494784698
29.044301968678155
66.07772934881693
115.54289324132878
142.45727037600545
147.67815898630573
137.9002761016627
112.47466315265304
79.24310407178902
63.995060712055036
49.818545039984926
36.11710140707387
19.89715471600939
26.021845389518784
17.23106689453125
26.44329847970539
31.177568689431883
48.868100214057066
86.71691633638588
118.21075339227991
171.25925272609274
139.56267705172291
160.92105155609974
140.52314030134212
140.45630215236915
133.39054975720018
134.4305990437696
87.92606506258895
20.6397515298117
24.861906466754043
36.72649746241366
103.20064161432137
143.17248619671082
140.4594648565316
135.28070139089473
133.19804123025477
154.44468451907565
129.69114798184327
143.7218793059871
122.09128697003284
69.58341569368835
33.235715469921345
25.98844775142095
22.3233957003466
30.025328737647328
60.354728430950374
118.1933520048276
220.7982816952656
185.46801337880242
122.17864396442155
111.05975230657728
78.86224092631619
29.2051513671875
114.1627782756943
146.13693975630267
225.06602505394602
226.9319260774082
252.12691513867486
224.9713016701402
132.6234812429192
90.70896568118133
112.07886256756383
122.45797543629514
46.31572286898345
70.56923828125
88.26386194211577
103.761518310659
85.17999198020088
49.377511609629344
55.7482108849842
82.66212910114646
107.77833333284543
142.4815194736055
140.90444861158326
54.904865976898876
96.02936101951119
142.45660270884255
59.66308091954115
27.56089036901567
72.1525974954513
178.02707355474132
170.925193657024
124.1140381971572
47.12466564035676
39.187453983042545
78.978503275418
142.01017529961555
211.2152903059187
261.1541535021664
234.63568959469848
115.13632428366107
111.84407488881747
103.36992125012009
44.70709436830386
28.372974509138384
30.8706784552247
73.5955381159697
28.033447265625
116.42665943895277
163.60849573733572
242.4245193442388
227.30284433443612
116.82117513040853
31.270639617561393
92.47763060075336
55.709137550806375
39.76535011440474
22.91512356441808
27.772730515696093
55.61571630550479
94.54130196748807
156.09499818106693
283.77972556288785
153.04359985597642
153.34999456953818
132.96818960063965
109.35096100085703
82.19555090544637
54.094227984802316
238.8681834819563
251.1145036020389
213.40837265927203
273.2748590352823
265.102262163464
254.80682318311628
204.01533038037905
157.51059648555798
125.73710155561916
77.52358274737324
76.50615982971094
90.62387451319849
42.56816921951711
19.33282531931634
19.146669605140232
20.606032882793443
17.676378817989598
15.878053359634396
33.373646441774895
17.26402400896045
23.901949480347344
24.031546568276145
20.35593780741865
29.05377697643762
47.19273108663983
54.43614211020995
82.03562991748932
109.32481587885395
210.2150907997346
269.72454527265234
237.78709471524925
234.86338580087232
128.15091239090376
252.74465826403176
291.9507118125868
254.08027913378592
137.97104185759326
65.46779018254215
104.32130298697398
239.51172667183727
106.63334186791072
74.12960106930367
55.41920933270003
100.18927730434461
155.6673726226298
221.53770469024138
393.0637808108577
512.4081213016382
567.2193769143755
525.853058387202
504.4725130443664
484.00384254581877
458.91294749125035
461.7899407348996
377.29561067385356
287.32154310352473
249.57937522321663
290.74927676723826
283.10976127785636
353.57798848432776
369.16432819660696
232.63952609705083
196.7521338447829
213.14485572585744
206.01676377894896
217.757349415828
147.75314676894905
118.67284506431415
59.42177550870936
43.23185158580086
63.26437895380896
17.96095541792811
108.84107248102933
161.29217351595207
132.93299568573016
56.313334770777736
20.507395134536683
91.39282054823505
138.90448963790595
147.60301753191652
165.479161205609
213.5047791838011
124.01895452996231
107.896694760506
100.16725353098666
100.08089766601424
93.32743930693717
81.12211841113931
71.54056499899939
51.345017547542376
66.55688740562337
80.91347663985862
35.98537986868522
64.78195531614408
98.02542404700655
96.17495777023495
69.42997291854454
50.352093648083496
41.787759754671455
42.41048583984375
29.72294966534406
23.669104024918873
24.95669646672202
30.85261235851715
25.716394810280054
18.813197611092825
40.22770274794622
45.86962902888413
28.040734626168977
21.30422746469144
21.114661974787587
22.72637488179298
20.312221704051616
18.950424194335938
28.09064256046412
71.59192542609284
108.62511727534852
120.13875513377282
122.06600451482011
123.75602722374508
111.79260201697677
85.23217584447312
45.17026355700595
25.088713603244344
36.43090908528743
40.585400963798236
25.466293275937186
20.000376180324565
41.95930153652705
42.94434459973559
70.65253859365885
98.12358715232116
74.46186851575212
64.89972994122782
53.952103849741675
33.309468241821435
42.900526897731915
40.436247865670815
36.948460600930254
38.01573471013653
77.8678718756297
82.01907904370883
111.57775181236904
151.03119786971007
163.73393980617212
107.84023528968687
77.78707977202143
68.57769235628602
61.92668572983666
64.31385010151345
73.4195752949333
88.83703320061655
113.6930592094902
147.34091339739535
192.76081941483704
217.90382929130448
188.57040847686622
140.109375013092
107.1183966260165
103.68477944942806
102.45983756313414
102.48953296699412
107.62347052069272
114.06201062578766
112.24413455778718
106.72076943716596
109.79349892869159
101.06143000166517
79.97561746870274
51.22768433474128
36.79482552808499
36.41861884746413
51.94355690308676
89.54637711825926
151.11230109854776
194.88601311347946
154.54684015704288
103.01679566514417
34.60993802398902
17.499217981505478
34.13649422959139
58.52522956289217
68.96827869126575
55.64742152136705
43.64052911332551
68.26592434164247
124.57192487434766
135.52723706335843
172.34755381631473
122.4451257640774
64.77540928941362
14.44585215394236
27.313400663738594
37.640016881814425
32.485776129522584
28.962838710811592
29.651459849123956
50.64752963798113
42.93309340300914
31.74278869628906
31.81281867390785
35.74882978433216
38.79470369056237
32.7746799203547
33.112099506821735
59.31421439804681
71.25664870251526
63.717862340686494
56.22433158719334
48.60727373335855
42.897408609076
37.389011735452435
32.59543797401168
30.641439819335936
32.22710798818607
34.76541395389904
37.517445504752416
49.680237907266886
129.15783863602556
227.0260882123372
235.7262272663233
217.1019518717916
165.59577444891562
129.23654908109847
146.73170709586998
155.5273094904128
98.46993583528665
56.177707615856185
35.521478765891786
53.52182061978647
42.73817678128334
48.75327971070815
62.858331754960474
63.657872371680675
76.40128267267792
48.6731571923847
60.13263603182459
81.49333834022238
114.39968217246751
137.14419917697379
158.15177023302437
144.24674813235197
176.13814271982633
160.96417607679967
159.01359114690777
54.632844369031226
77.80445621802001
68.15433661213437
110.9022818255315
93.64205749597568
95.23279731959931
72.04295849709752
52.14191550022447
40.12501716552517
60.003970423478584
60.15522397133363
64.50559830563786
40.13496539263615
34.13726626435844
58.984126045845095
70.80599726571297
65.08910584221314
58.457891467928405
49.13556108899688
87.15390514846209
91.9239114150505
131.8346777377454
183.74833256344837
80.22467286235857
73.69590292020723
94.8443720944498
58.72449822041845
19.796048192794547
35.348069996482266
59.53477637767664
63.626802824080826
88.84518725004855
97.62100574292363
63.5611761356533
77.58719665854446
160.0254932598969
232.83759630829672
312.8626574558057
348.33900526707345
301.66612383728517
232.69189526718583
95.31374883450539
58.25244214060658
34.492208298516196
31.517236328125
32.74242071572153
58.01444669499665
36.75647063579449
46.0937747687658
55.212160582450544
66.85442218590399
93.76198671367356
100.63962100400317
109.67391749076182
99.44219223657387
83.99769566974456
85.87333011774194
260.46056989998885
364.18645643705986
437.76042513775656
498.70138253862586
566.3447912018339
544.4574680425469
509.0211987322215
396.2382849867284
382.6876940843301
418.97395681950513
411.74485774839104
386.0256012705212
411.7870868766935
451.35970025882216
532.6399788714856
567.3300929697258
589.7048236492614
551.6752338291437
535.9100415493971
542.7111608571747
531.388108859894
526.2304722464166
531.0187820102623
522.7594499052364
494.9377925252611
449.40624766627826
303.8018792657998
209.43478951097896
119.8428120167403
126.10170500674985
201.32407523425772
223.53932924395198
215.41302064049916
156.15420495522443
219.60577337404933
195.605306418595
237.66239312244852
180.66562114840448
128.08836622624193
86.99207430311637
80.83207541188112
116.47531115083802
207.4753443423217
300.63647457649785
379.3550577867452
360.0697595876648
304.7894759577086
246.6055883141756
368.97071059785293
389.7336623444094
388.11589219293637
411.26193344973007
504.13930718050767
552.6480815476928
642.680515978341
621.7000735213519
579.528912765537
697.058281774079
608.0168388212347
570.6812052049977
445.93698053144556
352.21182593978864
311.68733600733174
334.1479796858098
356.15825543692483
379.52516242964066
437.9752992020799
548.5539403143296
670.2309230501114
738.7602912539071
735.3567621705912
665.0955744675244
563.166058947712
514.357383947834
423.0122526552747
399.7738474353523
281.81595565809295
271.72560896657376
271.4885138088998
407.2883971452171
474.31680939757644
418.61229879969477
322.994732816909
332.17715385570364
381.2033072368516
279.23664603549514
183.7186445987195
184.8623786486518
44.51611790576121
129.94422977351041
88.3895036834796
158.426893322426
160.71567832931686
72.1837567628033
27.908459336088253
32.17888674062898
11.317133991831497
22.68149762922957
38.06065783822169
55.04258830782934
25.849058719881395
17.725189208984375
59.995717770453254
64.66348264845479
37.83111473976705
149.55749515249855
134.57775742235535
183.13947281552737
242.06587932166553
280.59600807437744
367.34164870454526
454.0965540312266
462.33633963792937
441.73237094651614
392.3301740741018
131.5767161947418
83.17601865255855
73.11097564463088
23.795097248329558
124.59251470310832
146.67565480499843
107.3080846819491
32.708870643479486
79.5148229807628
83.84138158526089
96.74512260631013
145.91716865124826
135.45265506588734
161.27015885474412
212.64522430778075
251.8223968862215
317.5537835633007
446.7376331379205
588.5413741282362
521.0136833836548
469.4458470470398
354.7432641483645
505.1357259274879
421.6525536410486
349.67360001410805
300.9341751280032
239.59843651553473
194.9137687989863
154.79266247913202
123.69164935270365
106.6360555733033
120.82480961067677
169.3176734956668
153.3972952860312
170.97915033799592
168.2166568488044
156.01138555702815
74.49969585901042
34.932485291255055
23.576979447128032
74.54068922757543
85.54796992600821
41.121882419026576
30.126056594313447
99.29188808252954
50.51876492814138
33.42388453993819
26.538208807194177
40.56261540254518
53.4606521575772
62.812951911084426
53.203048484892236
45.8172511786796
53.34679738619926
60.86741071007782
57.17825668597955
59.9203232578335
59.9938012556337
48.29481462796897
23.147265758271395
15.06117107897976
12.446370720136041
58.480247637085725
50.44800096130791
17.10551247069269
15.489009614008808
16.37932119893095
12.053390645745452
13.976974178921301
16.102842149493654
13.495986097039827
31.849769079671525
28.248028879060918
26.426161617705702
30.14387449496123
37.92581338652481
39.897236163412934
28.653240841002322
20.44436205437688
17.920307890783256
23.798216099450833
31.809311010823173
38.73975514456019
43.54002889003467
39.29206219066644
28.889917068449744
18.472780776440608
17.475553880953946
17.157927621776736
16.488371953478406
22.54923131185813
30.743810573110068
33.92853784903698
28.533316593914332
18.660803542052065
16.70580112196081
13.006031799316407
12.379920374236303
14.315185546875
14.469789833671166
16.47384438838757
14.797487398051516
20.434745294352375
23.80294741204856
36.37136961986166
36.498464033016816
24.823377660949337
20.7987548828125
19.576931762695313
16.71593322753906
15.903518078457136
20.304159545898436
24.365838623046876
28.092290206460927
31.1046021507997
34.170458854426286
43.636269680392914
49.86039806883373
25.739743255172378
18.776916568412172
14.700779963985406
12.757283837895631
18.958990474845812
17.475203317768727
8.091721850856732
11.202389526367188
18.60120371661003
36.186956725201085
33.34646390940876
32.34984283447265
42.933647793545745
16.491273109269535
24.210627058541082
30.012459204085985
18.587078495672166
15.885008341969296
15.23446996862491
8.11250031500722
20.60645054088527
49.24248127165006
35.56950108850344
47.9917229408984
40.50609824784956
28.01521311018348
16.87522476186492
13.273364735497164
12.939032588060797
10.872764762728043
8.790097559534928
8.776116565096306
9.990691785572698
10.323505666912268
9.739319784276336
8.69593398111208
9.827244709526985
12.593871371061391
15.896297000025157
17.179180352312294
16.42477133947134
15.798072241646418
19.566140061349916
29.390996812727554
55.059753040844555
113.99321692703936
128.90411313646547
103.68453513472272
53.81523900023957
36.07008101409607
35.22619452530118
30.275818533005143
22.84157164845549
16.66812350876278
20.034487955535997
31.457632596101416
59.232709317362605
81.4294369441362
123.12545500568892
167.33417489784225
152.2725668320937
116.58720885149599
68.215398681182
11.133255004882812
20.618961710153883
36.63528698280627
42.57598416055225
22.477108582513278
15.245681762695312
13.0296751976824
13.483211539905005
37.369467395276345
21.770050571644788
39.8575992354175
48.86371908163467
16.192736563824745
76.37353377355323
45.07590807286406
118.62203612653403
140.32164405133025
148.7985804538983
108.22192864655855
65.99526774817159
34.48092768376248
59.53298572041312
124.2346804332254
159.85018767649316
166.588870913937
153.83710111392875
100.18234136520638
50.475591898109634
43.947123942527924
69.59002576000273
57.97099691787207
73.34411538509167
123.4121968337844
133.9838690478403
140.4253221492776
138.99911399214025
158.04094696397655
137.58461102541915
104.51758666414075
59.05058090597993
50.59486450568934
96.47588284232998
60.8261890506544
87.68696731332084
98.18627649713221
75.31244467753235
85.71490796935241
65.96405540561364
31.54818896610891
47.20548759739454
122.69041543056883
215.6342853385044
188.65646936367557
66.50686843737522
58.40985014826738
60.68922786339253
64.76691562968816
169.7918740196309
204.65950474812863
194.39405670548558
213.91863441476102
171.9665714552637
148.86162848473742
203.92093749724577
265.9196739545691
239.74026901301426
302.39857117248687
128.51925610996287
96.78572285065539
145.3878201341955
114.83848299045772
93.03545813963524
99.90574175245142
132.75893273659057
98.32013389666636
81.57171889499696
107.62496886550771
134.58442394927428
124.48127976407363
157.34762629388985
132.23312287768675
132.33338728731457
124.18261498634743
121.4089466540795
88.97437667486679
70.72970979632824
37.15865992254244
41.51813716844349
71.21830331295709
91.10373801326519
114.57060671283894
126.03669894759773
121.0990487574541
97.74489817690456
68.71499039024589
59.65301330176044
61.993876778953656
102.27815835122479
139.13502379799132
136.1479714602254
108.0482056916295
93.73550309764235
57.92271279723159
69.94916119184465
93.02836885412596
20.380578891697656
64.88255002393346
84.5559129470937
45.476360396225616
35.77656239627722
27.54814662812596
65.88085818198837
109.52670218757225
121.83756487069927
110.49770081683255
78.42289957969619
91.54581678973496
38.51937153027329
63.71876264880357
18.96561552383148
47.2306395915439
78.47031503805552
20.231721889563367
142.51738956471087
215.52349542515694
304.21138870040994
364.914540032382
400.4861397602629
441.1037705716243
297.65351130702163
254.14638353912125
187.3465112452994
46.2816566881555
34.36649780273437
75.67708479340631
106.77902953140986
53.95134185511233
70.48341886970749
196.64372974219705
174.39884763222463
93.5963016504691
98.24909185888123
43.33593743124347
33.674560546875
114.23459003350953
81.7940451194108
59.59325804859448
84.168438452272
139.62234181906007
91.87026521909397
49.09118434601819
50.784610847272596
43.47043426210155
47.988051249705336
37.486476099595436
45.50561955241521
43.20800623374544
49.57863289453344
94.06498462733825
83.71802840939831
67.716162109375
58.481422587024646
46.02008216588804
89.73413929160172
45.0431220021574
43.60004923649128
44.72006478367196
134.4673082870999
123.08178329927463
167.37685492310692
180.24867020509836
171.87126679722718
124.98314966589706
86.71196075292058
123.5576926389629
52.550262658358314
142.60015001826213
181.9652515789898
144.74744124535255
180.88786165995762
235.3195689613038
398.7577666333241
417.54391926204016
356.16273697597535
257.5219682013103
213.27749893247474
255.68770737547783
221.03050108413632
192.95251489918707
132.19238233633843
53.0093493822324
41.78843087771838
40.515435791015626
174.60854909048612
228.88210980833531
246.23672150780766
197.10910783627986
165.78255071145222
89.84743989841188
45.44467761708906
86.85848740649416
70.85916880469395
53.39465034695377
162.8380210122573
251.35482130640872
329.6878660655615
402.04126030721307
357.68119364983943
354.6019975836334
198.43634191602095
150.78135767896373
29.67515610313303
92.74440689034672
187.6386929967069
255.34729007663918
243.64819115444556
215.83348640429716
259.763736112403
138.93044564078505
158.09634484894613
65.06858898718428
82.94079288345765
50.49512651028126
33.77141078245895
71.65375570529918
72.78213020576432
73.09460298539834
97.11610490248839
122.90966969672718
130.49198255771137
160.92250475030608
120.1475131952647
107.41121987692445
83.39014274421258
78.61884882574832
104.70754598937023
132.5920212784175
150.13654392098658
169.56718387396944
217.66565661780987
234.38109667007228
206.05795131426416
162.12189657888734
121.71643805033511
73.31713293124986
36.76992308744293
23.89866500314215
20.229843797919557
24.97532920919407
34.97860550840828
23.13315971201098
26.541668701171876
23.04583846432688
20.319766775676737
18.167893300205673
20.023062115681945
23.90844006478983
20.154768942563532
16.865440654765063
20.235725400288622
20.285903923304296
18.829571011048596
22.31237858200824
24.369958832624604
23.85373980009839
22.515937215950327
24.769130347701
26.259342955614102
26.551994555048168
24.495820999713118
23.592068929387626
22.71344053090606
21.90322030983945
20.975277709960938
19.94729037227138
19.207081604003907
18.81774146567277
21.30139445722846
19.192200311073872
21.390202037464633
23.067617428272776
25.320642314863825
29.091912975226727
33.48377694047444
34.22932443940717
30.327515751124245
26.130320124565422
29.416464797222126
35.79517517089844
43.4433986437489
30.628504095329856
28.435828804669722
15.002018924774404
11.14842529296875
12.689824441728149
13.842097065910389
21.5631112568165
43.32529953424233
58.79513452157671
60.77131314507894
46.7177432819531
24.996944593968145
11.880554271625737
8.101561015308448
6.817719182395694
5.122645063687196
5.838785507023431
5.882691651866196
6.419188526990775
7.226481953984148
13.82367443643501
27.83060469444547
39.74517136934471
43.71653461630208
39.168837282791614
33.78241088369528
40.12666595911391
54.40678954053478
81.20135832211335
96.88822600214999
92.78116849533271
70.87763321602407
52.72135261913261
54.320644005510076
73.7916135560891
83.52339143076901
78.20228095311859
62.287187446263395
26.753131462306463
13.886326990593819
24.827313414604713
29.251788294467314
20.823278784305863
12.630181658950608
29.813297475548687
30.825120415617356
19.099643787077774
18.907392992665724
36.55178997287999
56.255745893345434
85.14674280058884
171.2366845060398
243.72037745006864
243.97156904096164
187.1724531921529
96.90821003948844
32.736536091967004
16.50389709472656
21.76453815405828
33.48188256648623
40.24230044369847
44.26545996633742
58.589100968486626
67.61530757017412
50.541156688825026
21.403176648151394
19.478752622982007
22.60060741635466
21.843739959735284
22.197626917809067
18.682277362319176
15.752305337191853
17.734292061948725
22.31608215007642
23.243204827952535
20.51021351770771
23.332736828938664
41.07981144231407
71.68746527055976
80.09536924619394
83.89766805368518
82.71171412388978
94.70029113119776
107.87539781660882
114.08372265143778
82.48425786213753
69.87534730891181
31.98515161301094
14.354361474039433
22.38335575871605
31.41189772434068
43.37906914795411
25.142425459471077
29.59338399915323
11.935218533112288
35.672452394127355
21.730643540686675
77.46097572720073
72.85721308280517
30.651757624029322
34.537061983700184
70.67887186374347
67.48426448084165
33.08819196262975
25.30420297139897
22.576517057178943
31.87840015279871
35.63709177059432
46.30906199160245
35.7115421996966
29.60086343746384
27.37726773398331
27.809671036290364
36.788652530574566
25.67820899782962
25.202650768467947
40.524325998182306
73.36375350136316
51.73431195586738
31.766783333965236
40.238109441960844
24.87285232851432
30.738307244786803
28.921817459103615
58.10176065807882
50.25329531518501
41.39238177608072
32.27526733888747
47.87362397481945
57.02782909812786
69.66871475545267
62.8063005629625
77.34314910240236
105.31586603267151
91.89582379214498
105.13404541046819
96.47563088276767
104.72633832389124
72.8546091336456
101.9142336670687
120.57125490971097
169.5249730811983
195.2454850230898
115.33297362844397
65.78466709705052
67.83558654506729
39.102962144790446
64.85479946500791
107.30565830253931
79.19002008628968
96.72136711203848
90.6147316915581
84.43477422180949
38.05573495032068
27.063686333641318
47.09981450011223
56.826534933909535
100.35015714510973
165.17222546610986
146.6399573542658
162.8237028286109
128.73680452150796
115.26088791740248
94.20071712765757
91.2464887606587
96.69976158496365
119.74401790496555
150.6951696038489
169.50944942329593
197.48829506497918
216.29648866144007
203.63256910544746
192.03748611619443
187.20382398907464
203.08655597548528
230.16580517761705
239.3666180675803
232.30731388553667
218.92420930552822
218.11219074185914
218.41947658025566
166.66647043753073
123.7405653386486
61.440302580883824
48.67336000016253
51.63715130736891
64.2461953113564
101.21121467063907
82.5608949028267
76.22600238366965
83.20950227204878
139.6181423100099
67.54605703023319
56.238320335767796
72.6722732031615
63.55414933556801
85.66160105508361
72.20382589392334
88.28107263119962
135.0955095945047
128.36453963449603
84.74366412685649
71.95036000163637
159.97128796314183
239.17403972198136
288.6015429458277
375.81313528333976
383.3897108656589
345.9050613502357
316.9110577654146
313.15603878538866
347.50795517510005
294.72896390979315
265.4177366704387
315.6981767350886
470.54682068689743
474.1568299536806
410.93893839050145
391.8155369807373
364.5394676559975
340.7571372809956
289.98649857728435
165.2376414010058
162.3859565527517
142.73875726192938
115.64732986790273
70.25034265314521
14.624982886442513
61.6938920932947
31.15136375326258
37.051107309184204
42.200948112841886
122.19768258134681
86.02717665606943
85.26248941082831
67.02379712903075
116.4830098936397
185.5179701079432
191.64074278957796
184.52208138850764
217.07092313761237
280.33391281080424
226.38403538869653
400.20768117729904
392.08007449650586
358.27450172165425
348.8832502455152
302.56739525520226
298.3133113131556
336.96128536626804
264.7131799331657
206.03008558765472
211.20449170046336
190.93151085576318
200.692035742835
170.23453794222422
265.86048654582845
240.1021647185449
213.06977195886594
198.8090918273794
165.2920250573349
114.96638916145362
218.06750598889917
187.18629757599547
248.3277961524027
356.42958234537775
434.6232255719282
499.4758305571897
553.8776666673108
493.61409668009856
524.7159360513692
471.1559574693798
371.502185872908
306.1371113673789
261.96726843178624
204.34431634439824
176.0292048312314
84.03850786269206
39.15011220359338
46.838221411824904
39.56948547974489
82.49525311950666
98.55519257560294
82.29888706280897
101.3553096101067
66.00812769081904
88.10046633628706
109.35752009669628
105.50390882558563
115.69172077039056
114.24190432750667
115.5258471630851
86.03841507741144
40.54140192763551
41.38469999052704
96.09090943225931
121.12925581482841
130.82847282602748
123.67268706651085
103.43601909195152
61.01825870436669
26.688077309118853
21.299341069998103
22.453863525390624
24.588548278808595
25.090867614746095
26.386811458653586
30.15271230822982
38.72129739375127
41.296854707297236
57.08269660725218
114.8476986992097
198.41907693826033
276.2137233729041
320.10530137100847
319.3323366573703
317.08428547400274
293.85108672186004
195.87226508017542
160.46688603568828
69.47816474916537
52.706193647717235
57.59424758375567
85.0805374354698
103.68488575516874
150.66732723462474
190.77517772563232
139.14151294287973
73.32280106161662
52.485977078397056
55.00966602410654
36.6826647285838
28.81993549813178
19.02664023619434
22.42288818359375
30.377926635742188
25.680716864136524
28.022173221333368
27.54412229241194
22.873579603767418
24.031420510264354
33.0659312071838
33.68051961955744
25.921777276261764
36.68783062026764
51.30824043623687
36.98053725563618
24.225851892464426
34.10545908128624
52.280812411783494
57.139816731677456
55.12315776351532
52.755532736149384
33.18066115211013
42.92066342951566
63.36208223616236
76.87437550255268
84.44095060106383
89.57882959552235
101.55372797690947
114.75132403589707
97.56041945928621
55.959589469429964
43.105107908309584
34.084175088926806
36.18844604910845
22.030846042281304
29.503804054505416
39.45948853894497
57.66616824017169
66.59649200680583
90.20985068737318
108.35483523810993
111.19728863323742
96.61201074386773
108.29680216828817
140.5824795434931
155.3351463114829
138.49298433757124
120.89744988241996
136.90751585812322
183.3559983275618
164.39288725098012
136.81959402208895
90.80962191296585
95.91197269080199
94.35990353220413
91.92059358151809
118.45776415146312
47.936704289460934
61.02562311958909
50.66787710954841
24.290447998046876
11.851654523035359
22.015358637822963
41.50335655795641
65.04601375331599
59.24847914141392
57.04075390027883
38.358765699208426
29.056929705140874
25.797660296654158
33.775899039275224
40.743528933611785
30.74198868939816
14.886027748970127
13.575464272264389
14.875433945315127
31.881101196644615
45.805432812877896
52.63751278709874
52.388113268952225
46.5410568718958
25.15159996537127
17.44298078262991
33.11643393052009
44.06895346094429
37.657139346350235
28.422115417682924
15.88924560546875
20.59101208386728
37.638546990447594
47.24136010889258
50.87161760364378
48.833054997970336
32.509020280534244
26.467119984837517
36.46507932055565
46.1857436338958
36.00471970447834
19.693497525969484
27.72680170783815
29.355006873385946
20.23813014426296
19.80331056834881
42.96268970941537
114.91375412397747
130.3629219195699
95.98818345169241
22.540916091973486
27.133961712409654
35.8554020699622
34.09108793243363
31.143969273596348
36.39564997548719
45.07559170397799
54.46281733673432
54.63080647916011
36.526971316541676
17.166726887788947
63.24977130648531
69.01315034566967
52.47709111874245
35.20866723540911
31.411476262984614
30.376773264549136
28.885472221852456
35.69606018066406
41.8087277252245
41.128558507137996
69.7411843314698
118.54934730737304
136.79375873364523
128.8354428030938
125.58548356301094
91.55655987164292
27.254115214357533
27.855454789190482
39.404913139527935
30.053304746966887
43.46778997394358
62.10894953929376
31.266909423357674
25.166718520383164
53.9061581287875
107.39002888911462
138.62351098612743
137.666018649597
126.90504130652498
179.69628820478047
159.3096534525937
102.24435511411143
48.64871377820718
34.72677185872749
32.958135986328124
74.30080119779004
54.70557046917215
57.69869838515979
81.89126964928309
91.45266836890366
89.71706957745032
83.67664947496928
86.89610779186577
34.25477658904028
42.51946578131792
24.992345455719807
19.417163019142528
19.019782613501775
30.45129905181484
58.38726089121046
43.087422251524416
46.98569156305075
30.692332559200167
28.31805850004439
29.473581251601125
25.208068538540466
70.49017487162237
120.12467658973478
199.36234464694317
189.86862386627794
253.62807866701678
288.6219146096713
265.008322105922
197.38009554278196
216.72353061757272
205.46631934461803
185.89967816636346
190.74438523444005
195.57736163960217
180.34675421674675
159.10017059117922
171.71938062842924
110.10389288996325
25.836515793345278
39.77436447261025
133.96236447985893
209.92270180644255
294.23692175548905
386.6584788350609
465.95388469032
454.65026008743297
395.58507335707
373.37566643753826
333.4105385472409
298.15019623897604
282.0881097347059
288.2190123033267
312.0509993589935
343.13937795432923
366.662852270669
365.95797631562226
357.3284067872013
320.5990539842575
314.108765555129
295.6097979223829
334.605126243979
420.0590299198575
513.128344851765
600.647953139953
628.7998907171695
559.0425912325989
441.6360446664635
382.9916950513566
374.0241879589206
359.6266606538099
320.5829072021476
298.6467809118564
238.8766184138869
201.41791168151707
242.76084915642622
347.369445588521
330.0491737870114
286.3304647501808
314.41929997517525
317.5284433400912
323.06907561040515
298.198143675724
235.8344152556737
228.40064349948844
251.66106212254854
250.1460765565178
251.9118331147012
243.1921742467057
22.181203604408665
23.93149420833588
122.3625250499625
221.48429118804248
235.73906346692493
202.069317182053
328.7621129759494
472.1014013232605
587.7785282719819
675.765460551683
632.3363698557398
543.2537038371516
487.4882158119086
351.8263651936346
441.68873353543324
619.3233571320721
606.1982033883222
655.4875556620659
519.0997359623678
356.50931173606205
122.24638789964243
169.1470518578446
218.9660129104887
255.76448658891968
200.12969456918194
302.40985802547976
327.65739496069165
332.80282530022725
165.88015366885193
64.695403798829
206.3657998369362
304.0989901236918
317.693117955366
350.64952193208137
378.0004922149309
317.7280887533789
303.22990601537606
301.0906758063553
297.1536932566909
199.85826968279616
229.48769966808126
207.79969434201976
206.59884614734946
218.7572802524558
172.80124242222928
168.39337335572253
176.13505790606268
134.38109042056152
517.0593682702067
374.4858799461193
203.4987137521698
78.12127812358376
89.01249648922617
114.3820674141025
196.6850319590144
79.12948018697288
105.51440496430696
72.65837225354434
132.2343202474338
300.6823507467581
299.7393490189823
256.1924016907428
96.8835484420778
84.06268340357242
91.8304504774782
103.2349365234375
93.48031005859374
104.1616270129718
79.32596381404774
75.32120166444425
129.25103639422667
77.65066271761634
97.04862103210908
71.60769769733307
82.21849239514286
94.22818827270002
56.53382930621278
45.78111927583559
100.66092331262021
103.3848891122615
108.24355431803778
157.04763400458424
208.23098044096906
203.18168116438514
250.9115776057168
296.8015995756803
303.61710301265236
264.0026732675709
175.05037221383986
150.66300450578234
227.81488086927874
198.180303051089
221.85874177972437
184.63791747278893
110.43708349456215
61.379112527658705
34.616674151404915
45.00813126144142
138.78398374661023
157.46283691242792
191.4256223016783
192.1440800741224
194.55126661121875
237.50530736715785
178.8449908707541
121.59832004284836
72.44731881850403
50.85294062088087
49.77475456397424
47.11749554383245
49.42730195673821
61.80314125547686
20.426652164069946
