0
19.18839302908598
21.7645068422024
30.293045889677433
70.37534367591797
70.57313213389747
26.62713334782194
34.020863533650086
49.37800711082277
27.931583597644998
22.37183082950662
56.825713527273045
68.65296185238154
71.26617690191874
65.66263192267506
41.379635726376684
28.771455163040844
32.46453445624447
42.22080330492243
54.07572107971528
62.21647490869482
62.905302120885516
69.56043476892191
106.93516736189042
136.84717888007197
123.1964517436227
84.25141541516646
30.934133027594477
17.471659644626435
17.167754152634096
20.089885148800384
17.008206226427216
19.005833281730723
29.437257570097948
42.083775443502915
69.08872383812604
77.59178483823366
31.4969643958716
43.64904610247688
58.96056712674308
39.68836091223322
48.52911907102066
120.74486099967207
120.10877264506571
63.665977125764265
22.48663970758207
19.193408273512794
21.60267764054324
25.49822071532485
38.81584410651417
50.218445735731166
46.2006845015776
63.298485454635696
84.42882987344915
60.5571988022421
87.2558562310077
90.00898168854299
66.09160704140713
35.698605628655216
20.506356449738767
41.417835071473505
85.89474727210795
23.722503540484514
62.78412512245823
25.66038183633077
20.141636829609205
32.67067881971925
10.408605289588456
76.54452894542877
90.61015314440401
88.90087293607189
106.89152158567825
74.46602136654965
55.45489287442665
50.98926325066766
65.06032844675073
77.31496881990938
77.86265021719403
63.36806015235395
21.926117769871347
19.30240690267334
28.691844719591415
51.588938905944225
55.1799057786798
22.6834253198982
25.440593409121096
82.78451791160845
109.57584740206815
105.50058964823492
76.42653515397501
36.29199782785546
10.298226090536298
17.271024848780918
10.991354370117188
34.581012648134845
62.753072380022694
64.23195650407456
55.92486082165872
31.11144174425457
15.053528079359467
14.40350004761508
11.250823642175181
10.68607177734375
14.154661236985977
18.44476182803328
26.227297211080078
31.12526396271114
43.41676823841285
51.14767294318642
58.960725287785294
52.46712161212827
34.07588195800781
30.023633686355517
29.959141637682023
190.7522076196451
31.371936428695154
26.858733004568897
9.933116673286396
58.84025079594066
17.08070797388293
33.04798099521035
25.042605012193896
49.063270558898374
18.63875696300538
11.204752989377017
32.84481224060416
87.48682639349207
99.18540409147995
55.69879010784698
81.58555158164897
73.52006007584632
91.21849343467974
101.9204127980011
123.3815201807959
153.47360874635154
219.1490068496561
264.9845201716304
256.29998631518913
208.46751596337987
187.34112654815254
161.02350872123498
87.10250058649095
56.892899095854474
85.32825740096834
90.46248952088688
105.93440175293767
95.08149067498121
58.47983009828592
46.44618632865954
69.50580181124022
127.66071897198768
156.4022871191857
128.23815406848104
71.72631382648652
43.552490748401894
12.649060862490751
20.08739013671875
16.98617294540993
55.62440816468593
86.98988875520777
67.24423522329553
23.728062434800517
59.804729225843744
109.46088307368402
76.65167556802176
144.41164670906414
185.2716586111265
192.78268047246502
167.39084738925925
125.25048662913669
70.02130834661139
50.10596459122489
70.23002052111197
73.44672849479812
124.48183055738991
140.58887041573433
141.74801400449968
76.0680240733188
75.09293425483638
108.17397353909305
124.86810454788647
79.43314733934467
78.43233980298619
65.60395025431262
101.7755107911602
96.28550446757124
60.37883265551263
35.666580698630284
88.76272490529827
130.1767019244147
179.32177107536708
192.33429259607365
204.18222133779392
172.95018430400563
232.3316377171982
213.0511764897429
186.2468409785086
145.62634408210744
148.0365063876091
162.2216301060419
187.37788303900294
181.9501395629557
198.99449564115065
220.82355484837726
232.88683210290682
220.43651525009653
181.43964387031434
177.77992339248695
191.19538396338604
186.15001114779534
163.26145885068067
133.54458302272172
137.79954858843308
147.93732630045605
160.52674045603914
150.59210894730805
132.65868013173585
80.77786516713218
60.87109116233846
53.61280661087385
22.3108154296875
59.00191223548454
82.65612381351357
155.00528966258145
207.81559574240654
161.577535464611
55.73315205205559
55.046767108900916
55.18839962342122
104.8105632953326
89.85061901079602
19.721732277747243
35.36131967374522
24.986063725775853
45.31246871171693
114.60751230579817
145.46598019003528
170.76158556415902
209.96799373604458
218.59409218989677
211.58493487958745
340.12309973265735
479.13491061749
595.7895947231889
556.9596049214139
601.2304090510258
607.7462713446287
515.6979288076045
427.4103151946597
350.48300922751696
375.05274098547716
448.38194858450726
477.3583100339314
463.7161664989227
482.1376752637537
432.4461350542474
448.91869606936297
399.5665173430313
440.6918154513576
474.39240654524326
518.4065285485469
491.31774687118707
465.6771257702979
444.7678497908661
318.60344580420895
230.18738310996113
27.750138368342732
94.4912338151732
185.18862400257527
263.2202314419113
275.78661977319825
233.78810309094223
248.80467958132334
241.06791363960474
246.58966718914394
232.1974347525535
234.18055344072258
238.04822738554427
214.9278965960329
223.78001676143353
253.30754833103765
174.75996435070812
200.91381268944306
172.33983307667785
152.61086924808765
131.55136777644526
132.78569066872586
123.7310286329011
102.46797728127494
227.73993507387326
189.93404254968823
94.37481042236126
264.79869095758903
204.7363043933213
284.0251019121844
261.0488645750987
315.5709040562841
308.952798182795
276.5237878692787
316.5394016001839
291.8031893684553
309.76267963906565
295.7330550026926
234.237418521789
71.54630442766442
45.074867704701504
105.85471369769103
271.19049009584194
355.9851485965946
345.33268255222464
264.5890985711194
319.81749043572165
371.6535587616945
278.3104538283322
226.2012720912193
175.59143612838733
155.8372420715496
177.62876712261223
248.21395932271943
128.59608322909722
93.12427852801329
46.67546502752166
27.18670878856931
36.8834125851532
50.2193547362569
113.7131996663514
113.12040445325518
61.90350042318337
59.13094432989838
121.4777691737032
123.35324799614246
113.4470615483001
118.72648763803286
137.09886024563374
162.68606861800646
230.00090989497008
208.74257764158097
132.06890264460498
130.39166711293439
125.21612383181528
65.91805414322543
32.83575191425673
60.165157900593684
82.3783574459031
19.55508974655918
24.28800802665329
31.33736065539806
14.609375
19.154148781090964
20.87247284569339
27.024211065990254
33.72570618247691
50.802190199936106
99.79755082141651
119.38758352308832
109.77869323059181
76.02507725867065
36.194812429591686
14.960928344726563
21.83278568350944
37.48532738268837
38.37083182448392
33.383719493914256
24.151601872375828
22.632771950186942
22.351344304320264
24.076287841796876
32.02210582901821
38.07572573610737
37.81984280501401
34.67705170686922
34.52778670865622
35.19479546108114
35.03819423746866
48.46117561371862
80.71283190660202
106.87137536378229
120.72155882892532
112.37771509745974
88.35088176967774
52.47215690869448
38.81232661422077
41.63090744116698
41.18802684103055
33.62893519612267
42.052055043373706
65.08279450434756
78.34971362984534
81.8071178618205
82.63162758061603
88.69617407827047
94.33956359129706
106.25162445286375
120.44086010102565
125.68628330032234
128.80962536130846
98.77971230892881
79.66690953998477
51.97626741980125
50.016715431470764
55.29378691001098
50.14828572118578
37.16916808991923
31.929045422502053
51.70934582686946
75.75314063155759
85.73222948386054
51.79620984734006
30.718994140625
42.614513552946015
43.10997558621811
32.94911994822657
31.968499755859376
36.66210841141227
41.70546975863995
32.59697570800781
58.28681898245027
75.5508697697475
93.73127968817938
119.89900709787051
139.1134150740477
95.14223114175186
30.861615157521875
79.74204792931187
158.53652318908863
154.5085616120733
111.54016590635152
97.71297072766875
123.90629277160235
161.43370375218973
186.17341398391508
206.8023373684463
243.0656922371244
275.48634862024164
283.7271329315597
260.0816571382289
238.37626606030636
216.25164483994803
216.18810628330138
227.47025134169226
248.71636988740138
261.0555550928083
276.8326856053849
293.7336820871553
302.64916587127743
175.1042153508377
34.58487473047448
60.65486566398249
109.29866178556111
145.9690848257096
147.5014175834567
132.6377207169426
106.54743005969826
78.83970510730418
119.82043817356573
146.3241493254008
150.70905271957287
127.23304415340581
99.3028522356672
82.70007025634345
76.52737195860568
73.14770007000133
75.35447442258096
84.70527842129277
89.91425151536444
96.10734646689457
102.86217219515012
96.43965134437049
69.70042247694273
54.836735487961576
73.33846318533188
117.900995062334
152.329772881175
163.10063127661215
158.01237171666938
149.57215099523617
139.62163968479692
129.69586400016
111.34148039755569
93.13890356896438
84.27098643551112
79.23532552964176
79.95810267185557
93.40960892582015
120.1517837291896
140.69321756683112
139.9362553736519
128.83067504271068
122.8317562942464
123.7663719247261
124.08122917280937
104.66987302137247
51.177200733405485
14.375027089742048
25.609389908727962
63.432858736574374
89.79431563640912
94.40320025007092
74.80534291281909
31.744997185907984
28.051795635812006
38.34524715400819
29.180786323356152
42.45911915418061
78.9220821727278
131.5566426543995
149.5667406195484
105.98744405770503
64.23629612166815
26.83467103076871
30.65725727392951
15.654865779804277
52.50120117332708
87.72980189855869
64.93239237430552
24.042654511899855
109.57749637516736
197.38140131446772
261.6078536980591
247.36224322297676
186.5911914936136
152.8862346900503
139.93865632959174
186.17691198601315
224.72291646304
219.14071417270802
164.54826658493067
110.96019261242127
120.1429628487318
173.5142454161392
218.47018130595325
266.5361725204448
286.72965862202926
297.19371479845904
252.10043728346608
216.82049351653214
218.4357802088261
177.41202760252514
114.45211196822224
65.30172954981158
111.80918950615464
116.90249377966593
69.42924971436886
45.89186326769941
59.330896458722236
33.45010431112678
32.02423043153367
14.749462890625
43.90001470490861
37.16280920582867
47.23612729142369
47.9743932115487
59.1621440505427
77.65396600464246
77.74466517819728
92.04437090562017
108.9246200039828
104.89090932111796
81.24768064731003
111.32649763813046
197.04750652647664
158.98826896986944
131.28149154650993
122.66444354922915
155.11552528412102
144.52933058499397
127.59476214558295
109.14284959778502
32.2645442930715
120.1912978260054
183.93150474825921
113.13826644579494
136.3979424393765
163.36725068338075
70.06587299804323
94.91443794717024
129.4323865817431
83.9544708409101
60.76180179879748
67.18324957045152
78.20976505016829
149.08031305477624
65.7986328397064
34.84186079719971
15.836134195635804
27.739312682423407
68.82840466311605
52.25446736080285
107.67574087267008
80.84302953964375
141.95403154613092
153.967797600621
140.42903920162854
127.7204898983122
130.09514216460198
42.35886263962057
37.76066991760199
135.02796086896223
192.27522818978014
198.54337700808873
233.75317620324137
177.45903260691756
131.90904004675448
126.13670827750802
79.65362962703496
27.965444064273242
78.2430271826424
62.345700754309384
49.085869792744006
48.36230342994095
26.3454159703419
76.00507107252751
99.67607981085948
233.00709069766316
385.653228836138
476.1430179958112
567.1814450198253
534.3665513847411
395.9639654786114
385.8816775178026
458.4027629507571
498.7053992991879
563.036961696617
602.7101670168012
646.9078832586583
576.0631957525784
646.2987467858242
624.4188938417785
628.1510381727378
667.7102605304626
668.9248378121796
674.297825109465
652.2753342540611
572.8555663742852
539.5656843716729
388.41609689173384
295.79051758336993
254.95214079079605
168.98138800483147
132.33263754117607
92.13147501151279
61.03835264072704
16.829002188939832
25.005635127718687
55.9596490199772
20.241735124289242
17.108968208579746
61.491594373336625
71.4708736676037
101.88209325655384
110.87339035463137
125.6306259314756
59.99074428254416
56.22399537020355
146.48185316640266
170.92683510515707
157.19284046106904
79.77371448470709
58.948922339581124
173.16421943372242
268.6374502612468
341.3930519462398
322.4246716007509
278.5728975364488
210.70330926932925
227.63599456564663
180.02182288983786
122.72122530946012
64.64552689139768
112.37575933458302
194.91443498042614
232.2186890143277
257.28238679893946
287.9039096158027
258.6231747238065
213.93445971112118
183.85388959523516
153.19820998645045
162.128680968052
42.63668954766854
39.57435156921156
161.57018035658615
224.55868067760912
262.02410417312103
246.48356903810782
228.95671388201671
186.58683957394464
185.74835507863386
121.54135574402918
36.162858435255956
25.853751441590884
39.07860938471761
30.942019083743208
16.2468084007342
43.75680442776354
27.329612288113275
35.18670693049544
74.27084830919839
25.906455902983726
22.753438138177536
37.16066595342973
48.62380386343
47.72175022019776
35.397410362451694
24.183826151289146
25.093253664620942
12.630125315562555
51.580026774561496
73.98989265176718
79.18889569326912
70.82449577206708
54.06375875878798
40.13312962151646
40.282640126556636
52.72814613600525
16.204320149783676
20.100182503859834
18.318686818094555
15.652899169921875
16.789018103236366
20.21388727388752
24.988767792810666
31.77994863803651
31.25189666748047
33.294254944526415
40.26350601254721
78.99067540096671
109.44702209762613
86.75029982501833
46.82644164304234
48.53345908171799
36.60103759765625
61.04965463748222
65.03750530691613
19.95750809634552
67.21449762906363
109.37231145836294
127.85216191460586
83.51153279911304
41.75727074323015
25.960821188402825
45.781918786663844
49.55308300330703
32.883827112613574
36.14053225976291
44.11824659176917
43.92427178930982
49.5390466819973
67.26106098324388
95.71496127409971
92.0185470713819
95.46111231570953
98.80781273800815
132.72184216621042
104.83176943727452
66.17656701223264
104.67766067134733
125.08130297791357
75.23222954315688
52.937863093572034
66.22302802633496
78.76551743829779
79.07858748338496
61.59226032759243
80.63055172408251
63.8730759379629
66.9841299722244
68.90618441742235
54.725026413471184
34.728392055698734
29.138220175826472
58.39514855486359
92.41612709413558
113.40755624270585
110.01060007812323
33.26975139468559
67.77806328440855
61.88513071780394
59.93588283718482
48.89341398717853
38.465996655831894
43.46399573246409
54.80776205377218
75.0593701456979
107.71518982500864
173.87862653066787
132.28003516922035
40.669877994095145
46.403279406607794
44.61210709489943
35.33705270628716
56.75119829660862
91.503380667308
109.91549344918062
99.76590271056409
64.04193377758716
65.29584332612221
50.56648881925387
27.146147235331
16.342920712406556
21.137244298345035
19.52336300271229
24.72038070515015
30.213833448061585
29.006354679595596
20.542878732502913
13.354876311188264
16.719166773313372
31.484236506446347
39.73935165401567
18.55020012464947
11.909534152989398
17.804538134175893
11.341799926757812
29.549074927763105
47.49867249294654
27.009065916200644
20.360400258936465
42.871333408961924
24.432164044883404
16.355069475731263
31.446718285881524
19.00307574400076
25.87754999293072
37.81475233349262
14.908697509765625
40.9791229300989
95.37820925443648
132.8674584696957
158.78437636240187
150.4892673119251
124.37198545251631
97.74137726363233
55.808308607999514
41.638244550790375
10.970745980144056
43.022906128892
106.90402903938757
122.92710466818907
98.01771052867134
121.45507446578313
23.083062388651435
21.602453437118356
61.98477791109117
130.44305963355936
152.24446666253715
131.59738319360378
127.66698026099075
104.92955746656807
62.552248334724666
61.336057714671824
91.89574297262762
112.58800869967044
104.66680306641938
35.972600714639704
41.78757043812893
92.90195577560246
77.0235325903744
17.204549700913596
54.019160783215284
83.90593011970984
111.19277795797134
106.1260244053394
92.3402674458011
69.97530069608324
59.26949822482693
45.42993277176843
22.509051513671874
29.846342628091314
28.461703542976647
20.776738503521347
42.1914223994434
47.60697744173892
103.90939997214363
202.9827516983195
259.46576239473484
191.6872382273178
41.690873157680564
177.8921686284553
149.64860323172746
88.87407426931449
60.6456324024608
55.4054916614361
34.012104792030186
23.69243096751479
31.870699715366936
47.65132624736034
53.83103862246171
98.73619529861307
61.875201157607265
126.74401018735189
104.43439362455096
50.01872867104248
35.85183937684978
21.13536901553016
45.450942799453244
17.785576389284508
29.573002511931737
60.9867652055098
96.92157043574662
99.97762258498611
66.46229246694706
75.88692532635505
155.56548298802537
176.15931923859543
312.366680701147
336.8464318211901
326.6390482547624
301.39117925890616
325.25743186312303
290.9996277056267
280.59651883312563
297.4287324874247
323.7807387304627
330.0381003650749
351.7110690414993
365.19037008648576
373.3476705334263
338.87106900350193
294.7525334480232
280.1822486464629
280.06504699859
281.036786563218
313.8323228792318
386.4377410755548
401.6654237018457
417.51423167452896
350.64344836393514
266.14481901402735
174.473810972478
45.90306940559217
33.69131412005495
136.94151514163286
100.12143922265595
62.309031933161535
41.93221926490351
20.19775390625
100.49355752310444
182.0659288196955
281.8899606506053
207.38225529055802
87.30174425185206
18.049087193054902
26.775276678685213
12.685114101542126
12.91082452948533
62.817198318796954
97.61446674855684
61.89835636622629
121.86074802013422
76.36309832846023
48.30039505023651
81.21182466362605
70.36499068490862
56.49323514633765
24.855685319935084
64.1826462960732
52.96064618873693
87.67898812212029
206.86191295533803
309.0624764534417
282.07014158620296
266.62880043866323
291.57892203104285
79.96273175812084
185.4347441548898
150.53416442810462
113.9690124833351
127.60145359004272
118.85244993700826
159.952155647795
280.3746747273846
479.7818430083186
367.7385126918425
341.9038717187921
363.6499491070061
300.6288075432698
259.8597015513671
247.27026678746833
233.69685607624416
71.90800665233628
31.151466868061426
34.26254013509979
63.4611572265625
79.99031081948779
107.62389252773346
93.45691022293303
172.18205723421784
157.36267552025475
110.77710773255694
44.46284814134717
61.066177077258565
100.49452971388362
100.6684265460149
61.75616061327376
21.20547773609046
63.378604983851936
157.71871129454817
232.61312339085143
251.74092485232785
145.43531274794987
215.3085182246667
35.92850428141465
43.33034158661476
78.46074646670513
134.1555258247482
170.1415900822455
41.688346440366786
36.39936294265817
63.46847263772342
163.60767629489564
150.47446612726026
242.68501123420447
356.47431515916213
364.14817950599735
452.28521812970587
494.6618915852463
410.62155278315976
288.01081464054823
329.31369742680374
364.95581154906415
283.1871919562724
283.89381234705615
332.80796598719763
228.4043007326565
102.30773677138136
73.94208728375096
173.1348100928066
43.97468641020841
139.1850193767353
243.89688390833598
388.3236772528091
471.561964041551
490.71600751177965
478.3445873150763
422.70841853253904
302.5540425783814
209.63172316328928
150.71131997726383
124.19600215060555
143.30007338649344
182.89987031383384
219.62950066213656
209.9400181538847
176.12577178611122
102.22343965437867
21.191421407833467
25.894245822406514
67.21486005477622
51.925283608134485
86.6080719136369
72.06471656607314
61.676906824702336
46.947971882042296
32.399487574416185
27.437964782013967
38.11420374407883
36.73425151585707
64.90372711576583
89.75208043987804
68.31426113432585
27.58640207222742
49.64916256659262
59.7765719510925
39.27273015290691
36.27219513389417
43.83533552170085
76.17575695761039
128.17924757632417
112.79569889548853
60.39307845730868
31.40616556830205
26.218716772694982
24.799486794557673
68.01994111938703
111.24188585254153
76.18399056965748
13.156007668529844
27.74314795340258
17.24798710373792
26.77909356892935
27.936514649638706
25.166227450281394
22.892238427695634
22.461788993419283
26.885168190030505
46.825090842744636
52.86450403140613
23.336444258546113
20.7418212890625
27.442184182125686
31.378724867668144
35.57480066849443
39.0806720028675
42.48054539613404
38.60701288762723
39.3980678517789
29.50997606872553
21.23983562877571
22.423950934870845
19.857273127298278
11.46949070043247
10.194512531735665
22.09285817093013
32.55464218958101
28.016400145341457
9.124086328156386
41.534553206912946
91.21976481924852
95.3252462151349
42.985685716420356
38.011459576163546
42.83756075946734
57.27733629827162
65.20216496402546
61.77865427053693
50.18814636229041
43.05874670459838
39.56955679120963
46.6902125876568
76.55305920174003
97.81750204033237
110.0481043748468
148.04892401177287
168.326500097772
167.22972912839802
158.04137057820756
147.9848846257033
135.9890365880263
115.27730030954199
102.04584477379944
101.14549601742829
73.77049161321483
61.517487860728394
74.81155803594751
106.03624033967466
155.53365791843106
185.9981199435485
189.74783532768907
190.2400702635957
163.15204666898342
120.6709044132891
87.94560852855292
83.60474812395884
100.77815289310998
126.86026477685182
41.94509498489799
25.27158770170563
50.70710028881507
35.70787282501237
38.26706863137438
24.9063499154587
9.576530719448419
49.04554316782691
39.162549391550144
38.197523235033806
65.20673091314987
24.91003492102586
22.183691288585806
21.057292608911006
22.170382690429687
22.970989990234376
24.72107849121094
27.36499406976561
29.489314395569956
31.05164582376659
31.07650389957187
34.711517069816594
38.85033065236662
33.57039187007879
25.677904076062326
21.08106658356337
26.370008311495873
42.56845581211805
46.590899891944176
49.04060090679159
58.90757459098686
91.90955360311418
121.27270828043056
123.38416682947722
120.73466650933706
100.30741855030324
73.84688141248212
53.11895249032582
35.33000700532457
32.73851634316661
23.304177521190468
47.42662264096411
87.70842655597576
104.32277179842245
108.60457376746801
128.62426022765726
158.08007915777162
179.2099496464015
220.13546617047578
217.06020542580762
209.34679928784217
148.6818977550685
197.23660776820262
110.450725295483
124.13429675711318
102.16831878237265
160.47335096679117
150.83188538404312
131.68814690845775
52.37652070008953
35.41582470522771
70.1498205428976
155.28510533041057
242.20407501018235
269.4982073858162
359.17859510698435
311.958186237682
276.39407513331787
268.20727140528913
212.47658004984754
182.98527422058683
186.31637970434744
199.1857758250613
207.55486803674953
236.1387522508296
242.82514324336117
245.38799366523267
238.10359953579936
209.26148449667807
189.55337439153405
131.89377480040858
105.79236717595049
83.1075931101008
62.532639526945694
67.77828428917778
89.53542657453377
49.811470941783725
32.0532358387667
22.29337573747832
24.92564697265625
68.64477760186665
117.30922263867782
112.8522112272719
78.35053141098501
51.542343292818074
27.257279275465407
44.359203803313996
90.2665738452858
56.489795635721386
33.426234946359
68.21072859907068
55.58201454168566
39.1670839908405
45.95579851520633
29.697381660778138
25.277541478818215
29.29264873390457
31.396321548142986
38.06781006839151
90.16949395149936
155.5212722913102
114.61388531117026
120.6741299461759
64.00078028810995
101.7901212792246
74.66350243448123
73.64260044327179
92.25024465265665
132.60767981769203
145.4870735511838
143.32643424296776
42.64042847276433
60.81717313498193
72.37781732333823
79.28761060335633
96.95605884408442
172.80203373678128
185.68038765366242
145.60922649796072
137.37693931369486
113.4210772996095
134.284447950809
92.50483083326381
29.407323210900948
98.31344328901687
153.40778383877955
116.24102140648111
48.440317565354505
60.905050261902396
35.28103481330599
21.470803791249956
27.279199803715255
35.84723969278539
28.863487723358638
27.50692506126611
32.614457273116045
66.01379905233037
58.21349431845961
28.486290862254624
84.21660992770566
132.1701510734847
93.07125471491759
35.94414434307728
60.45819852958702
41.009395436719956
84.95631828718061
140.63519170627305
161.12309224326822
112.29541813397904
63.31466446574914
119.05816815141698
137.70254801085565
376.65411129603325
408.1071372011612
473.2980079010209
444.6363721608027
446.14687728367926
346.656430722802
216.26390692318515
142.6633857113593
258.66204472741083
320.3885088436542
230.020448876755
293.15198704706836
176.14103770286823
143.0432506912221
166.95559810152287
96.64055840538768
118.70889105987649
162.25164157858526
292.69193735306743
246.40050322606584
244.88177263643257
196.89885845575822
118.36257845925238
22.076746988182187
100.21789716342892
97.7609969299637
59.577004810156815
64.86863155553074
41.00683331136388
57.726168091522595
37.98483928184105
19.29781156345266
63.45622248926402
36.03116139751292
44.31266899244692
84.82423183751507
36.89833809350703
151.4891623240119
231.3162104117917
280.7216024145981
240.97229502967858
195.94122776180683
89.19168660873056
56.66728320292318
52.94090571882835
63.501853063834915
95.19731809731418
58.178762938018096
43.207794189453125
38.610303070039706
33.70011608358798
147.45623687696371
253.12562337110043
328.81134064955154
356.8446434742531
333.97089403175335
286.0333287661573
245.7649878720362
185.32635039719725
122.565836107942
66.66366262546171
30.828904150853283
50.13738646935885
95.82700494967534
146.2567633072878
186.91015146979515
194.84409259069466
209.73551762568997
241.73441498156518
211.20242344512613
160.33551588778263
117.39077175290709
103.74515104652475
114.01194739474292
183.2164546885521
230.861645271096
220.86222479574582
85.41449877238406
19.06389699361241
58.486167253984036
21.76946576608758
84.27359241471554
128.69375352822516
91.19858728515862
79.31029157257498
88.65013731235167
50.17912707318667
21.201111967615226
23.826717268037942
30.697618383940473
22.335503345756273
18.452273447178833
30.27272323645019
38.30333021448214
51.36346825333648
44.25965032413253
23.987473007354243
20.738235473632812
28.48652307311213
43.35866150243494
64.0809725443839
72.03159019354356
76.72115446854882
64.33738555481095
43.79365555449309
16.17175271167961
15.788126072753652
23.95977929285973
47.24146053436967
50.01816205745142
71.7711746248307
74.84133908991812
71.44384484261022
57.7585563514093
59.84358239960197
72.27704783280879
35.943819787534
27.772578488402665
36.55438621453838
42.34677915690877
12.40693359375
16.77872096369108
23.10300237359627
79.36885437284063
70.70448475347806
54.018282439771895
44.35512816664838
45.798547353310255
52.19849450572059
68.57864771981372
62.85280702083314
52.81273526430247
17.52641682921893
14.344442196465149
20.736164440704634
23.402099609375
22.13921203613281
17.930396825334288
27.733501729737828
25.536768164173736
28.838326550947762
29.913692299479578
36.6327635455792
54.27354900960053
71.26278712520279
71.96659770065682
59.82312195041832
36.82028458254399
17.844779117186704
37.4377583039839
47.22528403958607
46.895190954957435
40.35736771270204
24.977422478135452
16.087196420026316
76.02633356139138
97.3433687295167
85.09130682926983
55.08253088019228
54.8512848294486
27.77306040338192
41.89787494832846
68.10341636508164
54.309076017714006
32.51704648316854
21.039727491757823
21.435374402268373
21.580290732366052
11.318115234375
25.39673531925887
34.76965702427901
54.19781456498667
71.77452112830542
35.03461064984972
22.859348879516393
12.106279338965738
6.975029422045293
9.815520071370155
25.741404423158496
31.09974863296976
24.02529813690087
17.498244135565663
12.680421520176731
32.51515165349531
51.11930867789151
38.25327281795271
25.154315287171176
20.453020191599375
18.589174631317416
27.437144618567903
15.42374495633528
11.371463012695312
18.872729630578796
36.40025053954268
49.61653471294835
48.81413505395865
44.41107560381107
45.44396272260824
37.576523958807925
44.962746835605536
55.42557772263044
70.6223257186771
76.99554880907272
77.2453135342306
59.81153673689257
32.24713131369769
16.640874131914735
27.951161291801508
38.07422293914974
41.39334890897889
33.64835557316705
19.488869436210415
13.723583984375
14.102017970487747
26.03817108314049
21.392326674795743
17.641968664041247
32.98106919804597
34.06422824592422
41.767358239633346
32.0294166920673
75.14386227143181
60.295524077106755
29.05573886101097
24.82705220882726
14.22982177734375
31.510736955725793
48.605365718274676
41.14863253306087
44.238225726557474
74.74980240828361
108.57812686364903
161.41325777086453
214.4535770786941
191.24835702255896
144.25637757073264
125.23307314204976
62.91662652093278
9.728662238858965
50.82947417940834
55.18736417893899
67.66759188639267
53.916558278558135
22.116937045174563
26.72052232708454
27.579417346471793
37.32077075323912
52.42431491344139
63.0277458731822
79.63305030111641
74.66730385229091
67.00873731895688
60.045591778076776
58.00576570263024
69.04041676460565
106.04463731977259
135.47753792536702
183.64430868716082
232.7828543405436
277.92447082562387
287.97358585279613
274.2875155457174
227.03554434965918
193.2666642510232
173.77248622641537
143.53401422084562
128.19595665788307
126.34520992904217
153.25962925287166
180.57484430770143
158.90206703794905
138.98223463664021
117.01713500103679
151.97727916346844
151.61694594962017
116.93725276527134
144.25625237223653
189.5838292696264
230.54552443289307
207.4265273947242
125.82070289338563
195.86664524482225
254.03789306658473
345.66714018722143
260.88196867476853
262.9941306448474
262.06833161784306
246.2379349830231
250.91841876919315
249.37353469353857
181.88547392658188
95.50941024384989
41.10368455536427
47.15585018736488
135.53015444242274
199.4415336146254
219.97469883970038
189.84700909122034
143.79048325114286
204.66734205248085
255.75192697014754
254.2345661232912
263.7797124227665
292.4036504333402
302.38954277623014
257.78869719766755
230.1698452772889
261.9702543581005
235.38176247910687
139.99492554480352
181.5804641743467
182.32722431127254
153.5139050336166
80.6135787780332
13.403657920155819
51.95928051952999
97.79494097972193
32.51513727196152
52.7667831627954
102.64370676418955
82.78657053284306
65.17729934919484
62.61781298126821
81.8306132003643
21.07837509081221
25.45072472449374
44.046180877709546
87.79362149000481
42.6995483773866
18.75009806194048
25.171834326841964
15.71514525665998
93.98660136197964
104.6070099532249
94.34715494210968
50.642654395602634
45.942573044043726
15.13973127558902
32.06024320556603
66.22173311147758
200.83256827962697
208.27823361344272
270.0403908470242
387.4851818458268
492.8362120486392
468.99473217286976
497.3307579482877
426.4272296600628
455.90493465494603
501.71661370793925
560.8947423323905
450.3901095658863
246.81957959927877
138.4051420961502
44.12046950079389
68.4752432539639
15.30263671875
46.48590817299682
121.25322733132126
317.83075975055164
371.67077049773434
251.30800403506333
119.75850778973316
116.65980170838861
126.9000347172368
101.75997378809018
83.41608677694289
86.53761126906701
60.28119840434131
17.023923853484668
87.13112361171497
105.6152578428162
80.48348018303625
21.7697679262958
28.385828922784004
44.08222355578191
20.568419174812426
20.335254501396502
27.16257061727863
43.7325912929821
46.62334045952544
43.512847672529844
23.26575734893504
10.283202966222916
42.590974947251105
44.40758650074402
41.22443760817906
10.864096349942145
22.8188342230922
13.839072615192094
90.17031705280917
128.59439890361773
151.23213758716474
182.4305355776189
118.01653316700845
262.6344693712934
385.48522578246775
479.0057490047543
480.26167101813263
473.3094566555762
479.49604629278457
439.0452359301902
351.32687367890514
458.4242106098433
374.3812976002631
300.7344138579666
300.694095514459
265.84395195678115
134.24718489425032
155.66018472675177
214.73379949443242
187.65216731276496
92.88049745366773
26.92460772998745
92.85067298832591
128.254131985182
111.9403146876484
51.91722182299109
29.505331627401212
41.402557373046875
31.888194010220058
96.71122827958644
254.46880230572805
309.67369154915303
394.3814549842179
538.6789534864296
602.6876634812173
708.6139964331844
704.2342230083646
552.1655467936448
392.7245198861066
313.59646289440553
217.80689977391313
127.0927247941659
104.30618753198067
72.07009829455937
32.476400029208115
24.264373779296875
70.16757682377882
134.7535577495668
98.87749182286072
85.21245363486962
87.84826241677035
20.744999367805395
16.64917757176813
20.005976082824237
48.202267842628906
46.05831920312055
18.572553191522125
8.507904052734375
7.7345947265625
21.3513975419442
18.593158599263734
30.33150236190388
45.31749843863247
40.984505478240905
65.04939327481588
29.386123795344112
19.18300271929179
45.28779441827477
56.05342348304076
57.86398056184164
53.50611940519102
73.5090875955905
95.0611103252879
96.25141375599408
35.93990325311313
54.44374384709583
66.67465023401728
64.17685607076427
53.87019100432475
42.414256835892196
33.05779658395388
33.19578981355246
27.962157747782612
16.557933861998663
29.472584396690173
36.7770295093031
40.845628099274414
39.47570758010293
40.354534587695426
40.34852561022533
48.007541581435305
48.23887394192235
37.28212279463311
24.866651339374652
17.670449829101564
19.569739077110363
19.3517075808359
18.23990416435373
18.87175233234318
19.1966009544087
23.914545212982024
25.10136832626131
26.89164246686382
31.31430998936935
39.12198280266641
49.4414042770434
56.91989045577627
55.16672051079966
37.70966967655271
31.49827353883243
38.26898944011596
46.535923991502536
51.02631130046901
61.36458918317426
73.34916816221173
79.22754441554807
87.55858090372176
88.74566597376801
96.89966313147207
102.70936929559734
93.7485269226136
70.79094749163471
65.56687658026733
53.3824875394218
100.33419869732158
100.52754598014121
90.55110843885059
101.24660576273364
112.851199793044
124.07382247863302
92.50826375364836
39.6046865524987
25.11199269837657
41.121593711719655
48.263381967669304
44.66326462389715
45.99873226426206
46.82139320529018
49.31022458816828
45.799439134104844
34.985212857327994
35.616821688102846
33.746448544904545
66.96291873171165
116.24655725001466
115.03627359894942
114.33905318796587
110.25203321480592
100.1082332692628
92.36388967964167
87.00077973836179
61.7847384358256
64.15501993673062
66.87559901625578
73.00819970606415
83.00971759726119
94.85241471014453
106.09645468550437
127.63766877138214
122.25274715445362
95.9462911453348
59.9996884724193
57.74184006377182
48.063354768241766
34.598629124223045
15.100431702354944
27.01771326655527
32.384649743641845
29.582473414627202
10.721028258421654
11.261718767223318
10.98770507107622
10.202923583984376
14.056912716660316
17.053408101142463
18.063985479307348
13.924921760368079
9.788398250818023
11.604117958507436
10.825156246440974
9.65109209620017
9.489432316433476
10.490687859598529
11.779184205375373
10.742715468134838
10.111693471935165
9.210744131668468
9.886286430538963
14.21995846057539
14.268564855892748
11.403163559848258
10.821483872702526
9.480641982505949
11.584334693641505
20.758180721019052
25.883478380131454
19.462962230732366
12.171469669521638
10.896905604938343
10.324247382320754
11.644367670825114
16.64672984941517
18.90891021639186
19.508937574262745
18.84997248602722
22.793833291475675
40.489677973494736
80.48511658880015
129.32393032977072
156.12465123405144
60.550138733974016
66.76915182696787
60.337861380336314
55.151890457708035
40.82028360510749
53.41582907113025
53.71633176364403
50.57885428622103
36.61952272633499
89.7750428578374
115.98987324965678
28.872247795763634
57.40127626846352
120.89199081027864
158.1082787491272
181.3182061125171
187.8624208839611
172.6768906018089
144.5803709778791
114.7222678167132
86.87323051576477
53.79336681536999
40.50749940311889
45.4610783441844
72.1575328156138
126.19202043859441
167.80446275881795
189.422458302712
168.40739280088147
132.2118152522624
110.97957257764838
90.87590177650816
83.2013758505318
71.83188979629499
25.633931534778092
28.311639631071102
20.10174560546875
31.47455869885198
62.55923350583282
66.92560753827581
84.47281233247963
122.03019308954553
147.0394651284365
181.39945073336352
149.84473319672475
99.8774310728265
58.275943265650405
61.58295208061445
66.14006963133988
71.43080749422957
26.7389458657492
28.847466046195404
70.82615566553866
134.609339124087
174.14963463421083
179.78577100887537
174.5112861076916
177.0101811228329
195.97003241946626
195.23140677090578
189.8762982512996
166.04214146222034
85.1097706741571
40.29694994042902
40.37251416264155
41.80905243862785
45.73820156341831
51.533872718059754
164.71541621381198
194.29495527924996
192.96327705067742
190.43574845660905
69.92718394720228
25.65022245259006
120.53702561132036
258.8264068045788
274.98345496881586
245.8595675344148
296.2805264932446
269.4107954126013
112.00884754665962
52.49405958211382
32.69425125482485
43.70792750897008
60.447251082089586
17.370865956327815
49.9326113722017
48.096466922584526
49.41009521484375
50.396738837714295
211.92708441533424
25.022313406541436
34.869279590259794
40.11970106401859
35.70645187547461
34.93529577955201
27.67927330027669
19.397895726592605
70.58149557355318
94.54222389584984
45.89096493621105
17.42515781132297
45.78559734369619
86.67205976094473
26.15305899305549
47.263479755524074
150.99136551347115
30.570167179307827
23.361022210150075
48.90648903638744
134.81616827267425
143.5913567089563
20.0962151886476
38.169725061299005
182.21039366222948
111.02204937035022
29.445156406805836
83.46705450122026
158.96809713793655
159.60428417890142
107.08416676317151
33.74615938283732
39.85816925283175
126.36226816256112
33.700728353064775
21.145673843563053
114.50656126481586
47.178925148462625
39.34761993209577
130.81894294424833
93.34865240243262
17.184211669149636
32.75657958984375
85.80860902091067
343.7908949964816
193.61809936769518
116.1041937882882
150.69250600688966
39.473254823170464
190.05972488669076
155.79265048248303
44.867512095237586
127.19865887547635
153.65888535458453
245.59393862512607
254.786148882214
285.74171087842876
222.32357012647282
98.61969072383923
12.850988426358208
59.65521116534198
120.9248976226797
96.04039062647973
13.539611437806844
28.770535275097767
54.40931780843848
42.44409849025978
34.41216545972393
43.6239893917656
18.622644410325687
25.8840632270249
29.771710205078126
36.53826653897927
83.83818131053881
55.89401370211722
49.17225822603141
123.31500760393678
223.46025844054074
183.99513651372416
26.406671142578126
76.3347808992227
38.19193407298062
44.09813539851039
34.09200188537925
211.1556690062192
345.86874159774305
261.7233455400359
327.7970794552495
277.38428188176096
190.55007495963022
79.60839989215728
65.08482613859933
40.03175928062046
76.23849783850619
144.4028441890245
247.25583697809853
384.6831880886789
363.4884512210139
339.6338293094507
372.5895917581255
381.42215018407694
454.3299593334289
409.77288551456877
389.3027057920316
326.42711114505573
317.02974153322856
253.70927503711846
182.90761008649787
501.7531524996601
381.68334526223134
440.8214699296403
432.002346995435
339.3194211165821
234.39611577837658
186.38289893874807
204.32628526332397
243.99621049981232
197.62229960098028
109.25885580650167
98.01624448690616
41.821887362835966
58.167064500683956
39.72443808394373
76.4255390337637
82.58292668978018
73.77948616424578
31.864848442652736
25.239116555953796
56.79662914198504
115.21514942794502
118.06349421648683
182.37161115678086
177.35424360030498
174.6292069103334
146.3973081638263
148.79947704172884
153.3830613623033
139.5060846316442
116.60281604297526
89.43918713034705
28.39504556275715
68.42013661216633
99.55960395919453
32.082666855989906
53.25801732786283
89.54741501380344
99.71376087082089
93.2051209485957
63.473765156585706
22.627970070866354
20.689460543384303
22.634725058960317
30.951086446793873
32.10527739933921
36.7453595293681
32.99822903007332
25.6827880859375
41.053877674704026
45.462082031813814
28.054714847264176
22.609975439076834
22.595113561908363
20.414832338357428
18.710189819335938
20.247264263008255
18.177132928683353
63.1811222034366
90.53935677730165
83.50048609080405
68.69974017155837
45.85298828290229
38.08781635479236
33.043040015523616
47.58955717193824
70.49866750352639
21.000068241374912
19.229209329312162
7.781091249569999
21.82104212481977
33.79109780117549
16.409183895358332
18.987577233343746
77.63100597556335
12.90995253034971
12.88623961530575
15.74105187346396
16.02583197446295
21.796580998350578
37.30117541656009
56.76469609432386
29.84689845969215
80.2495582769969
81.03818304761508
88.66544407311123
133.34312719099913
165.6569821035354
91.8642648307025
64.358847960498
56.378653659996964
48.75401422104759
50.94561584858377
64.22583139844892
85.13584606682748
111.29809155812302
145.8776474061844
190.1718667781183
213.83170709892164
181.52386611846777
128.9488922250061
96.54731813480558
92.69810342403744
89.25894339809508
94.847119636916
107.58811285467709
118.48481946367829
118.26077274138092
110.1903128941972
114.60146706834003
102.02606928389173
81.16961160932775
58.922270758808644
45.98951241773343
44.088824535940695
56.999425433360194
91.66000321689208
150.23612312003212
190.8390465607451
153.64315363360538
96.77774842393323
48.04379422516089
11.950523365354707
60.99539010361482
98.69802924550936
94.44283923814075
77.3623018924608
50.51568748418619
22.83387451171875
54.93744590533747
72.5913819608194
102.85073679971318
94.98054751700711
31.304181262069882
16.667063650213368
32.78358051106973
36.6116240715859
29.61748121412329
40.48108931982934
51.56918168165207
32.41259616630144
40.43668532195445
30.188960842214122
31.52546339762039
34.283469457595764
36.36832505084759
34.1096193180875
34.90808586058505
54.709523846288995
61.60160719860901
57.530188390491176
52.135348432896464
45.75033708785073
40.352584390326
34.01196705771806
33.093938211017516
30.818214559644776
30.865066528320312
33.673396063863585
35.31662070159496
46.44683641800907
131.2826005989162
228.42109553655595
251.44061020089362
191.94974239913535
156.87663687567343
133.4485150234813
147.72266168571372
155.29324576970967
115.29810018351263
82.68675960064573
57.63757157137841
77.73702842976238
57.686424717823456
60.13234631046178
88.65504938489508
107.4328787167985
96.58486421564666
83.24625319824534
60.59546243646609
39.49127360719469
15.274472567305997
23.10690135883226
15.327072839303492
33.32847760744407
113.17259706552946
112.24115971937783
91.21222395940774
57.14437663492972
124.40099263580623
130.37480247903514
137.04366976498463
98.97548446762585
126.45298164577116
121.33816467410625
139.7607812048012
125.0447694132451
116.06769321881848
65.86464153643267
72.0451177402239
55.632453328163685
61.256208709213226
108.0619092489701
79.47218794928912
59.168564700166506
30.93756606907864
38.679366070208744
40.323522288296
100.470762000988
258.99399170258914
234.00582768063592
108.22665479379312
89.13866813694703
83.85224328102859
98.2681410568035
41.611092920486705
34.40811767578125
127.95315369963487
141.4453468291972
127.66116851080287
43.04871087927431
95.45077007990076
197.2505877718257
214.72377206849063
255.56512316376546
280.53913450658695
298.43821181004216
302.50118243103515
235.85114819687334
177.92962943869807
174.54043115621317
140.17158428640397
79.97438738327983
98.21421112125464
77.23529630437164
52.375063762852236
91.98103116019574
35.31709967145571
28.952911502842245
72.28248487875135
61.3170977977144
111.78790674857433
124.1080750783216
52.87802225845189
40.8487060546875
117.57462019295762
238.73721327299737
345.3333865635379
430.6695954292509
430.2168981354275
437.01801491754685
540.891779786909
532.982205885166
533.2620959397988
527.5052922687239
392.13555599057855
394.0949616220837
446.335890587631
498.6308794580409
504.01544273867313
511.94641377050704
495.9182635906676
444.6029804111748
518.7180737759596
544.1454870290497
600.2845566138003
593.0258701956354
568.2439407016685
598.6481095732051
611.1417476033861
522.206088974872
346.78237242986233
344.43613228441643
343.4778461964278
326.18764250674985
313.36688529285146
271.48901186113943
219.05929749596788
166.6640560294432
134.39125921389308
117.26802004164188
216.32419121815164
162.83238445406855
97.6640467682341
84.04996920057731
66.65219870289675
91.75388475923646
199.30569407376703
374.0023833899744
386.42599284533895
351.5494684499695
336.7319045465758
265.24988152706624
292.92269118867324
242.498203970386
260.81064316949886
261.8301585473863
323.2662908230859
364.43735156722397
470.799021837716
424.9440981795551
490.28710368350573
635.2899101920477
543.6431449735785
295.3132608690603
242.44856500410168
288.2311618772886
167.0721992885818
323.4344787092473
413.98153424551856
406.45919563276567
448.2214295731736
547.3163426580795
631.8894313508927
650.659021722657
586.3174921510599
577.2713557175244
505.1791815063058
472.18968375252155
465.3347013857435
385.54871315800864
315.8296885682492
298.36216902516753
285.16265931671234
234.43147575849835
310.4695071514828
350.8466249715699
132.71047988722142
158.5958672346099
211.93519200247655
149.52296195346395
77.27956989168824
83.92887034787054
23.39417724609375
108.07568729304167
111.10345632019835
149.18014039273848
90.80500328048872
60.71200186170724
16.140535816183455
44.263069479886795
18.392073770818094
31.539832410492785
73.57919677080562
105.97721660372774
85.19195923359197
66.58689226342612
70.28656235114241
82.34222414304482
140.9001141041087
167.8836853380454
247.7950791996991
315.1145369024414
354.02660930213426
385.2898984552368
449.58934157563897
506.58860725388297
536.9231926652731
472.6340921379224
451.31116772644555
287.2102977377106
194.33695615255857
83.40715484384964
53.239146863469706
125.00873344217416
140.14355118774876
135.95431442524676
130.88374917548043
37.38360595703125
63.43430888148996
86.41388481334138
93.47832587781076
88.1469055541686
125.60508317115037
195.127707217937
238.059628331534
260.04200988166014
394.4581043293268
469.2281600169081
480.339525668811
499.47858630485234
456.83136229289585
496.1776387692847
408.66267326995484
331.08614273871746
254.87423250105002
179.86194969912844
145.60218432633005
109.13713269397576
70.43571673551617
58.43399258502204
112.07902713997365
145.64294815386992
126.0553275125937
143.58743891221465
130.20236851872627
99.88904668984064
51.49559429651042
16.102535876610386
52.44474067759678
83.91779494046605
74.82641230882071
16.388693416259695
76.93572908948074
104.03924526026393
94.66582608536794
32.052260525727604
18.62777452042685
37.942099819587725
45.168202206405326
46.43506799995163
47.53736244973599
46.284102985320224
40.1758348617852
35.66635829128107
37.038968171743974
36.13507850685694
28.33777977681772
22.428694370906292
18.892633056640626
24.59841888000533
15.145886970293645
44.82728496269592
23.74944202881195
15.908848603531277
14.266751878288602
12.343511992934475
13.04487733888019
18.269515975172915
8.880155041157593
31.116639131759722
34.489417517171525
31.684001777093535
30.81079095204881
34.278288943120344
41.94449167021621
43.638263995444184
32.1204691897117
24.684802423029225
21.36783746125401
26.336573643396143
31.07985618292206
37.119853105985975
42.12525685634326
37.96015758861565
28.067945537543363
19.512050795971856
15.896789576959293
16.43532883847778
20.58658430002322
28.738556263030006
34.88598586607882
37.20199213370495
31.579401188640894
21.45618334042185
15.953399658203125
23.66053096153783
18.54664717372169
16.082789413652478
22.772992180071377
30.88117335853442
27.315962739848384
20.698480675617837
11.348515673706492
35.04872743960366
37.732985659428095
34.261801208954786
32.62736778850201
26.014050923552077
26.16660690952333
23.231349840684015
22.93644236264952
32.89008918885255
34.1779135917188
25.255392055980884
25.45715955377684
21.968852418370183
24.021226979012265
34.21705257471128
26.188384085561363
20.64781663056383
28.272738159204714
38.87487029662316
41.43890313402731
33.16557116744351
33.38764150246027
42.16474830046984
45.69245599277921
44.54723753001423
44.17986477663372
32.347013717818164
40.3445228732578
20.98588684640208
13.274949041771412
12.860891361883102
14.091004841624454
14.302963256835938
14.868387421677562
14.28391210893533
38.5980221877302
18.25021963503566
23.57689123113669
23.74481054408043
13.334707641601563
13.228199768066407
13.418772888183593
14.169288332434444
15.497118965299302
14.858767186558822
11.658668770241785
11.289214188337747
12.550320766329321
13.65213681972757
15.940989417348556
15.264950278211654
13.240952237337046
12.87191162109375
12.595527648925781
10.936848449707032
10.27824179295115
11.831110592119705
18.11607615843068
47.006383900219554
103.0284799885628
117.15607236498109
91.47399741499616
39.90308690063019
23.486440177487793
21.78503826184251
16.351542887927554
12.111355590820313
13.407720947265625
14.046438598632813
16.768685569069298
34.87770901218681
36.20161718226209
117.91621275715377
143.8826780106352
136.16910613873432
107.67426024309755
21.99778382540842
22.106896018268845
18.456710944434384
21.470166015625
25.873768127991205
39.931475032739854
26.02514278844019
36.00551236481351
23.431980525811877
29.931184561349834
31.133109043324474
17.762978910897935
21.30284721354992
20.989678828787373
25.787217464499417
25.772215445910934
48.28824096051842
74.62290137554899
71.96047620585139
44.49347405671481
30.432318930493693
84.52022462624583
111.72620733510594
90.31704322175965
70.00240325266502
46.06963873620259
25.37274485598673
12.781873546478778
26.27383429996862
25.17562440987583
55.94556230595422
66.67179606635791
87.39642861751354
134.89458208769065
146.1093468078472
106.7508348445901
79.3718862089371
49.060411075304685
59.760941591825414
53.94331298250013
14.130982159976202
19.52916177887255
44.56623751899815
77.8343822384081
50.31905075308541
37.85439733099279
41.24302368164062
67.85046094786803
86.59161888217614
25.776391943612406
40.46971403336015
110.11493427778441
81.1265522701674
72.1700439453125
125.4576830568486
112.91481274116896
93.63720035926372
62.958090473827475
11.354534912109376
51.397389269613015
33.022896425635096
48.50423965457626
82.51856095515237
108.52081594467623
156.49617455889432
354.48526843699096
253.46843063410796
109.68635827966395
48.01773119472464
116.03240253815538
84.88697784903925
28.294904850044666
37.065298039073056
12.76850652167568
21.793979123309327
75.18341514666636
111.3131373520282
133.92139220535145
104.89885266021179
97.96190720547989
142.91173762201484
174.30914826831176
111.5704844552833
94.93256615822243
66.458775755642
48.67523116705429
68.85446565570324
50.574394785823685
98.12566890672474
115.64014169186335
114.58015402889018
95.97168093158893
94.27115939681649
101.0296639918291
113.29563059877955
143.01442886680837
128.66285216894795
95.6848557828599
32.51179482583416
109.23839904213196
118.83945095241288
102.63703015452013
61.34841203318922
9.8280029296875
40.52664837446184
110.84040193518065
27.26906368502396
121.17725369824984
100.993440412914
36.495446089584995
11.392007420358368
66.53457851289158
108.36925539878526
117.475762246166
123.38706438241802
140.2587237660513
142.49251017539933
114.71302260028183
38.57870078710967
79.52402898880023
68.20823219529572
66.0079772000992
77.33326669821176
46.747896899839404
30.859242332576514
170.84624933140694
277.8793330363475
349.10755150699134
423.36670006299727
401.0324265774837
322.64898860194353
378.98971850005876
354.59128053240875
259.0122141048399
246.56678903584617
265.28277937348446
145.54458739273795
24.81070579598754
39.19493470209604
43.800313383601406
51.242906518166
55.0143917089059
41.718866161332514
28.93408347118325
86.92149945279998
43.35909564874392
22.338169375444657
40.25975220799383
102.51907891876593
119.69021291281005
91.32735750425022
98.14245976641266
65.96082544688197
33.7434451324297
33.08255421904467
44.48507080078125
54.428521728515626
52.901595578334856
52.15532466601453
79.80422412929138
57.04687362424206
72.4704923918795
48.75070359288402
45.05697791784117
36.286381257500125
20.686160199382176
64.96193610541516
98.14510207272149
194.83602166600616
176.09577255708714
296.10557806763813
305.5832771386921
292.6184286624615
275.1295119705846
267.63191924901423
230.16963721904108
113.02219416767448
162.57237291865277
186.7656116864117
289.7843980324619
338.7326553611295
388.25390734021005
557.9345152905505
564.947160228837
358.1115345833972
234.2205765997478
106.60794937192786
147.63134751219658
108.02700376968319
101.92687714449168
78.66109864796208
55.36462771954293
38.25398638153897
106.31861198749414
167.97543180168577
229.4116904968119
251.34864777733893
203.67118059018617
144.53184880715534
68.8985932473873
135.3435541010703
166.82039166778569
110.77270978516431
37.01304849466749
118.73875343413229
241.3370722829712
300.35218796497554
393.1442327193224
348.2195908666363
235.34695607972716
213.5899796113334
77.25412379224501
16.353235790250437
82.26576919503422
183.35901770373817
277.5853210824986
276.7575722579612
206.68755134570347
257.4546296670905
244.58399788687876
49.62264350611004
14.462030029296875
33.25024186100113
17.81508355116093
13.333276016833953
34.14241842502573
56.15938240302995
66.35248262407022
89.30603104994933
121.04755879584827
143.08839216464497
161.52465623956388
143.5859378778819
107.10900582663149
80.79631339850945
81.85179865484989
118.03613943419444
151.5004685440425
168.8399893555569
173.09682864936005
211.92281298988019
229.2587349147012
213.35830989580714
195.0909029265436
158.99382147318667
112.38495061923814
64.84476287015778
15.48749793195932
10.044223890068725
15.824791715889205
19.396269441245
25.201412963867188
30.373995971679687
32.890380859375
33.74591794540787
32.827659606933594
31.685362243652342
32.97806036442616
30.315212694396177
29.066281127929688
30.981286618550342
27.8003829882457
25.89190316436891
21.97904117966449
18.488342621687103
14.986860592187867
19.055073547363282
21.205568335982253
23.13409881452467
22.950645909412742
21.622962189855922
19.96225522938072
15.262888752241803
12.368930759058202
11.796155356962117
16.009799387379324
14.637083098424307
12.949586271927
13.355195617675781
14.906863403320312
13.317203374689347
12.393754023268537
16.76651786418023
21.82482326490658
25.31297274724833
25.027451829166193
19.863903661073277
12.971867063015134
19.06889578780747
35.30577020338406
32.091021324412964
30.338593206657983
25.1871654745916
11.64069861615037
4.71632185330318
3.8293090234483658
7.629750772445777
22.033520876440548
43.86789596978921
65.24870812997514
69.77771268121175
54.08602025949216
30.694164442600957
15.411843944477301
11.942265361011573
11.16847240034699
9.093928012274045
9.843632599234388
13.509658820854417
13.57320172519178
15.06102602646456
22.552730222567824
33.588255451281405
43.886785138875965
47.589016916106765
44.62292053474474
38.59319579580465
44.52656830286391
61.61800475049572
88.88109159848054
104.03392607539217
100.21990140548897
78.12126724922719
60.13106331249198
61.527125939103826
80.90761697405785
78.56341218272215
100.8778943564389
86.15114923825558
40.72576491382058
6.793840769788926
25.561207045355502
34.37909542337356
26.699812785041026
12.677553192213974
8.064771474572126
27.541856255461106
30.233183448178988
30.0302006848396
19.278007390401264
9.184743992313054
24.56577661406542
117.32884148846168
195.5154793787796
200.2268424784616
150.02302387086382
63.37468342816031
8.654537874380036
29.764427287402725
54.05858507020429
69.8960444617699
75.10437396770904
77.96209082571241
92.39940370286163
102.57551264829912
85.54485541929378
49.09755515577316
20.084260072330494
17.910127200025794
18.60867048644095
19.141739824786875
22.078980572251133
30.20501384138448
35.774066510915496
40.33439839140341
36.409069610715164
31.209785555923236
34.74301739138436
58.13603702825158
86.90223883013007
92.01284666318614
86.23135030466173
81.80427699010072
91.10563781088527
60.6830089005932
76.88881298346901
57.66221196370002
46.91956117609932
19.002174318089068
6.704160971451711
19.9740173798098
37.68304918789655
63.98397637451662
89.68111869677577
62.63876974134073
33.58416748046875
69.48156836030452
45.42645663900597
25.471947985148564
57.230194904720705
103.07949289063481
45.93009272673989
19.030785982563497
37.14123012254968
15.468939208984375
30.33483606362288
22.48609414028683
26.48571546357307
33.34268259090682
48.240021642335094
51.89587477618704
36.72953449211518
28.626349432810365
33.83627936000521
46.50482224440516
32.90859695073736
27.806217064279643
25.77245919329166
20.040484619140624
20.945001220703126
22.89402255669804
52.9163257672948
71.7618202363216
92.72161344888107
88.59963336943872
109.0940152967507
83.13209613372734
46.85499221507164
32.58538899412711
40.0157504396632
54.637906795023106
63.31186661092143
44.652601832493744
37.51509179168752
38.26240047897791
45.98325083059099
41.56619140649955
19.910491499227714
24.050642751431496
31.80968403376037
58.87443869146746
101.44049319096098
147.32100579604207
135.7513688121523
38.77820702862889
85.18824550060575
92.30480652133897
59.28492848020956
25.47391357421875
35.95900418109395
16.488724232101685
26.052322479581015
20.66118696246963
30.56349220825505
34.37170831563863
14.9635498046875
39.84957035948723
33.53489675031578
58.764183024015985
114.02957409892238
145.6312903620783
176.11602460595464
133.69395784182046
136.12681809318374
99.73056331906382
108.2097455965962
125.6288265263699
161.90672542449678
222.7274205804114
239.85462764595212
240.39225014310415
242.35176209894007
215.6195930312287
244.99261306931948
257.31994947735586
245.42757160048532
273.7522675799608
276.22784853633027
256.1036151550679
250.29643830943442
242.8895100777967
275.1244204279119
211.04170237112447
255.56544326833608
228.31266586213388
196.86603578141253
143.09710746917207
97.55385009622675
155.28338263938903
156.56375745165482
141.64000995202906
171.90732636872843
91.46948203168961
74.53265065816288
92.14807031058956
58.85713648441149
47.94786576623208
15.948682734474028
18.316538894236327
23.365369019191007
16.92792933109906
55.87775984933978
27.915036536308797
64.87689808757386
285.1160755607981
227.3471232180751
235.21564206692148
266.8724858692773
342.72475725237763
342.9279739478919
304.7005719255709
255.57694942991992
335.3791587883813
312.4883511168244
331.211938330595
376.54835984055734
446.7531622396318
479.29095470953996
451.6660807244858
494.61923571120616
525.6174644821695
473.5350059333394
421.9738398858782
270.77433573694327
236.76826856447042
280.75679925411686
295.5166413913403
201.1708748797077
84.31722822962706
161.9746293979822
77.03202476669779
111.34244929392273
98.67179299731461
104.27912179033119
41.92218645729381
56.613167305527575
102.26052491470641
158.15504663680377
212.5980665434901
198.64798766262484
181.4488269939764
192.13395414347173
260.45679489088235
329.60034398244653
403.17528371636155
365.18944949650574
312.761012952123
360.658286866609
322.38721947395226
312.4291194186244
277.567584194393
248.2502893081657
210.81922132984224
222.09394482546335
241.13062584599757
269.85432211978815
85.13957944613045
169.22801584270343
229.1424662322168
260.18321800378783
238.44079959105125
215.56040274288185
162.62616088996924
208.4820018385085
275.0081115408392
303.8686469824808
372.0573167203778
446.88857591372505
502.67818651422095
531.2736017259045
513.9954138187704
528.7865628824239
443.99501386586405
337.29613728892366
279.49814652362886
223.69199377358314
121.64450250162481
70.4746394015439
56.46865617812175
42.75595385312454
42.10121005162512
14.862994380690907
123.42803510192853
103.00050507560294
100.97078037335584
103.17827713940358
81.87084741738154
93.48321169761519
93.47258967677439
97.98126783437469
128.86446246960932
135.9788977357098
135.945543208007
107.77254898854426
87.1176623036121
75.85767247351036
111.63377137073587
126.32198957947685
147.6716475696798
126.60837127061241
103.60045543228355
56.40436099928858
18.253252674334817
30.312266041156136
36.05231381868041
33.44556572243416
32.05274677448816
29.11429327767454
27.31759546725407
25.44246691130403
28.792868690862395
48.694223997227525
65.7776333915925
148.9198764988072
258.9986232752478
263.47817887344985
260.02331566127657
272.7916249515418
265.0682314972506
152.7934717452145
111.20943669486796
49.86290290834506
31.57733012232661
64.91344008863848
81.86031648820418
137.22416187821563
181.0898522590388
230.3511909092261
169.62734820899303
81.0156706294877
27.140977726530423
37.80165210809091
55.28557610553694
54.74892712416495
37.81565823481642
49.11348262458263
87.36745314289522
82.16105349792872
67.75949891916684
49.51761158413002
42.15766852664958
30.80255685548268
24.804394135668918
25.299590256192822
41.23656910138679
57.467228203275454
62.86502144209626
59.68220767184016
59.28024570781831
79.67918955003624
65.20576687278617
70.98298528231462
73.68277690414034
73.23123160884138
25.6750794163871
43.716726661937535
76.96169466292017
74.34607350059954
74.5366476225482
80.76507532306141
117.07319513999542
134.69858660913926
143.31825026983307
54.78223630785226
35.399365968643544
25.676374823873356
21.072351070032177
34.3322190079924
43.85050893820344
43.40182009546807
79.03312305045874
90.31619911495258
92.13506431042006
117.5911420008052
97.55218670452648
130.47478540207086
126.36249125520223
173.30682646732123
152.07972791548679
107.82406954264938
99.34481316366995
130.885042713592
173.78436441642899
162.90887541015982
147.6836931431827
103.23414278698928
99.93802249548949
117.00540829294633
101.32816499265091
116.48031053818188
107.56541536820309
86.61220981374899
136.41033310575776
109.75891089687866
51.04645010541117
40.01539831067453
50.451549917331405
67.40479976405818
39.62658277910922
67.6317603700054
48.767954541981865
40.837620261308906
33.97647667443662
45.23382668655246
50.488585085955535
41.69514028069301
16.336359738689566
12.43407613027282
14.78166563476825
38.0024339298878
55.21507026404977
62.35653134178624
62.65062242422566
56.13282017755986
36.19469338304066
14.031040867389175
23.878515023085377
30.456838234135954
22.07130070727244
17.00924436955745
15.337267831543556
26.25290750957047
43.75764794259603
50.41132470850196
51.384654713018776
47.331703069259405
27.07890382967171
25.760523516203147
35.749221007384016
43.487058540172484
26.875548373273705
15.004316007414797
25.886139794062206
32.03214665325587
20.890698154736857
21.36531805758549
39.99094593500131
111.06284775190713
131.6310585162496
99.32507310012991
22.12710201648988
25.008131784680153
37.93682003130041
32.185029196547895
25.0963831007845
33.39714273058945
51.63603168319514
56.632141067203065
54.31556600064448
34.21057876970053
16.255362344913827
60.35392169711031
70.03643220602123
59.30036992733621
37.8884493399013
41.20123650304718
22.039988805126132
25.908845875420685
24.381635683242713
48.4760574493647
61.36275355844614
76.45262231975104
126.52888527124023
53.582265813723346
56.37493865270314
46.76016541486187
78.29172832867417
52.6877322137477
68.85888786479663
45.64832528462989
26.673664449578744
39.7296875
15.79449462890625
44.44579834062783
74.47799740021397
54.791270844875
23.230747883770846
38.7181178709332
74.8346770968626
94.2228696756656
101.86306066571797
72.6389259135312
42.39407435239268
58.49854530977577
58.29278255206568
44.569466478926735
16.390604158955465
37.599421532499534
27.46095166454636
10.04593106180032
24.135970912014592
70.79773363995032
83.93546295153178
58.84682800670953
27.683599816369224
34.139677990807556
75.28340362140757
79.348797273447
96.64512990124112
124.17263849867773
147.39920272232993
101.0641648528011
77.06038518972
68.68591816709458
82.2441191208718
71.99589485410229
70.50015714582733
85.96556893132484
148.21853645301604
217.42710905124005
203.9364095108092
261.89964849123555
266.12140801787444
246.78984676412512
188.64380403887571
229.18296665272896
216.35663916883678
218.0502030687072
213.59365891608067
233.37551837788342
239.28730597455925
217.72249725133548
178.79250074561674
133.9478504094945
82.54289510789253
125.16924038080188
231.9396960228277
307.1585538572238
389.2911331812703
431.07846174521717
439.1925199442264
353.3953650679017
380.83249767347627
386.29351311722576
327.80497214099086
318.52424409053856
298.0944451839247
308.88899521348293
319.7676863707123
389.8442363527667
400.7170759034815
415.6401174289035
361.9577769043888
280.7294616991013
296.89113860200405
304.73733698488286
362.7846550525727
356.0327115604825
446.66495373848375
511.59242335479667
513.3299566351383
428.62539152556764
355.0054660531822
306.66875803963785
429.3577695018894
374.6575688569349
362.13078317871015
313.6390050329502
289.9018869685744
279.1970986932358
236.1880159044731
286.579992463521
324.4145851639645
188.8997701701027
215.65742253376897
242.54657078149745
286.57269499517076
277.01954870502084
155.46057492364244
78.18150982082402
52.83028919581079
24.20518410275895
109.81669151313872
105.37336321154949
99.88963627483167
149.02016612847646
161.44189516715
217.32364665679248
174.01606542004987
282.0454768500218
459.03985955798055
305.0648290576354
329.5939701665131
278.75653721183926
282.1903127268335
501.35038352465165
367.83942430800244
446.003391560822
550.9377081448082
490.3441334992596
583.4400124703535
630.7645209940972
446.33579553268027
430.047251189187
485.15378536058006
454.8468809594071
346.8981296097074
318.11548756548217
346.05407201058824
338.23532189266723
182.97823236303537
132.93998350335224
229.67566758486754
82.48447850586027
157.22447903615495
231.99754969400433
324.991408970991
395.7921732992689
392.4410378692278
380.7436344076758
355.44020264623543
289.2406544440506
241.86981874497215
223.33344668474933
242.26580025401876
274.38280591428537
232.75785493641197
286.5628222446433
350.46808812535426
260.53790460572253
193.4397574411721
42.098838851977554
239.54858946161312
205.99305768049436
281.2894119943573
206.823060667175
192.16547622889388
85.15798091791876
53.44885409219951
62.793188270058366
88.75476851428303
87.56264480559226
174.2503160807766
296.97721158660187
348.79918788616976
391.41472835089905
314.5338650016789
78.8934335114985
76.061413726319
154.00469438509396
149.99478284770694
54.630193907503056
61.144166392615034
80.36535890815871
125.44806062950211
133.29314318636634
128.01850628601534
59.21168939655181
47.387571133330354
78.27301936816002
40.88147334918153
35.55641213003737
23.97903973520433
29.89038415095065
31.414526145510173
73.14986789130299
76.71032004057842
93.79460230696327
244.59863815259177
261.8248478666959
239.59910984858988
253.21370232030532
207.39931630563675
122.71231480851671
104.63953296888808
116.39761872491712
168.31598665277124
187.42446532435142
136.74133764495278
98.84877621865542
107.11633371708817
159.4072279411289
219.71790708645398
239.27945373371693
254.81232579288917
240.3709233358411
250.04989026844527
308.3414645937204
245.1935382340354
191.52325290417647
156.47379586928528
114.88407815036867
107.26119070252639
112.48654754538477
115.74058687939441
97.39004921446124
33.96518413037668
