0
354.69623
346.8861
335.24948
334.08252
335.48196
334.6678
333.56235
335.5529
338.94302
338.30475
333.0956
327.67303
325.59442
334.0723
348.86078
353.4374
353.01688
348.96
341.8686
331.97778
324.66815
326.30954
331.95337
334.95538
338.90936
338.31012
349.8683
361.56033
374.34613
384.7959
395.2072
384.16446
373.8105
368.7278
368.38885
374.87985
403.5226
440.45612
450.34677
451.12515
446.2265
431.92285
416.81512
411.2776
404.50748
407.03375
412.16098
417.07095
416.89584
405.80463
399.19574
385.6484
379.8597
417.4168
404.48862
410.29654
418.6811
424.25555
417.91724
407.48657
401.19577
539.89044
469.38126
477.74005
462.84146
440.62354
443.89462
450.75018
446.05664
437.64038
453.75107
438.57782
441.29752
439.1732
439.0836
438.88995
440.9269
438.33765
438.4687
441.37103
445.8437
444.83942
440.00635
438.5331
438.67734
439.68402
439.44073
441.51865
441.0538
441.1205
444.03745
445.0937
447.34067
443.34943
440.7627
441.0226
441.55283
441.31866
440.65274
439.00748
442.76093
473.4148
515.86237
583.20355
636.8659
625.8406
624.68634
599.98254
563.3566
563.757
517.6939
523.6626
518.53595
685.8891
554.64233
594.5648
610.4094
680.63605
640.9825
667.2289
632.1238
647.72986
635.165
664.24677
729.02234
803.9791
824.362
802.0055
840.4587
813.4
802.69165
816.5519
868.81525
921.98694
995.612
1053.1647
1076.7651
1056.7354
1046.4478
1025.0046
954.2399
921.34717
937.0544
931.5999
935.34845
927.2858
910.68604
918.23517
924.3716
916.4548
901.03174
878.6632
851.07715
846.4338
825.31384
858.8043
901.557
913.0846
919.8
934.5913
951.6655
983.2699
1032.1559
1008.3934
1068.0574
1088.7633
1088.964
1072.4485
1062.0178
1036.4873
1032.3442
1052.348
1034.9652
1053.317
1047.6906
1065.7914
1035.0436
1067.3157
1100.8296
1107.919
1064.4742
1081.741
1079.6141
1127.6204
1114.3269
1084.7233
1138.3398
1136.0364
1195.0902
1246.9016
1332.1118
1401.5232
1485.7101
1458.8132
1480.0784
1492.943
1508.0671
1481.3795
1460.349
1444.4348
1459.4006
1462.8049
1469.0632
1468.8291
1479.2306
1502.4236
1492.1208
1461.5808
1440.3641
1430.2817
1445.3132
1459.2186
1485.3391
1501.9476
1519.4719
1514.3427
1517.9547
1463.5586
1378.4609
1353.0637
1332.3284
1236.2098
1143.4436
1035.8717
869.2788
680.18445
616.30817
602.90515
694.4425
761.28375
787.2704
900.3068
1009.14734
1095.8225
1198.0111
1315.1527
1408.0173
1449.99
1480.809
1513.0281
1434.3865
1356.5396
1281.2261
1352.8381
1329.0842
1318.8949
1362.2028
1380.1638
1406.0059
1397.6345
1383.9934
1414.1959
1444.3773
1396.723
1427.5793
1383.67
1417.0901
1382.763
1361.8718
1336.6338
1360.8898
1335.396
1276.425
1298.4509
1280.87
1388.3734
1402.4724
1385.7336
1359.2617
1292.2148
1187.4313
1153.5872
1110.5056
1086.8687
1050.3313
1038.7089
1036.388
999.308
989.0212
1001.1115
901.85754
908.59406
877.4142
869.536
865.4481
882.84485
889.6703
871.47723
979.6696
907.2186
754.6752
846.3584
738.02234
837.32666
888.28876
1012.7623
1039.207
1026.3824
1091.5889
1099.2402
1148.934
1159.1652
1125.1199
1011.79443
1050.1044
986.77014
881.3234
854.7806
901.17126
992.98376
935.0788
873.8364
939.9993
947.54083
963.9877
977.76355
962.154
892.35187
986.5338
973.4668
975.62256
1010.58386
980.75635
952.0964
998.34814
1000.5763
975.15
989.5703
1069.3071
1092.3914
1122.8584
1163.8501
1180.1321
1172.9314
1193.1053
1133.8574
1003.2627
949.4733
880.38544
753.6083
655.57446
618.31354
586.7851
488.51758
446.29248
385.5269
361.04376
333.28903
344.93744
333.4013
334.5396
335.52036
328.65817
322.81693
315.15958
312.28653
317.93335
324.13443
327.2677
347.98907
349.91336
342.35675
333.32812
331.18506
329.09137
319.04608
315.49442
316.81406
321.3084
329.08652
336.38525
342.26862
349.44104
350.16214
353.1712
355.54288
357.9727
358.67853
356.91382
358.59338
364.43365
367.9549
369.66937
367.35422
367.9721
374.4191
382.59723
390.21088
396.43817
405.26678
408.9057
412.6906
412.37445
410.5446
422.46198
413.34952
415.17194
406.84814
408.62042
408.54633
396.87164
378.26334
368.0784
373.28168
376.67584
381.23688
376.59125
370.08942
367.16415
364.41888
365.32977
365.93402
365.73126
365.8541
368.65387
374.9854
365.81424
345.0034
329.17126
334.1064
344.16864
355.00537
364.72983
365.5475
358.45724
345.26083
329.8343
331.19647
334.12137
348.26913
338.16656
333.13092
338.12296
348.3022
355.95966
353.74213
358.85825
350.85764
346.5185
346.07422
352.2929
357.96545
362.36615
335.32477
402.86786
452.00568
479.82724
498.8815
524.0307
524.5418
516.63873
503.1066
478.9396
499.91357
502.0047
502.77863
503.4789
503.1854
502.7426
503.08667
502.98105
501.71225
500.9336
500.90314
502.3217
503.7934
503.36835
502.43927
501.5464
501.14517
501.87622
503.4756
502.17905
500.3886
500.82373
500.6879
502.09845
501.7858
499.5485
496.4026
498.0965
502.3724
503.65317
502.3916
501.34238
501.1481
501.4291
501.87018
501.76553
501.30768
498.56232
489.69882
476.757
482.92783
474.27133
462.47314
456.22998
453.9795
448.17178
444.13275
431.08847
439.59048
452.2609
477.7972
501.33228
558.2052
637.9702
711.64813
780.01056
785.7868
819.69745
829.76697
841.54315
838.3561
826.8756
819.33124
818.0548
823.67126
826.8581
838.4479
820.0513
829.4769
816.1364
824.12695
833.37976
842.1174
848.1211
851.75745
858.55194
851.0798
825.1759
817.0929
836.4166
886.29706
920.0387
901.18036
906.4406
946.07666
1011.8797
999.9963
1003.605
1006.7069
1067.1909
1091.5985
1111.833
1103.259
1102.502
1103.1084
1070.8951
1086.5475
1110.5066
1118.51
1114.2437
1086.937
1070.3333
1071.6442
1069.7637
1052.4259
1072.4829
1157.6323
1161.3472
1200.1746
1255.1354
1355.3344
1406.4928
1444.7367
1478.7262
1428.3875
1346.2869
1329.7823
1437.7385
1432.4994
1405.2181
1489.0968
1459.101
1422.5531
1465.8004
1479.2715
1469.875
1474.786
1435.3005
1523.8406
1543.4684
1574.6443
1543.2218
1510.5645
1555.9933
1526.5447
1576.0234
1533.2953
1525.5181
1502.4884
1429.4408
1313.9045
1283.8517
1250.8866
1269.8717
1242.6515
1130.7361
1025.8962
837.195
688.6558
637.7884
610.2943
614.9587
745.3568
849.38654
922.1791
1160.9127
1255.596
1345.6033
1488.7896
1499.7692
1495.3148
1520.4458
1475.5844
1473.8457
1555.425
1524.1436
1438.9021
1440.1711
1438.3167
1435.303
1397.9885
1469.3168
1412.8638
1451.285
1435.093
1400.7783
1422.9906
1423.0826
1445.5889
1488.6414
1453.3474
1511.1665
1497.5778
1430.3849
1418.4431
1355.6508
1275.6136
1166.0299
1041.9031
857.64764
691.99786
676.69666
590.4639
504.59366
483.92596
454.89142
459.44156
479.0127
603.1332
766.9038
912.4207
1020.87537
1119.682
1184.842
1182.554
1170.7843
1150.0961
1095.7559
1106.1636
1123.1711
1154.5022
1083.1667
1072.2756
1078.8953
1088.1208
1158.0872
1129.7651
1065.3076
1026.6342
1035.0938
1034.4603
1057.3024
1090.4531
1129.9857
1204.3856
1169.1208
1211.6283
1159.7181
1111.278
1056.1077
1039.0658
1038.7722
1054.0502
987.8962
934.66223
900.1359
874.53534
846.76544
825.30145
817.3107
793.10376
817.3905
766.1483
696.2422
692.90106
615.08673
589.3517
541.1434
502.72296
452.82465
400.15918
321.65942
315.71326
333.11713
340.8238
345.08517
346.65524
340.83405
334.42856
334.18622
339.10254
309.81158
326.94907
341.52692
338.3825
329.08847
320.4203
323.10397
328.90308
338.61078
336.167
329.69794
321.79938
315.16104
336.47473
349.0993
309.91016
320.70538
352.34683
370.22333
361.98166
311.9908
281.6324
255.10953
291.61334
326.1746
342.96466
355.19672
359.4334
357.51642
337.14233
344.68262
338.1513
333.10382
336.492
339.33908
345.8901
336.88342
329.2525
307.4157
339.00128
389.64905
313.45334
260.02954
289.94705
307.94794
313.10812
319.25427
327.28165
334.367
306.27646
316.07806
321.42047
320.97748
321.10385
322.9367
321.36682
317.40228
317.7362
319.47992
320.95267
396.3273
362.68365
359.94885
342.12726
329.70398
331.31198
335.5585
342.70526
342.9396
345.402
328.02228
431.2335
535.1374
559.3846
499.9625
451.6856
441.21436
443.0456
441.68512
415.23993
422.3431
433.1617
458.52896
460.41217
444.6232
431.5589
425.31036
422.68585
421.84686
422.40665
425.1744
424.84357
427.68237
428.04825
427.05176
424.67896
425.8333
421.31747
424.37875
422.55453
422.13388
423.1605
424.18954
423.49673
422.86166
422.42
421.18097
426.70233
435.0735
439.38583
436.28217
433.9536
427.2745
420.61124
424.55273
446.66455
478.4711
468.27094
465.68134
463.6194
477.48114
485.92783
493.9725
497.40942
517.4906
608.4354
527.32837
577.6075
674.95917
789.3661
850.85974
860.73035
881.1351
886.2493
872.94836
889.0335
909.2047
906.9512
904.0057
884.3698
887.71124
887.3361
893.8911
909.9593
918.2277
915.1426
925.8878
926.91437
939.40155
937.8592
929.50244
919.6022
913.7498
913.6831
915.8919
932.2269
959.2897
978.8416
1012.72723
1042.964
1073.915
1078.0468
1019.03876
988.03284
1029.1033
1068.279
1081.814
1081.5065
1086.7109
1063.6467
1053.3383
1051.9392
1061.3213
1032.5942
1079.0168
1026.1932
1048.7881
1082.6324
1070.4075
1046.0806
1051.6848
1031.1255
1046.804
1026.6207
1021.09827
1067.916
1169.8281
1245.808
1277.4033
1373.9033
1356.2346
1406.995
1451.3905
1488.155
1477.9911
1515.021
1511.3098
1500.2517
1499.5316
1525.5121
1534.7454
1535.2224
1525.5195
1557.9749
1596.0238
1601.6881
1576.0293
1570.9128
1593.0164
1603.5488
1654.958
1659.1725
1720.7888
1789.6614
1850.4576
1891.0211
1841.7803
1780.7903
1628.47
1490.6954
1322.9711
1290.6478
1101.8116
925.6278
696.9466
630.5731
609.0814
599.11914
546.87476
489.27618
495.9792
431.72583
429.38022
524.4362
560.2563
710.4778
833.672
893.2845
1020.55664
1155.5955
1311.6279
1379.027
1511.1389
1570.3347
1516.0186
1433.3059
1423.9613
1368.848
1312.0221
1542.949
1482.3824
1525.0426
1551.4675
1536.1412
1554.5797
1526.1042
1416.7566
1240.232
1365.7257
1403.384
1396.2561
1459.9059
1498.1394
1512.1356
1483.1703
1574.5146
1526.0131
1469.2535
1371.9502
1251.392
1162.5564
1131.4553
1019.9707
997.75354
960.4998
941.17755
989.68555
1012.34406
1013.6379
1007.21893
1028.2291
1046.7805
1027.4604
1019.3755
1047.055
1162.4573
1079.7053
1284.5559
1310.6886
1361.7186
1400.9393
1433.3726
1306.5383
1302.3574
1298.8275
1205.2404
1241.9911
1227.7526
1200.6906
1244.743
1177.1823
1154.0558
1228.0739
1303.3253
1231.9164
1182.3386
1240.5032
1162.2244
1026.8314
1066.3483
1141.3483
1242.6399
1278.6265
1180.5111
1102.6366
1160.8933
1175.773
1225.6078
1224.0458
1146.4937
1066.825
1051.5079
1035.5214
1019.1383
975.923
912.647
852.8205
820.4518
832.1001
847.6249
872.118
918.96857
858.1628
806.6661
671.70447
649.32684
583.79553
531.4355
476.06894
416.21967
335.48257
296.92505
309.07504
314.02026
319.88593
344.67517
361.81964
391.56476
400.46698
394.97202
408.2638
378.94363
397.59015
429.01196
421.0716
400.91443
372.2894
353.22653
374.7391
367.2663
337.15228
326.57672
323.7658
322.94775
311.26578
305.92096
309.27115
311.3676
315.90936
324.02042
327.8188
330.89978
348.00812
380.81543
383.99493
358.30045
343.65417
331.4405
336.0114
348.05576
351.3183
342.58636
337.8233
359.97583
366.6026
369.53793
366.4816
383.8272
386.76904
374.62274
367.3407
352.14798
328.56635
324.023
326.56427
320.98935
295.9117
326.64935
324.40607
306.23407
291.0445
283.5973
282.0555
294.52362
308.98996
299.9263
291.80865
291.58435
292.02292
296.90347
306.94772
312.04544
312.52087
310.99652
310.78375
302.2439
297.76013
323.76044
336.90875
327.51117
312.74454
303.24017
302.72125
304.66895
294.01328
288.89935
303.90106
311.64676
307.61444
297.14227
293.69888
416.86728
453.75092
424.32318
429.72745
441.6962
449.9964
464.91156
478.15826
457.937
452.71002
337.9493
372.77762
378.11496
380.2514
379.8585
377.562
373.83096
376.12155
376.90967
374.56522
372.77927
374.19824
378.34628
377.5406
378.52216
388.54462
382.53937
374.27228
372.10797
373.5127
376.75464
374.81403
379.27484
378.29156
353.27426
331.44186
334.1363
350.98886
376.0872
391.15894
418.30273
412.07227
389.66843
393.47528
406.50644
406.08096
397.42023
396.98053
415.55225
466.73648
502.7264
571.2657
542.6785
650.75586
650.5348
709.49176
715.1063
768.99506
799.8182
877.0576
907.3592
897.60254
869.15955
842.62415
819.8092
697.56104
707.052
723.19183
716.4302
741.528
742.707
712.56116
714.7946
722.027
703.5737
718.4697
758.882
793.0096
819.58606
836.14777
898.48615
972.38055
1034.5212
1049.3488
1033.5282
988.5791
1011.5539
1041.4916
986.4875
1006.73566
972.3656
954.09406
950.9503
967.90735
1003.4977
1094.18
1088.5886
1136.2036
1118.2317
1093.8982
1058.8109
1041.4572
1085.8007
1067.1367
1023.43195
981.40125
978.7969
1009.60645
1129.628
1262.0804
1424.9937
1480.5261
1557.0907
1588.5212
1684.0094
1700.7223
1728.8262
1770.4824
1828.2731
1842.776
1826.3832
1720.2416
1736.5358
1731.2211
1721.0029
1725.385
1801.3463
1837.4319
1812.5436
1821.6647
1804.7639
1842.5801
1818.2994
1757.4382
1665.2178
1611.4995
1609.0925
1627.905
1567.1481
1525.2458
1474.1035
1385.7769
1279.866
1171.0574
1010.42773
830.54346
650.7276
548.0421
505.16937
577.31165
656.6103
715.1512
720.4359
812.0968
987.76404
1092.9152
1199.7635
1322.5381
1413.5598
1482.1952
1405.2589
1483.8512
1331.5236
1338.4857
1280.0806
1340.6427
1367.9839
1463.3364
1538.8607
1549.3391
1380.4856
1325.6217
1447.6552
1429.3389
1552.1168
1553.0499
1452.5356
1436.3113
1359.8422
1246.3662
1053.892
1058.6028
1046.8112
1042.2249
1039.5519
1080.3285
1117.1871
899.1045
908.68164
850.20557
807.5247
728.6366
758.475
821.5618
954.4652
1018.5783
1055.071
1147.8164
1358.1823
1223.1182
1163.4459
1123.747
1117.7848
1089.9899
1133.7737
1181.3523
1153.2664
1083.4244
1033.7393
955.278
903.41455
876.3166
869.05194
917.6166
959.422
979.22833
988.3428
996.33124
985.76404
988.22107
963.5874
946.0513
917.0677
928.5958
954.9383
984.1952
987.0394
987.0665
981.73865
941.743
868.15515
850.24744
848.7328
864.51184
888.18964
902.56506
847.76465
769.95624
696.88135
689.33044
617.7626
550.1127
484.07852
420.8142
383.0427
374.9018
346.74768
309.17657
311.54865
313.6255
313.484
311.19263
310.65155
287.47162
268.31192
275.64957
279.37613
289.70905
309.6219
332.66602
351.99872
358.16827
360.77136
356.5451
360.48846
361.3681
356.09247
340.7255
345.30356
352.87772
364.043
354.54398
370.00436
367.5306
360.8294
345.95804
355.06238
387.2547
380.8282
357.31354
355.28973
338.5678
347.44547
348.0238
364.25766
417.58432
380.26575
344.71002
325.10046
336.73108
354.5633
367.35855
372.17007
371.7267
353.3858
356.0496
334.34183
328.89398
325.3754
328.82513
340.02655
331.953
325.8774
323.60187
346.5555
361.9499
339.85352
324.70514
313.37332
344.82742
371.46436
346.77948
360.8763
339.56464
362.9639
321.63104
335.98907
401.726
438.3829
456.4038
458.53995
476.20493
449.51816
384.87433
334.10455
310.2172
312.98636
323.49536
332.96817
353.16907
378.24387
363.32736
360.18967
348.80432
337.1831
380.41736
394.32208
394.3597
385.71246
388.30606
391.8951
387.14587
374.34048
368.2336
342.0678
376.52118
388.81018
375.88025
371.35233
380.53827
369.3806
364.03772
373.49457
363.69418
350.53717
335.52124
324.51886
322.79184
322.107
321.02762
329.01138
331.6295
334.05627
334.87152
336.5176
338.45325
344.67914
347.43066
353.61044
350.38846
353.4648
356.99933
355.15738
358.5036
362.55048
373.13727
405.3677
424.66132
404.24078
388.947
381.61703
383.272
412.39935
417.47388
485.69278
566.6565
633.67896
654.7654
664.5523
664.29425
673.95306
737.1935
751.7915
770.5962
806.2151
837.4401
811.1477
778.8092
761.1118
738.1062
701.6179
707.3317
704.5588
686.62714
680.0913
696.05835
691.5259
700.9206
692.06573
703.446
706.08264
716.67914
713.0065
713.1515
695.1898
683.6938
687.008
686.192
698.31744
699.3968
715.3666
714.70135
717.42426
711.14197
730.6478
727.84436
717.7033
723.4349
740.0172
746.9586
753.47955
759.49445
777.61316
758.01306
747.48755
734.18414
750.0414
788.6588
774.93286
763.3205
750.0178
775.6475
893.3213
930.53094
1021.6828
1064.2303
1243.4431
1305.5106
1352.5166
1400.4755
1385.8108
1336.8928
1359.3728
1399.1023
1422.4309
1422.6655
1420.7336
1457.3384
1474.1901
1450.9362
1450.376
1398.1559
1383.6116
1417.8013
1420.8616
1397.7263
1381.2068
1420.7489
1431.0747
1371.793
1360.8083
1393.1105
1277.2761
1197.6506
1149.8362
1106.6881
1035.6246
964.97296
921.30505
803.1712
668.26935
557.53796
512.5336
524.53143
587.4237
650.96765
786.34393
845.99646
956.71875
1049.6663
1164.3444
1199.1537
1216.9592
1215.0369
1176.024
1190.0667
1187.5084
1246.1672
1262.5931
1322.715
1296.9485
1263.9321
1128.9061
1159.539
1178.197
1181.397
1164.8058
1225.4927
1208.7615
1285.9929
1262.1946
1207.1171
1134.22
1197.402
1340.5924
1373.6678
1373.3845
1260.3633
1236.866
1155.8269
1042.4154
847.97107
728.7361
768.20593
779.53235
714.2998
665.20215
671.8677
675.588
636.9877
654.90906
707.11115
688.8993
693.19763
701.33167
705.60583
704.6185
711.5371
709.41144
698.23346
696.695
623.47687
631.973
625.1292
602.2985
543.1038
530.3298
508.07382
509.93546
507.5813
543.4535
632.30756
674.29694
766.456
870.3661
926.14
1041.8367
932.47205
835.0425
761.0399
811.49805
884.05994
950.808
1033.2526
1115.7225
962.8998
951.98193
919.0653
802.22473
770.4826
858.3042
827.7661
750.2214
733.99426
749.9887
799.1553
823.58496
863.39044
879.73987
887.60803
904.16425
990.0176
1053.1381
1025.7511
888.53516
843.2625
791.1244
709.57587
759.7649
738.5707
725.13916
764.4051
815.88214
785.65594
757.7409
730.4435
684.82526
671.33624
682.52185
717.40686
673.2435
624.72577
671.0807
699.20966
678.2664
700.5745
675.2804
641.75195
616.7786
555.5408
497.68686
447.08676
416.15732
397.88797
371.85995
383.6313
412.5728
361.67444
325.10367
327.33853
329.2283
327.41574
327.62262
331.0379
329.3626
339.85654
352.79355
359.45477
344.09793
292.53802
265.41037
254.19467
254.17278
260.6741
276.16293
287.53662
306.13773
300.7129
303.01898
307.87506
309.10736
308.17502
303.6021
302.22394
296.71985
296.86652
300.1324
300.63144
300.4986
300.26895
300.59534
304.40756
303.75803
295.82135
274.06815
263.693
264.85037
268.32367
271.44818
272.201
274.13702
280.73834
297.13086
299.385
293.41553
291.03226
291.9662
293.22607
299.45337
307.97256
298.00662
283.82013
264.89276
253.59189
261.53912
282.3864
283.99286
301.83685
255.8165
261.7525
274.88507
266.25287
259.5643
249.1274
273.2155
322.1651
322.48355
304.70367
297.96063
307.70868
315.2492
318.07623
310.65793
307.935
316.1055
318.12766
326.9947
280.09482
232.91104
239.87813
247.4598
255.25284
261.02216
261.41473
267.33588
301.53857
312.35574
318.20624
317.0103
314.12402
311.10272
308.49533
306.17117
329.69684
350.56726
360.621
334.76855
326.31265
327.50708
342.40048
360.0063
357.43686
350.5134
329.41425
327.74945
328.6424
328.56702
331.06973
331.64313
337.01508
340.98206
341.45673
338.09543
333.78802
330.8672
329.9701
332.1728
332.64886
332.273
331.62396
332.51508
331.71243
331.82217
331.92554
332.89777
335.69604
335.12103
334.35214
331.05225
329.27972
329.7987
330.29523
330.3412
329.52417
328.87225
328.38834
330.11334
331.15866
332.44012
331.74164
330.85995
329.6473
332.19577
344.10864
465.2046
485.72427
523.8217
555.21423
570.78156
529.0141
477.29132
449.3492
458.00848
461.6818
425.91583
579.29626
632.2606
647.18616
697.2064
749.08856
769.20337
762.18494
755.35626
759.5836
772.0421
796.17377
802.2023
819.86017
833.94617
820.2544
799.3085
779.3959
778.5182
777.0042
771.0183
781.8888
789.35547
786.20734
802.8281
836.341
840.7381
848.3332
839.5415
857.327
877.5322
883.2501
908.29706
906.33984
937.32697
976.5817
1019.62195
1044.1956
1025.5729
984.6361
991.8089
995.2176
929.9588
909.1917
902.44446
894.8309
890.7357
886.82825
877.85516
893.43134
886.73566
870.4751
903.8548
917.43066
934.23254
935.2549
925.58624
951.4803
939.34753
1027.468
1150.3005
1286.1786
1526.7356
1713.6707
1849.7858
1992.9297
2006.4209
1980.5209
2042.3215
2038.9039
1905.51
1764.607
1795.4984
1787.1849
1787.8547
1839.7477
1864.5055
1782.8782
1757.7699
1791.6204
1963.8207
1788.6624
1750.1846
1757.5413
1823.4724
1847.1985
1814.5629
1811.9418
1834.8098
1770.0989
1661.7117
1560.6484
1458.6931
1317.2039
1253.2157
1189.7192
1152.1165
831.28235
757.3543
656.3815
597.54364
624.478
755.26514
785.2952
958.95984
966.37726
982.5631
974.5028
976.26886
1065.134
1209.7539
1387.967
1562.6298
1511.9797
1640.9075
1647.7542
1495.3528
1491.433
1519.1454
1573.3376
1500.2603
1395.617
1455.8402
1410.9404
1198.6145
1376.8599
1474.162
1463.7273
1594.177
1431.937
1428.3876
1583.3018
1626.3367
1615.5957
1644.0045
1565.6948
1505.0631
1366.7969
1177.0603
1003.7897
981.5731
984.92206
940.7999
866.40625
854.8634
845.9123
859.7999
864.47363
856.2534
874.10803
860.85046
866.53455
854.7705
733.8242
818.84503
873.18713
991.26495
1122.2205
1141.9169
1041.7811
1207.6428
1218.0952
1315.3053
1388.1842
1293.4543
1230.7249
1352.7633
1287.4413
1295.7356
1304.5707
1320.8542
1228.969
1256.6608
1254.2595
1264.823
1297.0917
1369.3835
1291.9839
1215.2582
1214.223
1239.3948
1358.9315
1381.3333
1432.2262
1459.6158
1554.7874
1596.4423
1610.1163
971.66223
1137.0344
1080.9363
1015.9671
985.28723
968.35046
936.31836
879.8255
801.15564
777.4313
805.5588
792.4486
862.1947
807.43335
842.27423
822.887
723.9305
630.1416
561.49097
519.5888
489.1358
414.8647
383.06165
290.39252
264.61676
236.38603
243.03899
235.23064
228.48967
231.15894
238.26096
265.4597
373.28317
320.32083
288.39987
358.95
352.71924
332.8965
325.46155
316.21463
318.4964
353.10458
378.06
387.35687
368.67618
368.46347
368.48175
368.38455
368.8512
370.57578
368.9388
368.35394
368.06088
369.88583
370.44904
376.70685
382.16296
375.08563
343.0503
335.76044
346.55276
347.14377
359.35867
376.95923
388.92545
451.08466
470.0462
417.07843
417.35385
406.47134
395.52896
390.76434
400.00824
380.992
292.20474
347.5734
364.49298
368.52283
387.61713
397.85327
384.8274
358.34204
374.96667
320.2273
329.27383
352.39648
330.5777
287.74307
327.43
322.22812
319.59186
316.80814
314.13004
312.39764
312.29285
313.5374
313.27786
317.32892
319.92078
324.43817
327.64923
324.8914
320.13446
319.0447
317.07166
315.0337
313.01196
313.31006
320.1757
321.86118
329.17065
329.2914
327.662
327.08624
328.2854
329.7169
330.01663
333.43246
335.8507
377.14154
425.60922
439.36603
461.78198
481.7613
497.93344
490.3253
487.18695
467.80664
415.09512
445.9371
449.9582
480.03046
483.10855
446.6442
432.13495
413.248
395.3942
381.77576
351.72714
327.77313
359.35196
356.09094
384.2057
381.41797
376.6571
378.93146
379.4873
382.56573
387.37585
388.77243
391.42654
394.9554
396.53577
395.8228
390.2374
385.0529
381.96143
381.67575
380.25458
381.6554
383.69952
384.0728
381.79642
381.7701
410.08487
392.18732
402.72403
394.6033
381.15735
382.54678
372.68903
376.44986
354.3417
370.27924
359.91727
361.7143
391.87088
441.06876
497.21835
578.2494
723.9629
724.53284
749.0299
786.1835
799.9478
758.86365
785.653
798.19885
909.75037
941.8903
923.99646
928.6242
908.22266
955.26746
978.6248
1040.6716
1064.1904
1050.2522
992.7493
1008.01013
992.7965
996.89667
1053.9778
1034.3615
1042.8271
1030.842
999.41907
1009.29297
1061.053
1166.9419
1113.4783
1012.7126
1043.5125
1072.3297
1096.2025
1028.3866
1027.1497
965.96796
982.2487
999.9108
1099.383
1205.1102
1277.2805
1250.3756
1264.6238
1276.9231
1291.9484
1303.2966
1268.516
1246.5739
1246.033
1200.3749
1102.3788
1112.4607
1111.1443
1023.5824
982.41455
1027.5076
1025.6534
1107.8855
1126.4104
1200.2723
1236.7922
1242.9619
1331.2401
1414.9304
1478.282
1538.5619
1595.9568
1712.9817
1792.0654
1727.5482
1729.0186
1717.304
1719.5857
1849.2151
1834.239
1791.4271
1767.9084
1786.283
1748.6838
1699.4401
1703.832
1612.3943
1593.6514
1552.6649
1566.1298
1604.2155
1581.1686
1552.7878
1597.1108
1692.5873
1579.47
1477.719
1418.8357
1358.0217
1289.9355
1201.7711
1111.4785
998.1803
853.9354
592.5851
532.0166
529.7654
495.64154
472.16714
438.69238
394.9218
309.55673
344.67896
380.72906
402.77026
548.24335
609.9417
738.48175
783.2231
856.69354
857.3208
883.1922
852.5607
973.662
984.5695
907.3983
1059.2084
1356.3728
1431.9211
1393.9377
1545.2982
1447.4958
1411.056
1426.3423
1365.4648
1255.6047
1168.5938
1146.7643
1219.032
1228.3154
1292.4242
1320.5889
1319.1669
1368.9574
1352.4834
1244.9921
1158.1001
1176.342
1119.2311
1085.7146
1305.8625
1290.5642
1245.8262
1280.5028
1312.692
1254.8422
1264.642
1035.8031
896.8615
722.7553
664.7897
586.4862
568.80505
530.21466
478.57968
453.52728
434.11734
395.40955
391.09808
381.31363
360.76852
346.13364
332.5415
401.26617
446.3353
514.02313
622.26715
749.7771
853.694
956.9066
1035.1315
1158.2532
1173.1118
1266.0026
1258.2249
1256.7094
1277.8167
1261.6263
1225.4167
1209.1987
1220.2548
1097.4952
981.6712
898.5789
841.47656
846.7357
860.9673
886.2218
942.6947
1015.40576
996.7132
1040.6985
1103.5732
1085.2201
1079.9384
960.34344
940.0127
899.91565
874.5425
859.1771
816.641
783.22107
769.9934
765.92285
721.9873
698.37573
714.266
686.6776
681.0426
667.7177
651.3917
607.02356
556.5956
495.96246
448.20294
406.33533
356.98004
339.50388
324.21664
416.5786
379.66873
381.78937
384.55478
397.72372
410.62857
403.19827
381.24103
360.8204
355.0956
357.0782
353.4009
354.87082
372.55615
381.41354
380.43204
250.47314
229.10791
202.1827
203.10092
209.62224
215.77312
219.67007
199.58183
231.47932
234.84555
235.51164
235.5059
235.73259
235.61343
235.50386
234.19824
233.75761
233.42773
231.4491
229.49161
229.67545
230.25613
230.16898
230.6271
231.91418
232.95285
233.88638
236.31625
237.37906
235.17972
234.61897
235.60013
234.21284
225.95358
216.95395
221.67154
221.31485
220.90332
228.68582
238.41605
245.9249
228.6903
200.0412
200.62814
206.45317
212.98596
221.38689
226.13167
230.32864
228.99124
221.76535
221.88797
237.56314
232.15088
230.79292
217.39157
204.73259
214.8439
221.84676
221.23404
220.33383
218.0372
219.81226
215.21909
214.1602
235.24104
244.48499
242.47842
248.06274
246.85242
263.4036
269.13696
271.21948
271.53116
270.7697
248.65222
242.46848
217.5043
246.32797
242.25427
238.56323
248.62463
248.09673
248.34787
246.97446
246.51529
245.38252
248.33968
246.24426
247.755
247.72806
249.46182
248.25793
246.27458
244.54138
245.95761
249.05176
249.38712
247.75467
245.0834
243.33911
248.67896
251.41939
250.50981
247.39221
243.55008
243.81209
245.60461
249.36665
249.10115
246.23357
240.69077
237.27505
273.4265
241.14499
231.47356
231.6936
232.64331
306.4571
289.73157
260.95355
260.1002
249.4342
240.72726
322.41974
373.997
365.75418
397.3428
420.6106
465.16586
531.05914
569.39215
601.53796
601.8373
641.1556
631.20276
627.28015
619.7724
643.78015
732.5525
776.88794
750.44214
705.67
663.22375
634.9945
615.54846
610.3687
627.91583
669.33026
679.38513
689.6796
735.5124
747.93164
710.6101
693.9548
674.3052
704.7562
717.72546
696.0073
686.953
679.55566
676.20856
734.20197
764.8874
815.7267
857.2921
867.67566
802.46606
772.06757
903.9891
883.6664
855.6497
717.70184
719.48785
726.55286
747.6749
806.03314
847.67664
814.6031
809.54767
828.4752
862.4465
921.1952
1170.0928
1096.1047
994.35187
927.08887
941.71643
1045.9296
1192.8258
1270.6171
1280.6926
1295.5938
1281.7407
1263.8794
1250.7102
1274.321
1268.0739
1205.7947
1158.7925
1216.4554
1219.7288
1240.7805
1251.5833
1236.3691
1264.1443
1230.4026
1217.8741
1224.3514
1251.6876
1257.7341
1255.5641
1232.241
1178.7837
1150.4674
1114.748
1097.843
931.25226
816.2838
702.5908
610.08264
560.0414
445.46713
328.92166
381.5897
270.02487
299.32123
405.3327
503.21747
627.03613
728.7782
793.9701
845.86145
913.9245
971.46027
999.3301
971.1354
1051.157
1067.5377
1083.8489
1122.8994
1110.9988
1025.0344
860.66376
755.24225
704.634
656.9093
697.31903
785.9975
724.6984
734.4944
808.8531
795.41
760.0949
870.5086
1012.9684
1037.4293
964.63965
1094.6924
1145.6702
1142.892
1047.5828
940.0758
947.361
931.1157
937.1078
762.3242
707.59436
702.1459
669.18195
676.3306
702.46954
706.2877
732.66144
747.93976
735.74524
737.2259
765.77277
732.8703
739.128
695.8941
567.3612
530.92175
514.86017
583.404
617.42523
728.82336
731.01544
873.6613
910.7801
940.2666
987.285
1056.9519
1103.4861
1061.4934
839.092
863.9733
799.961
775.33167
732.0727
567.4102
548.5464
712.50134
777.70685
853.78125
775.3742
781.893
770.60913
785.77496
805.5123
834.4398
706.47107
629.67267
565.98224
546.74316
593.10754
645.9846
780.5022
945.6408
993.1449
953.4681
875.236
770.9594
672.46716
641.3812
573.71857
617.7914
702.8102
676.9936
757.9579
756.39294
794.1376
841.0752
908.3844
927.7775
884.8084
937.8851
909.6795
693.6364
629.5475
601.89325
546.4022
500.51392
452.70425
409.03577
363.60388
304.09393
251.49109
225.55249
202.27002
208.6377
221.57999
221.17444
216.03183
207.83472
202.34634
200.0902
209.98958
220.60283
220.17046
207.51045
181.44905
169.23201
213.20773
221.87292
250.3416
252.9237
237.92757
245.65279
284.67273
289.9564
291.05008
285.34845
279.17117
271.48187
263.22476
258.97568
254.9753
257.03372
252.71716
253.33398
251.12186
243.49057
246.1816
240.26616
234.79236
232.09207
231.25278
232.1489
235.16336
240.81917
245.43253
251.37947
253.11426
245.60474
239.2889
231.51314
229.32593
231.90063
231.90146
236.06462
238.5166
244.41113
251.08125
260.2789
274.41208
289.78314
331.74673
320.40445
310.0196
299.95734
290.2531
286.80273
289.24875
293.91556
289.5721
284.19775
276.68408
275.98016
278.18988
280.3458
281.306
279.94394
277.23273
274.81866
274.5261
276.8735
278.9068
278.67026
278.4816
280.08575
281.1726
280.76016
278.3418
278.2286
278.19702
276.37906
277.24875
277.3309
276.74088
277.15936
277.55875
278.41962
277.2011
307.30435
296.81558
290.34216
297.63837
307.63156
320.5785
325.63257
325.59946
330.26022
328.07013
322.26663
312.1761
294.6145
284.9992
280.67657
278.43985
275.95892
274.31805
274.71658
277.135
278.55682
279.62338
279.6733
278.30304
278.58026
281.29874
282.6845
283.25375
283.04327
284.1406
283.09805
284.9328
286.05325
286.70267
286.21808
287.49393
286.86157
287.06122
288.91397
291.07565
293.32635
295.99933
298.32733
300.98804
313.44382
320.75336
322.51877
325.89374
372.93207
373.84027
398.2359
387.54538
378.20428
364.8725
336.13263
331.6971
340.41483
354.64423
401.31924
456.78824
388.6341
416.42853
485.89835
538.7795
607.4263
596.3891
588.01263
600.9753
628.7804
643.7044
629.94586
637.1216
639.63635
638.41125
632.6925
625.7167
633.4647
648.60156
661.68604
649.97595
648.84424
665.5262
663.9287
669.82336
679.2855
690.8114
704.8618
732.9176
734.69696
760.57446
760.6996
762.1764
769.5116
787.1255
794.16907
807.50085
810.6221
818.3794
816.8273
820.6878
825.50586
822.37305
851.42645
853.6408
899.56476
942.16113
958.1022
931.2147
876.69617
839.85205
847.7204
841.1505
854.5082
852.0924
811.32385
817.0934
815.6358
888.99396
964.2999
1024.3173
1058.9065
1111.604
1119.1093
1117.886
1137.976
1123.8176
1155.8118
1137.2429
1164.2177
1155.4866
1153.9364
1146.508
1111.9128
1102.1873
1102.3782
1109.719
1142.7059
1110.6343
1095.1194
1120.1736
1111.107
1119.0251
1134.9873
1137.4106
1163.0911
1138.1692
1157.2214
1030.3807
972.9847
940.35486
938.4362
893.26807
727.73474
636.964
585.1996
488.7643
489.8838
441.23315
402.69717
469.11002
552.4791
676.0507
788.0361
896.12805
999.61346
1042.8689
1126.9791
1059.8811
828.8381
918.8052
976.06055
1006.79895
964.86035
977.4476
1005.68945
1042.7252
958.6634
985.7666
958.5834
887.70636
795.8118
772.28687
804.0392
765.52185
744.21094
794.0846
820.81213
940.7878
980.3545
944.5165
889.7375
919.641
985.4647
867.6444
892.52356
783.07214
716.8826
632.8013
624.27576
557.91394
516.53613
523.6991
567.8146
664.973
742.6638
801.7229
824.9583
851.4906
854.3294
924.86816
972.5112
894.7985
889.78284
862.5438
856.7492
832.5934
831.74915
812.39343
803.00586
760.0085
889.487
752.37805
657.81116
605.9405
617.0042
631.31934
673.41815
628.4533
587.4857
613.8583
616.9734
609.83167
597.0455
567.91125
556.1289
516.5534
567.0257
599.1282
547.08826
503.48154
543.61334
566.82526
564.88135
565.617
567.40155
615.754
542.2565
591.4176
598.23334
581.1952
565.5365
509.865
468.25455
428.52612
366.98053
330.48578
297.97604
283.8927
259.31308
252.57634
223.85164
227.53403
223.07239
243.29373
245.7908
257.06104
272.0257
292.13544
296.40445
293.98563
294.67017
293.74844
293.74994
296.29138
309.562
286.49893
369.0468
262.39517
177.92079
213.70403
272.62836
330.25644
348.66824
403.01855
358.1302
355.20392
350.10458
318.29132
327.90265
318.07
338.87735
286.8614
295.57303
313.498
346.1728
340.42148
326.03586
321.9411
330.3851
322.51053
292.63593
299.0909
310.63538
321.02957
328.7308
343.39642
352.42184
351.80853
340.48865
326.8792
321.95953
315.56122
311.19028
291.83417
307.93265
306.91742
304.25543
303.975
356.8161
337.45682
308.51727
321.8473
334.94684
339.96826
318.83453
316.6997
310.6184
390.66522
448.6649
454.68393
446.31967
418.10947
403.44455
400.48218
361.98157
347.39645
349.62518
329.3476
361.78384
324.5304
320.42725
259.70404
270.2921
314.97498
333.14398
334.5301
340.61166
342.11987
317.25183
314.47696
311.2848
301.86224
332.04843
338.99667
374.70724
585.3815
637.0431
587.75415
511.37744
479.5625
474.2509
481.18887
446.5498
466.78027
449.6696
449.60654
448.66153
447.4916
445.75836
449.81464
452.26752
455.30634
451.45135
448.91846
447.5087
446.2276
447.37604
447.85614
451.95526
450.86606
450.34457
446.42944
446.7163
447.70132
449.8724
452.80096
453.2374
452.88632
450.87338
448.56427
447.11417
452.79922
457.51596
456.89972
451.69598
448.71353
454.2543
453.5521
454.95517
450.5594
455.64935
458.1823
457.35498
450.9095
455.26627
455.51483
459.49048
457.26825
451.28555
449.75067
453.6438
450.23236
450.85516
449.3776
450.03693
451.5045
455.04776
450.0546
454.5878
465.61932
526.5184
565.79285
515.47644
484.9056
475.54047
481.83966
476.8421
600.5397
651.818
690.5337
678.49084
712.3002
747.473
816.8768
886.25574
883.68866
932.27637
927.14026
930.5825
944.55945
991.3434
978.25616
1009.0532
1017.51447
1007.14307
979.56287
966.66736
1002.9701
999.7958
989.8148
952.9961
954.6459
958.21765
957.2748
951.387
973.48535
987.9544
1013.0674
1049.9271
1049.8475
1034.274
1033.3938
1043.553
1049.7229
1063.6432
1093.3856
1103.3468
1102.303
1091.7908
1096.5471
1088.3907
1102.6991
1082.7715
1062.321
1114.8854
1095.6488
1095.0791
1088.7444
1123.9655
1087.1305
1096.92
1073.7004
1065.3606
1054.0812
1048.2548
1058.059
1105.2133
1197.7517
1327.2161
1405.3328
1441.7592
1509.7319
1573.5999
1651.8728
1728.217
1840.3158
1816.8646
1798.678
1838.4695
1830.403
1851.8805
1856.9539
1867.5748
1828.694
1850.8328
1858.1582
1895.9219
1957.5256
1927.9114
1923.4781
1913.1035
2002.6731
2008.6633
2017.1647
2022.1074
2051.1907
2032.5283
1961.2711
1710.0883
1648.5651
1524.0839
1408.6788
1285.1549
1200.0238
1137.3854
924.42804
715.6939
761.29626
739.03906
769.99756
783.8099
860.2388
1054.8269
1366.6066
1428.5656
1489.7346
1506.3759
1640.7683
1718.9838
1668.0906
1629.5789
1553.9768
1579.8553
1466.6995
1293.9944
1458.8104
1475.2468
1546.5691
1564.3507
1330.374
1423.1499
1304.3552
1202.2668
1291.14
1224.2827
1173.0925
1330.5198
1298.6072
1188.237
1191.0999
1303.8864
1335.7047
1273.7908
1209.2141
1262.7483
1206.5013
1017.32245
1078.3933
922.7002
774.6986
635.13855
557.366
566.06165
542.71814
501.8624
503.94843
534.256
599.4852
688.65674
801.5229
1020.7835
1141.3732
1229.7131
1422.8793
1540.781
1745.8698
1580.7413
1610.321
1464.3562
1436.3242
1382.581
1443.4603
1511.4397
1487.8492
1501.4495
1473.1384
1509.4042
1580.455
1595.3035
1666.4857
1633.2062
1459.3909
1361.6621
1305.522
1328.4347
1465.3523
1609.9478
1664.8721
1729.7324
1757.4128
1781.7513
1746.617
1687.2634
1755.6647
1604.3682
1444.5625
1280.4121
1213.5752
1216.4663
1183.6052
1144.01
1071.4746
871.39435
838.99854
868.29236
868.3713
896.17334
932.82874
886.18176
820.1704
702.40247
605.2814
559.6859
526.6053
488.80542
436.10977
386.98453
353.5794
335.55133
345.47217
354.18073
343.49823
385.8913
399.04477
372.59467
389.45682
385.8357
363.77847
352.1304
376.98
522.1061
