0
321.51608
320.34293
315.52325
314.72614
317.7987
317.24576
317.3131
317.39706
318.78156
319.75067
317.8696
316.86163
316.69748
312.41925
315.5022
323.71414
329.0297
331.02512
326.3102
320.74966
321.53937
322.5365
304.60406
298.87302
349.16168
361.85474
371.18817
377.3063
394.2189
403.15112
385.96222
392.90472
344.03696
343.22675
349.73993
369.5911
391.812
413.81232
421.71234
439.41193
434.30878
411.70248
391.00073
379.48727
388.6292
393.22223
401.77136
406.3112
393.80353
387.97916
376.83728
371.97034
366.918
391.19467
383.8366
389.7227
409.7254
419.80353
426.649
438.22955
415.0856
474.2209
463.9625
482.42813
447.8117
434.7015
430.21832
430.60562
432.11353
425.82806
412.89227
417.3924
417.60678
417.7587
418.47833
419.30536
419.98224
420.48398
419.65717
420.66083
420.40714
420.49423
419.2542
420.30475
422.29932
422.37222
421.91925
422.0279
423.2254
423.68002
425.03387
424.0699
421.19223
420.53183
420.25986
421.0917
421.93637
423.31915
424.86945
426.55646
430.9558
461.50113
520.0727
622.0406
734.57135
750.61804
711.10156
667.04553
603.5869
568.40393
559.2179
485.6098
563.39417
555.35016
530.6422
595.39307
603.3126
672.75244
691.19446
752.4394
729.1169
648.39087
640.939
693.07996
761.07416
768.80664
802.7561
782.99255
782.3938
793.11633
819.38684
812.8107
845.1589
860.94403
877.96173
858.6881
858.7623
850.3893
825.5537
767.1703
781.0541
825.7826
845.7633
852.81055
856.3577
885.42224
889.277
906.703
900.6906
876.3169
887.5636
886.604
901.85754
908.3749
901.51154
873.8831
880.9352
908.33575
966.25964
1004.8034
1018.77454
1064.7476
1073.8356
1016.2169
989.13904
963.2987
944.10156
923.3787
901.4375
906.39044
900.4318
908.1751
909.2577
917.3905
916.08655
911.20544
910.2765
923.43555
935.48425
950.9596
1003.1086
1005.2225
1023.4839
1028.2085
997.0099
973.1481
1149.2947
1234.889
1361.7863
1457.3698
1482.8801
1470.8362
1444.4583
1439.6143
1493.876
1506.0823
1541.0166
1534.0657
1546.8796
1543.2347
1536.7958
1535.4897
1566.0992
1569.8594
1555.8564
1572.0712
1557.1199
1593.545
1596.7246
1582.7952
1567.8381
1545.2054
1532.2579
1567.5881
1551.5579
1546.3568
1564.2439
1559.552
1512.6456
1420.6937
1352.1443
1266.4218
1149.6289
1013.6457
863.16516
726.76953
588.67285
532.3059
638.4271
805.44934
841.66
782.4981
823.3696
1051.0985
1110.0579
1267.3856
1293.8984
1365.2568
1375.864
1391.8412
1383.1357
1465.074
1530.7839
1509.7173
1514.9246
1520.6023
1569.2913
1436.9945
1357.8563
1138.6868
1348.2485
1335.2668
1424.5612
1396.9083
1432.2709
1419.8276
1432.5986
1479.974
1458.5603
1399.9022
1429.6296
1394.4819
1358.7794
1412.3239
1400.1731
1345.8259
1367.3535
1397.7385
1396.9615
1389.1389
1378.991
1396.545
1289.4095
912.68665
860.1625
873.73535
913.0983
938.2744
938.9831
925.7948
914.95233
873.27655
877.6063
851.96326
829.1356
831.228
856.619
861.68634
889.9593
844.6994
833.66223
795.9106
680.8503
626.8748
610.74994
687.01965
855.1305
1096.8689
1181.9797
1269.1039
1365.2893
1428.0055
1348.3861
944.66907
972.86346
942.31555
942.43036
841.933
881.0189
921.43396
874.1559
938.6398
1077.4102
954.32825
1051.8145
1007.3625
992.17255
975.3304
1090.9092
972.1903
940.7606
903.4915
888.8082
910.9043
951.15125
1007.3262
1051.199
1090.4084
1116.2319
1079.23
1106.4857
1143.9187
1146.656
1141.7201
1158.0913
1063.7961
922.15027
890.93445
855.07227
771.1662
769.0017
766.85406
637.7318
492.25894
401.9174
393.16888
365.73572
331.13065
314.07333
315.61722
316.22324
335.8291
350.4808
329.75836
308.80957
303.3463
309.19467
313.21442
317.6583
321.4059
320.53912
310.80347
307.45505
306.92166
305.38434
293.22464
291.32523
296.02777
304.8569
315.26663
325.17743
337.07883
342.81094
343.02234
343.62643
345.86295
347.451
348.57068
348.77844
355.9839
369.53903
373.87204
372.21942
369.69064
369.21545
367.10266
366.0834
369.73297
372.39487
369.3111
373.74875
374.78973
373.7426
374.0452
386.41437
383.31186
371.87885
366.29138
367.89804
368.95465
368.01718
364.80463
361.73807
353.3239
358.21906
360.97177
361.06992
360.35748
356.36615
353.17404
352.97308
352.4932
351.58572
352.6862
356.8874
369.89865
370.67892
344.12027
324.84744
321.17984
337.4405
360.44696
386.50598
395.38367
376.80847
342.52048
326.2674
325.52124
338.81973
380.41827
370.97305
363.99228
359.0979
363.94308
365.75827
374.72357
373.6399
370.31003
360.08044
422.31635
416.73828
394.31003
381.13095
351.82343
404.59903
477.67426
474.29697
491.73438
499.72617
502.31232
506.07745
482.60605
474.27386
497.10782
498.09186
498.58755
499.12686
499.75482
499.20078
499.28717
498.3842
497.0298
496.3754
496.82373
497.4544
498.70148
498.57626
497.93774
497.86694
497.95157
498.38568
499.26474
498.9291
499.7684
500.96808
500.4466
499.40787
499.24396
497.98004
496.93613
499.1214
502.25092
502.86118
500.69525
499.3711
499.5688
499.18317
498.55658
498.48187
501.24673
504.7006
521.3759
514.54834
500.77582
497.6291
485.10025
473.06635
452.11197
448.979
447.62518
451.25043
478.2023
474.3294
479.3816
516.99536
580.8871
677.3341
794.73224
919.4957
928.5874
808.07605
864.3926
881.46924
844.5213
828.25653
842.80255
878.0076
908.97424
907.6076
906.3605
915.91077
912.7106
920.87286
912.70996
908.28906
899.5158
902.31024
923.1193
944.5978
952.65576
935.5052
901.24286
912.86035
931.8192
988.5387
993.6146
1051.6414
1086.5746
1132.2793
1153.5177
1181.9597
1161.1936
1240.8756
1330.9084
1294.284
1234.9834
1179.6948
1154.5521
1113.116
1138.0955
1152.262
1164.9705
1185.9381
1148.039
1154.4939
1121.4645
1164.106
1213.9331
1256.8229
1352.4403
1350.729
1360.3585
1546.157
1576.6338
1616.2617
1633.8118
1625.5879
1609.649
1551.9863
1549.0863
1536.881
1522.0774
1525.7002
1552.6921
1548.5776
1547.7155
1588.4075
1617.2094
1632.9043
1632.1589
1637.0929
1631.1044
1625.1144
1602.8385
1586.8105
1598.211
1596.0774
1620.7172
1617.6859
1628.9747
1639.649
1653.9573
1579.5297
1554.4537
1469.5337
1398.1915
1351.5897
1269.0886
1078.8792
919.42267
828.333
669.2019
569.1502
582.5238
660.8517
728.6517
724.10657
704.72766
862.1908
1034.7465
1179.8723
1295.2988
1321.3243
1347.5602
1412.5681
1425.8422
1492.1276
1556.3662
1544.7823
1520.8035
1526.6521
1609.1625
1658.1833
1703.7988
1690.8477
1667.449
1658.6215
1611.8218
1628.0189
1675.2502
1654.7498
1741.2356
1720.5016
1682.6707
1725.1566
1650.5221
1529.6044
1420.7566
1338.053
1324.6586
1306.8672
1261.2701
1052.5067
788.28235
595.01337
541.9298
521.0702
444.73846
496.5358
570.1024
512.0152
535.6916
723.5714
874.79865
905.7952
937.40607
1019.4448
1123.1443
1244.1481
1332.4901
1358.3632
1316.2406
1327.6711
1280.3381
1139.5232
1103.6658
1084.7842
1034.4773
1005.0711
997.4875
1009.86035
943.8905
959.8218
962.9525
991.2721
977.1219
954.4945
1071.9274
1171.6808
1189.3275
1091.8485
1109.2483
1055.969
1039.6677
1045.7859
991.9959
931.13806
906.10077
877.49744
837.80646
838.8561
824.86346
798.48206
889.8685
925.34375
937.24316
914.9242
797.9355
734.3541
647.4755
580.2448
502.03018
417.61142
398.0215
347.83636
292.48608
341.8862
345.97638
350.3501
353.37054
344.84677
338.1722
334.10718
334.4328
296.74878
301.4416
311.96173
317.966
323.02475
321.501
314.31766
323.1004
335.29755
355.05148
381.65704
375.02966
377.57178
400.01312
375.32968
301.72534
319.5868
368.46628
361.6332
368.88516
341.61853
335.53787
295.25073
306.5911
316.55658
313.2269
328.59775
341.85968
349.27756
330.31097
328.39566
325.78577
327.1229
324.36172
327.02832
367.79037
388.89508
364.00998
357.385
416.1225
450.37305
331.22137
275.8595
315.65216
306.82037
318.4682
351.59613
345.55106
353.3716
340.3507
353.64716
352.3883
350.68707
352.41275
359.15927
357.7977
358.63052
363.78387
367.65637
374.3281
406.7293
420.3553
426.55405
398.4007
362.40826
342.2164
349.93024
360.01508
357.4052
369.07782
367.86078
473.5791
521.4094
552.80237
529.9442
522.9524
475.24237
399.92233
371.69278
406.08685
411.54996
430.32285
430.78912
431.21225
428.34512
420.52182
419.05753
416.04965
415.45355
419.4519
426.81647
425.23184
423.72754
419.28433
414.00293
408.43802
414.59384
409.79425
409.34186
409.2149
410.69952
411.0934
411.4344
410.88583
420.7614
422.25726
424.35556
418.88867
415.73672
416.29834
417.34088
426.93915
412.87958
404.39474
425.13232
467.4878
542.1491
579.2639
562.3482
547.0595
503.39032
459.01685
438.78027
442.14395
450.6548
587.9164
615.7263
645.6206
687.98676
742.44275
823.20654
884.1868
858.78143
819.6742
805.6825
821.9127
842.1302
856.72784
858.53674
832.6588
833.2122
837.4121
830.31506
850.304
878.1047
883.38245
877.78357
876.16516
883.05615
883.8376
893.7584
875.145
879.66016
882.75684
887.42566
906.91034
931.4596
955.8119
979.7118
1001.6159
989.2335
982.7209
964.81104
928.6798
932.3041
937.29346
960.14374
969.62146
975.39856
974.54865
964.89124
973.45325
960.2855
967.27454
979.2121
973.1369
968.9912
957.4425
960.18085
951.624
939.8363
939.14374
952.33203
915.01526
883.12177
915.71326
1049.5916
1139.482
1165.2006
1123.6998
1199.3855
1134.3193
1181.1173
1196.2742
1183.9368
1183.1086
1212.7136
1278.6765
1306.6598
1356.5673
1394.9822
1427.8307
1426.724
1436.8215
1439.936
1444.8142
1454.041
1464.275
1494.9736
1492.8545
1507.0007
1517.2141
1487.5757
1504.9049
1565.7395
1585.6476
1493.8702
1402.6975
1323.2806
1238.1982
1175.8164
1147.7686
1083.6731
887.01074
693.2547
591.57544
538.05615
466.26578
453.37363
451.83853
465.13013
440.98422
431.66202
544.2401
602.0602
609.85754
643.0342
719.13574
824.68964
874.4308
1027.6716
1057.6527
1056.1113
1075.0883
1076.2488
1135.3303
1091.5542
1100.8098
1002.56573
1331.9261
1357.3636
1322.3801
1427.2693
1468.8456
1418.2032
1366.8026
1511.1459
1443.9143
1430.9028
1480.1321
1462.0825
1508.2898
1545.4249
1504.717
1510.8491
1577.3794
1560.3451
1529.0468
1273.1543
1122.3492
1091.6211
981.49054
1001.05646
956.1657
937.96906
954.6992
946.0716
943.057
945.38806
902.3491
937.9409
956.2816
946.4054
957.1725
916.88446
888.96094
886.7108
886.8286
857.03876
934.26013
1060.9696
1068.3606
950.1193
1002.6893
1133.1089
1032.1534
980.92346
930.2082
1088.2292
1354.6301
1421.4763
1403.9574
1475.6741
1458.4902
1362.4584
1264.0406
1119.6622
982.4541
889.24316
931.3634
1200.4325
1314.6671
1393.1108
1394.6924
1410.3108
1323.6628
1279.6628
1238.8341
1169.5698
1144.3364
1060.7563
1025.8953
1145.1355
1035.5017
932.2952
899.83575
859.6434
797.9959
773.6616
813.75256
910.15027
958.3875
916.0872
784.0701
813.02966
695.8763
606.18427
481.7006
441.39835
392.65192
377.86682
348.6024
373.98724
373.1264
371.8069
374.44946
376.54913
380.28217
379.4308
382.993
373.93613
399.62985
410.8607
388.9167
368.67743
361.89966
348.49323
340.34515
343.1332
306.76642
275.29868
274.33514
279.51923
277.35187
274.6506
282.25415
303.8711
311.99673
321.58624
330.91632
332.66803
333.24478
341.49188
350.57294
357.3914
334.56842
335.3511
342.5659
350.2409
352.6479
344.73575
315.95712
316.773
353.41754
360.39468
362.53436
361.18457
368.9164
371.58575
364.5914
355.7165
355.3155
333.7127
334.24506
333.5664
311.3504
295.08838
283.86084
286.45197
286.71985
284.98956
288.13773
298.16333
304.2473
314.08624
314.63824
303.9719
295.43454
297.2156
301.55582
296.23914
284.5811
277.0438
296.39255
304.88275
309.028
315.87305
302.5097
300.5855
294.52527
286.76364
293.81354
295.38593
296.81665
303.982
307.30707
297.9897
302.05023
302.48825
356.35666
347.35858
361.0057
411.71957
364.8642
385.47833
427.04257
448.47363
457.49127
445.80673
438.89316
396.2392
382.24463
385.18002
395.42502
398.10562
398.94196
396.75864
395.5741
397.30377
396.77805
396.13184
396.08398
396.5172
397.74387
397.7186
397.81476
401.43027
399.10864
393.13107
389.0012
386.79752
385.27768
378.22388
379.65115
382.7397
359.79572
337.17294
333.6907
351.80814
380.6256
392.31622
398.03055
415.7228
447.64087
463.83203
440.08115
430.45117
406.79898
403.35675
434.7032
477.2914
598.4279
642.99884
653.1134
803.7337
816.6359
875.10693
971.9835
1057.4729
1127.2126
1129.1428
1107.3945
1060.6936
1091.1755
1096.776
1139.2639
1135.2483
1114.2769
1055.7273
991.2697
966.35626
957.6173
982.8595
1030.6022
1022.66095
1029.942
1021.588
1025.1643
1045.114
1021.0585
1014.1459
1020.03455
1010.4429
1034.5837
1059.2078
1073.4735
1088.8566
1081.9156
1063.3822
1105.1714
1114.8248
1106.4354
1098.6921
1060.5477
1015.46466
991.1339
1030.9086
1049.2054
1086.0741
1097.4043
1092.7517
1089.5968
1091.074
1093.6045
1062.1726
1096.975
1097.7139
1081.9486
1079.4987
1153.5997
1232.6744
1263.0844
1328.8611
1417.7633
1502.9076
1536.4297
1524.9192
1569.4497
1566.3263
1574.3381
1602.5315
1589.6255
1614.0039
1630.3073
1598.4562
1608.2632
1596.4313
1597.1077
1582.8201
1567.3948
1577.0104
1617.4767
1636.5634
1614.8611
1626.639
1655.0242
1660.7605
1668.0105
1644.9016
1553.8112
1517.45
1485.971
1444.6505
1392.1436
1190.1832
1039.6641
839.8958
729.82874
599.26044
525.6349
553.36084
646.19965
770.26154
941.4414
1041.1211
1117.7711
1099.1794
988.2614
934.1707
1144.1147
1200.2734
1284.9187
1412.4442
1438.3665
1371.0378
1406.2903
1503.6506
1463.8132
1463.3318
1508.2115
1470.228
1455.6481
1433.4297
1430.295
1451.4872
1395.802
1465.3231
1469.6711
1410.3562
1400.1077
1381.9017
1353.0787
1256.7561
1343.9269
1359.6472
1251.4685
1197.1
1140.0645
1006.94025
952.2336
847.86194
647.9893
599.0016
709.6515
830.0506
933.8231
1035.2561
1067.7546
1090.2192
1137.8031
1071.5282
983.70526
907.695
885.98
885.1478
847.9284
876.54285
938.6376
1006.4193
1052.696
1102.8698
1107.1493
1089.2194
1123.8342
1100.7123
1027.1003
981.8246
883.39417
857.1704
822.09015
835.2877
781.84375
841.93005
918.63965
981.2245
1056.8721
1105.6798
1143.5828
1125.567
1025.8053
928.6369
883.08154
859.4253
841.24005
858.6579
835.604
860.80066
871.325
691.6909
703.28876
707.9813
630.2749
551.6443
488.8231
428.85727
381.62796
349.79022
315.1215
266.88443
267.1179
267.85553
268.40875
267.58365
266.97382
263.24347
246.0137
250.35013
256.76605
269.498
289.62628
313.52466
343.3375
354.41003
350.38776
351.5033
353.4572
352.57135
360.2922
370.87497
375.1858
375.17633
371.16458
367.35202
368.9581
363.1687
382.65753
387.592
390.4803
398.0051
396.10892
367.09158
365.96475
350.56815
346.08868
335.8493
343.5655
367.92355
360.47894
348.49658
334.84137
329.41327
335.85065
348.87152
368.6196
370.53247
367.3405
363.7956
357.80954
347.3099
344.43518
342.33356
351.0478
333.66464
323.83914
340.43713
360.99628
372.38705
375.41818
360.38715
341.21906
353.0344
386.81683
398.0442
379.4383
365.98428
388.50177
344.7623
360.2536
409.8977
429.00186
419.12744
420.85114
436.84515
418.20386
367.64798
328.69437
305.53015
301.00806
315.58417
328.60016
355.21637
377.8172
369.6679
372.29355
365.3012
351.67935
367.95724
416.66278
422.27866
407.47086
379.1335
364.15317
370.35223
353.61438
321.93936
339.31555
350.58072
356.883
349.76642
346.87997
333.85962
322.2826
314.42813
312.41382
315.49252
312.2532
313.8734
322.1069
324.8641
325.00903
331.11032
334.61798
332.34613
329.0402
330.6831
333.5097
332.65076
335.19342
332.4247
341.34302
344.35455
344.58197
344.18536
344.4735
349.3708
354.97708
369.357
375.11658
430.14166
439.4169
418.14795
401.7702
400.42725
437.1176
469.65607
513.06305
577.00433
618.42633
699.44257
750.7798
749.4277
716.6615
923.95526
931.6211
885.2777
851.61017
814.97864
791.8295
777.78455
782.3214
737.3076
715.6188
717.2584
730.72894
737.8582
755.0171
747.17255
750.4207
741.587
732.3398
724.55646
720.46173
722.67694
740.2253
771.0189
800.0104
826.03577
842.1564
853.9619
881.46545
899.2057
926.1418
956.3843
955.0043
959.80096
925.5503
933.8468
899.6156
940.4834
964.7241
942.0748
935.2096
914.57587
959.21844
941.4746
926.3195
930.7542
933.12976
982.6126
977.22675
984.71014
1081.1608
1081.9851
1174.388
1198.5092
1233.8416
1274.7871
1352.02
1398.8135
1393.7645
1464.9752
1486.1448
1435.883
1452.8589
1458.9928
1473.6329
1457.947
1459.2063
1482.5106
1429.1047
1431.0153
1402.8634
1399.2584
1383.6545
1393.5413
1423.5135
1478.6041
1473.2491
1467.5719
1452.3894
1435.6384
1458.025
1476.3666
1333.9457
1225.1533
1146.0352
1045.2012
958.4169
938.658
823.01794
757.36096
633.6549
532.2462
484.96127
505.4472
557.4307
648.81604
697.05206
816.58655
916.6011
1069.3715
1150.8275
1158.8228
1182.471
1227.6956
1173.3229
1249.7081
1250.651
1314.9264
1347.1041
1306.1848
1249.6223
1248.8141
1276.9146
1350.483
1359.8733
1445.6487
1476.6555
1392.4401
1341.8175
1319.2284
1305.2458
1308.4211
1422.1504
1378.4641
1475.8888
1414.7833
1342.6635
1359.2323
1184.7415
1089.4065
902.99756
775.4353
860.69495
792.91943
758.0265
745.50195
786.4467
777.1978
723.3052
740.27405
700.9531
687.1365
721.0807
735.1922
725.9879
718.8387
709.0331
705.06195
714.724
729.34174
735.8451
664.97656
655.7537
661.62714
570.5399
526.3604
473.61395
436.41534
435.25507
448.9909
537.5066
634.74304
805.25354
876.1831
1034.9675
1125.1702
1207.8981
1165.0964
1057.0803
910.51465
930.8289
921.35675
1034.1447
1003.7584
1030.4769
942.93396
1010.26447
921.53125
866.6818
737.278
702.24255
689.08923
705.20105
734.6276
750.98865
741.8002
627.56683
641.7442
690.79266
700.1588
731.0851
807.3123
842.28595
808.13116
797.3916
744.45276
749.73016
770.5891
802.3176
757.8348
710.85583
699.84796
672.208
638.2243
655.75867
614.3617
593.54974
552.76373
595.3876
564.58545
552.3158
563.70575
620.2731
681.3947
761.5754
767.5623
712.3374
710.80945
640.7965
604.59924
551.6779
485.76685
446.09784
436.79102
409.91788
371.38663
373.59543
371.8111
325.2259
312.19092
314.16965
317.8257
327.76898
327.22153
322.27017
325.1281
340.5454
341.24442
306.29633
303.06714
268.0105
250.18713
256.07416
268.98807
276.00424
274.2313
286.7099
301.35178
306.64496
305.66757
301.38367
295.95898
287.09714
287.15192
285.27997
284.9811
286.2818
286.9853
287.3856
287.28018
287.80707
289.93488
291.64838
288.88593
278.64862
268.43854
263.05383
262.7491
265.75455
265.66495
264.12518
266.92276
284.8015
280.5491
274.64972
273.71158
274.82004
278.16806
276.1185
299.4605
294.4848
288.94696
278.9613
282.36304
287.6135
290.79602
281.04486
260.38495
245.68417
299.70093
301.30566
291.94833
293.43005
309.64032
300.34592
304.1634
341.1367
342.37592
328.92426
328.03113
325.3766
321.46475
326.11847
331.32162
334.2257
333.62256
339.87964
293.06903
257.11832
244.40108
253.78952
263.47174
277.10092
276.99814
293.51877
272.4049
280.43063
289.84344
283.8177
278.1872
282.4214
271.83408
271.03555
351.472
464.59048
427.34555
390.3969
357.8996
332.20816
318.3029
309.93448
316.16107
333.84232
338.1754
338.1939
337.80215
337.5547
340.80673
338.9428
336.89587
336.26712
336.7322
337.0001
336.51144
336.57065
338.23956
339.8753
340.12646
339.11383
338.30185
339.1268
339.74652
339.46808
338.679
338.08875
340.72452
341.0065
341.9555
341.2657
340.85947
340.29984
340.3896
339.9402
339.39807
338.78253
337.5926
337.22928
337.27362
337.44867
337.0306
336.9619
337.1314
344.39178
399.5193
575.5785
604.52893
640.5231
634.652
604.0188
558.0713
530.46356
488.50543
411.22867
385.36615
477.37225
654.6508
628.9215
711.5234
784.407
744.51154
751.9232
731.757
690.5252
714.34875
720.3395
727.04895
725.0589
734.24506
729.92554
731.62103
736.04065
721.13513
713.98126
728.15656
714.16986
708.72864
723.82684
729.85974
726.1535
735.8145
754.45374
750.6235
752.7959
755.83716
757.7096
756.1201
745.47345
754.33484
763.6385
762.408
765.369
776.87427
789.0602
785.0527
793.6842
793.26843
787.431
790.0409
797.7917
806.33875
796.6454
799.94885
809.74615
791.11115
792.3692
791.2148
790.9133
785.0868
788.8916
792.44995
791.67615
791.3409
782.7433
921.78925
1202.686
1405.9558
1590.4001
1758.2047
1914.0242
1985.0638
1961.741
1915.9827
1894.158
1950.5875
1953.374
1996.6875
1994.9469
1927.2731
1780.9534
1810.6494
1791.8455
1843.2292
1853.3177
1825.5277
1830.724
1847.9563
1874.3405
1890.4705
1884.8975
1892.1238
1850.2513
1845.157
1851.752
1730.2963
1702.3562
1545.8906
1444.0007
1316.678
1255.5168
1159.3921
1054.405
850.2506
695.06995
612.1615
587.05743
579.6725
535.09076
428.54486
672.89624
698.0016
788.38556
876.53644
967.3835
1070.8488
1089.8546
1155.7166
1282.2214
1352.4302
1382.244
1491.7917
1153.0741
1228.7087
1352.345
1543.8645
1617.2667
1604.8302
1636.2756
1632.3782
1685.3033
1607.3607
1625.2561
1506.719
1520.2363
1646.2195
1685.3752
1328.5477
1401.3683
1418.1493
1397.744
1277.3591
1051.966
981.49414
858.92566
763.6239
765.5021
765.112
764.41296
778.1668
768.3164
759.31305
753.631
776.7239
786.43787
765.53015
751.85535
788.02814
758.659
715.8257
730.9999
828.5121
843.67316
841.3696
932.4323
963.1196
947.54364
1041.1385
1012.34296
951.7871
908.161
947.01434
1273.9655
1381.3364
1400.1965
1391.0056
1391.0164
1379.9315
1342.9753
1239.0754
1314.5164
1132.9656
1295.0793
1119.3396
1085.2683
955.84686
954.5247
969.86975
1138.9695
1380.1367
1387.1385
1462.0306
1404.6547
1426.4098
1447.5363
1464.5074
1402.9851
1274.9026
1168.2537
1142.4338
1102.971
1012.166
930.5028
786.0466
776.82043
785.8219
782.98376
782.2567
821.7511
797.5319
741.3093
726.7926
667.34515
628.538
518.99304
408.18942
334.8072
312.62506
281.2542
274.93057
271.3604
271.4599
248.14938
242.35495
244.45346
298.40097
316.69135
307.75214
309.07538
360.81424
324.97858
312.96857
306.87445
323.90585
355.01453
374.05518
380.9152
365.35165
338.23398
335.74527
329.43008
323.55856
321.69742
329.05206
334.1551
334.26422
333.42328
340.0498
333.49472
336.65558
327.34622
318.66187
311.03497
311.06064
319.20535
329.091
329.8502
316.93936
311.1665
335.7818
388.37756
423.5722
413.23065
395.42236
378.2194
373.852
378.10205
384.12454
301.5913
325.12415
312.60382
306.74673
336.4788
359.87317
338.42206
345.84692
366.63925
318.4713
316.09204
322.23245
310.29947
261.23657
286.69278
287.84485
284.77853
279.38254
276.15054
276.7989
281.74396
283.55713
287.1347
292.57553
290.5603
290.0759
288.5663
286.2779
287.74817
292.27216
290.08264
297.21518
310.37598
317.21423
318.84503
317.89987
306.9709
294.5595
285.17877
280.1779
275.25732
282.26987
291.05484
311.56732
322.90884
373.52258
440.81503
441.68475
454.24762
467.94107
481.7954
480.26578
467.4227
414.61142
442.9453
466.9673
466.8126
472.4044
466.9042
456.0607
449.67758
417.34137
389.78076
381.52115
362.5829
333.55557
352.55222
366.89938
375.13345
372.69073
372.1287
374.39786
373.57544
378.80402
383.90347
389.2499
390.85785
393.65933
393.20587
390.35577
383.08118
379.60333
377.8586
375.9286
374.28186
374.65488
376.26306
377.23065
376.78937
380.62112
422.05005
401.62958
384.958
383.90753
395.79648
410.987
405.89606
384.019
379.25394
406.37128
389.51813
356.7055
384.54697
464.893
666.6663
865.7124
930.86487
954.34717
953.7114
907.29816
843.02295
887.39746
867.80945
856.44226
949.4696
1024.7568
999.10876
1066.2352
1193.4397
1202.6707
1237.625
1197.2246
1134.331
1061.0253
1028.2715
1017.629
1002.96277
1058.7865
1085.9165
1063.6357
1016.0216
987.79626
994.4053
1027.0365
1042.0814
1066.224
1086.8008
1074.9773
1034.6213
1101.945
1224.7119
1269.5325
1300.0908
1371.9553
1358.3766
1353.8914
1342.489
1363.5925
1480.56
1414.2994
1325.797
1377.6729
1344.3853
1345.5046
1346.4651
1290.4957
1273.5054
1259.9655
1261.8252
1273.1516
1375.1328
1407.0996
1426.6672
1369.0437
1455.8119
1496.8743
1518.7927
1510.7567
1465.7834
1561.3356
1534.221
1473.2344
1560.7582
1651.384
1716.1985
1765.0677
1847.0961
1831.1263
1780.4047
1807.778
1787.0035
1674.3508
1690.3815
1695.778
1741.949
1737.4547
1782.2878
1759.2946
1792.9447
1681.8777
1743.7832
1714.4968
1722.3875
1711.4031
1744.7229
1761.1775
1757.5784
1769.8529
1701.6316
1491.9803
1387.5015
1342.0056
1304.2856
1321.0452
1346.1311
1213.1597
1022.964
819.61804
539.3005
531.40405
499.68652
460.21494
385.06418
360.35394
326.8348
382.035
430.06354
450.89227
475.22836
627.81934
742.8978
837.6984
891.0656
828.06604
836.75714
867.5246
871.6921
1060.5505
1019.2809
1045.9291
1063.2024
1165.2651
1196.0464
1329.6538
1436.0874
1377.6575
1512.1155
1517.6677
1482.1464
1437.152
1431.5012
1481.7869
1437.774
1431.717
1356.6099
1474.4729
1376.6947
1344.917
1235.7698
1194.5546
1111.2148
981.1123
1120.1122
1195.1301
1217.473
1253.7244
1195.5126
1302.237
1393.4122
1364.4999
1300.8142
1193.7943
897.0752
668.19055
621.82166
592.6637
539.9123
518.5928
454.17636
431.77066
414.6476
408.54
405.98718
421.28058
405.33398
385.51932
410.76773
479.05853
509.2818
574.5377
739.6439
947.99725
1115.073
1194.2816
1366.2064
1254.9226
1111.8171
1117.721
1136.3102
1153.2484
1112.8469
1135.0294
1141.8193
1090.6298
1017.4658
914.0675
856.99005
827.47675
874.4525
911.8329
970.11505
1099.864
1198.0538
1211.4641
1273.3728
1208.4185
1262.465
1102.5475
1037.7869
1023.9398
1010.26447
954.35175
909.17053
922.18634
937.5672
943.07404
896.58496
827.71814
818.7999
850.17285
910.33575
974.6216
871.3743
784.7894
752.43134
673.25665
597.1492
516.57196
433.46036
369.725
335.15216
300.95355
397.2643
375.06995
380.94135
388.44507
396.87518
401.09946
400.3484
400.7161
399.86432
394.7619
379.69305
373.4731
391.69064
397.6655
393.21036
398.45587
235.51143
190.4731
184.12592
193.21211
201.6337
207.69417
200.92374
191.54391
230.10855
237.98624
238.41586
238.9045
238.3804
237.76443
237.79073
237.44583
237.46329
236.79805
235.62138
233.55354
234.36487
235.09668
234.90268
235.0356
235.89188
236.78024
237.70406
239.77042
239.45515
237.74419
236.60677
238.68484
238.41997
227.77422
223.10893
224.78748
231.16743
236.48311
235.0582
248.27686
238.76413
222.02707
221.58598
242.94589
232.13834
235.02258
240.16394
237.69925
237.50229
240.1075
241.3248
240.53244
250.10007
250.77127
256.75568
252.84236
247.1169
255.9865
252.68953
249.45735
237.64417
229.78561
236.79053
238.24455
234.2812
229.36624
225.3989
228.8158
246.76079
282.46283
309.70322
274.31158
251.71834
251.77788
255.86594
254.81436
229.87778
233.07687
232.09726
234.45273
233.56548
234.73726
231.21445
232.25237
232.28511
232.19186
235.91772
240.69934
240.80354
241.9145
242.35367
241.41057
240.24944
240.53564
238.95425
238.38171
239.67769
237.90506
236.57565
236.82527
238.64285
242.55331
242.83804
241.81128
239.18335
238.85165
239.76765
240.98686
242.61398
237.62407
236.24277
234.89746
234.34859
275.2955
295.091
267.27493
258.89267
256.7823
271.0334
294.22015
257.0219
231.57385
261.70105
221.53255
292.1571
356.59515
359.78644
381.45105
386.21942
439.1977
499.35287
495.1211
569.18567
633.80975
567.65625
576.048
605.4376
649.3546
680.88605
715.1162
728.6889
698.2157
741.52875
798.3543
820.1847
871.4468
872.74084
800.0055
792.8504
860.5715
917.8514
903.7513
820.78235
802.77576
785.98987
808.7847
813.8058
827.5918
766.21967
747.3932
739.8627
706.31995
724.1685
755.29144
813.40656
816.5571
876.568
862.70703
919.9713
900.105
919.35315
976.2489
941.4917
979.151
943.4518
904.7492
880.325
878.1623
845.76495
916.5837
967.736
949.05505
940.19434
1049.6335
1055.8845
1129.1471
1162.7323
1272.8573
1345.7128
1359.4603
1343.2556
1345.4518
1296.556
1299.7131
1307.8099
1299.7262
1280.3684
1299.701
1301.9973
1262.796
1221.1632
1181.0178
1191.0203
1227.4819
1261.1652
1302.584
1291.2246
1237.2064
1227.5216
1240.197
1271.8652
1287.5094
1274.0054
1256.7742
1240.5562
1186.2792
1117.8502
1006.3674
880.202
783.79724
638.54456
536.5199
446.129
452.55746
414.88217
244.08525
305.21454
368.51712
372.90393
491.65765
589.0044
654.32104
738.5038
797.78
779.50415
771.6744
723.3771
707.0335
919.52686
959.60187
939.299
984.7499
981.9657
888.4803
835.6369
1030.7341
1053.2428
1074.0701
1111.5251
1122.2898
1105.4786
1168.601
1158.7594
1083.6301
1057.0983
1093.3943
1084.2084
1039.3173
1131.885
1113.0819
1148.4343
1107.928
1056.9153
1043.6564
1044.1392
992.359
836.167
928.00653
1026.2542
930.75323
796.8291
750.5566
802.8121
797.8046
737.2157
748.9325
670.4281
678.5371
697.8207
723.12024
733.1665
727.4212
655.0299
651.68024
686.8132
657.1939
589.0847
578.284
613.9855
707.81665
822.9082
866.0988
899.6963
927.8465
832.2668
695.3568
661.8853
709.1372
824.33057
983.0581
1027.5039
1028.7913
1010.514
1037.9246
1008.52246
921.65784
848.4447
806.3749
827.0804
878.6423
915.50037
927.51825
925.08417
896.2589
871.79803
827.7985
764.57465
795.6862
841.6572
888.4406
889.9797
853.60547
905.7243
872.7245
926.984
945.7576
852.546
832.3348
744.7222
642.1583
629.8861
646.52527
715.2417
769.5618
741.4945
837.24005
957.4662
959.4207
1022.9092
835.7456
795.49164
678.45825
633.77466
564.1422
510.77823
439.3417
369.63284
315.46072
279.117
204.42215
217.65518
217.30244
213.69345
210.66043
209.18149
207.43704
202.67699
208.30318
216.67293
221.65178
208.17734
194.09164
203.86761
242.34229
233.04404
240.63647
247.08427
247.84639
253.77502
260.442
266.48175
264.41748
259.3045
252.6469
251.10086
248.74155
240.40295
237.32808
235.94019
231.6802
234.15681
230.64084
221.86063
221.33138
223.06743
222.89078
220.75703
219.46545
219.34268
219.77151
223.09851
225.81914
228.13367
220.6954
217.43343
216.58963
216.62344
218.28902
219.29544
217.66145
218.40617
218.68803
222.65079
228.89737
240.0343
253.37918
265.667
292.25186
299.32635
313.95465
316.5819
312.02667
306.206
296.5282
292.05743
289.94904
288.1224
288.19272
280.85593
273.7034
268.4008
278.10065
287.9892
288.16956
278.53564
268.58563
265.96414
264.38815
264.87592
269.60782
272.449
281.75043
289.6543
289.5152
279.79675
269.92307
261.5214
263.2664
265.13004
268.83856
274.12115
273.65228
277.967
279.6021
296.64984
291.6966
291.17105
294.7918
302.7353
312.65436
323.0229
314.3272
323.55063
311.63226
312.84467
307.6452
301.93875
296.12262
294.3228
293.7947
294.5866
293.96817
294.2574
295.95645
297.50647
298.54242
300.0047
299.32312
298.12372
299.93994
301.27594
301.33286
301.2834
302.3974
301.16095
301.63434
302.87686
302.85376
302.48053
305.6304
305.01224
303.21274
304.6623
305.28644
306.20087
307.81302
309.5739
311.17557
324.41907
327.76553
329.20337
342.22284
353.02338
358.61722
451.84125
455.41016
387.71024
329.10577
310.3366
336.02548
370.5249
321.50128
459.05988
559.43945
536.70197
561.7972
629.3588
668.8379
696.5942
746.0223
685.2132
698.6479
721.9673
673.9781
714.12384
685.1732
676.2419
684.9755
708.849
679.8525
692.25366
703.255
737.40607
696.909
712.9001
702.2658
720.1333
738.0116
746.50507
720.6088
693.8168
695.4014
714.4264
760.2409
845.5912
878.02997
970.52295
1027.2761
1055.4226
1056.4618
1048.017
1041.3446
1045.4319
1057.9885
1045.4515
1035.4797
1034.3884
1048.9644
1050.5845
1061.8494
1048.5131
1046.5566
1046.7399
1065.5221
1068.9106
1054.783
1051.4827
1054.5828
1056.5581
1058.0886
1058.872
1053.0831
1068.4419
1082.7483
1081.508
1070.5331
1070.3096
1068.9741
1082.1846
1076.0449
1074.308
1123.8622
1122.3518
1123.4956
1129.7936
1116.849
1116.6809
1112.3154
1093.761
1112.4265
1131.5387
1126.6692
1119.5342
1125.282
1103.8453
1099.9027
1099.687
1105.4337
1107.335
1148.0181
1157.2953
1015.66766
1055.4066
1027.0227
1049.157
1037.456
920.9409
785.6713
678.91284
595.4789
498.16782
511.64835
518.5724
463.61313
392.43784
343.81964
421.1813
542.5484
681.25226
732.37054
834.08575
900.92316
732.4418
724.8251
927.24805
968.2155
1009.71875
1038.2194
1064.1661
1045.7684
1006.45325
1015.3543
1009.9627
986.57
1043.4016
1033.5056
1028.3859
1060.4639
1047.7029
1076.3633
1030.2369
1032.545
1088.2214
1085.5417
1002.34094
976.2957
987.1393
989.8812
949.5994
960.45935
830.82947
779.5438
783.4213
553.9181
493.0663
485.17194
494.64594
535.35455
580.619
632.7616
627.2305
836.28253
767.55286
858.7664
867.26074
864.7145
854.0558
821.25183
792.82434
753.3446
729.9138
771.04376
797.0115
742.3425
728.2221
630.4059
571.31433
561.96436
542.50653
540.7875
559.9984
560.7454
622.22205
768.8341
849.90155
814.2412
797.54504
701.91016
677.64154
594.5902
586.7782
532.24133
502.0333
487.0901
502.28302
562.05286
581.60724
637.34924
672.66907
766.7733
867.73126
931.0248
1044.3527
1060.7131
908.7542
690.5477
536.4432
412.0958
415.70288
360.0051
291.38803
275.18097
305.5848
273.09668
258.14407
234.96545
221.53618
231.97495
235.5147
238.38412
247.95972
257.2705
260.0103
257.05832
256.22983
255.25862
254.63205
268.8538
296.97528
294.44733
302.86487
230.31656
187.15912
194.66428
230.36772
277.8675
305.11572
345.09882
326.08926
302.28418
312.73038
318.02652
309.91608
300.45453
297.5305
266.02374
272.16547
281.08954
291.9396
319.24942
300.41922
307.8211
306.90118
298.98508
301.8148
311.74567
310.7377
311.87787
312.83066
321.75348
331.71832
322.20493
332.00925
364.3208
343.3897
324.6669
316.16412
302.02216
290.84076
282.8356
296.09067
286.6011
338.9505
332.396
314.16336
296.28705
296.48532
304.21503
321.7835
329.50787
334.47916
382.4958
370.3697
377.54834
407.8683
389.56006
385.38422
406.50348
407.88107
388.6468
356.82306
314.9105
336.91763
320.59195
315.67377
310.8188
296.77142
315.34247
331.23148
337.0325
348.12018
374.2938
334.59677
331.9682
321.2292
313.8277
362.33237
357.7141
303.0069
479.77936
537.1417
497.8897
468.7995
456.8253
449.12393
417.6253
424.89117
430.59247
440.24268
439.33496
439.5333
437.25635
438.02914
438.0943
437.24985
436.77597
436.89233
438.49542
439.77515
439.5004
437.92163
436.7216
437.0506
442.369
445.85596
443.40518
441.08627
438.40863
436.68506
436.78506
437.33017
439.1411
439.99896
442.52216
442.87433
445.06128
443.26944
440.6325
441.56137
443.82065
444.98737
442.1131
440.49683
444.49683
448.57437
447.36713
445.59735
447.37827
449.6705
447.49017
445.1783
442.67548
443.40836
444.93384
444.85358
443.79037
440.82794
442.93622
443.4943
443.5021
452.01498
452.16412
462.17154
481.77832
514.306
563.428
557.1133
535.8031
483.04355
446.98315
426.33002
592.9048
650.74426
677.2974
653.4259
648.249
715.7301
803.619
859.9534
862.02344
867.62585
859.5836
886.2601
898.95966
906.4458
942.3576
945.0614
928.5827
924.27356
924.0379
924.2684
931.6206
938.11896
939.2411
951.34247
950.154
936.45667
932.51184
925.31775
928.15936
937.2537
965.36316
991.26056
1004.2126
1021.6576
1048.0636
1077.6852
1075.807
1051.4994
1026.97
1063.2559
1065.46
1069.9252
1053.1101
1047.6747
1065.0476
1071.0854
1071.0424
1069.9441
1073.8396
1060.1738
1054.7129
1058.9545
1039.2334
1061.2457
1053.4318
1070.5117
1055.4485
1062.8142
1054.9935
1027.3948
1042.7131
1081.9795
1171.8297
1248.8555
1363.5535
1484.5338
1603.138
1687.2341
1619.7131
1541.7504
1438.3337
1352.5319
1258.15
1238.447
1198.9652
1398.5618
1489.4456
1622.4065
1753.3483
1824.4226
1819.359
1802.8226
1809.8877
1759.3142
1717.7405
1735.3824
1771.3054
1767.718
1755.3766
1744.9847
1737.9324
1540.8191
1474.9293
1416.155
1348.7036
1279.608
1233.0135
1191.5315
1042.0535
774.33514
699.80457
604.6437
605.67664
648.102
727.8434
796.714
743.15454
809.9668
739.1491
788.0387
918.5705
1047.9518
1218.2914
1388.4663
1391.9797
1347.9652
1355.832
1417.4648
1411.8821
1495.2985
1556.3656
1497.774
1274.5785
1211.219
1007.5076
922.6322
891.51465
919.90686
1087.6218
1159.42
1146.5056
1202.5302
1265.5781
1255.4695
1261.602
1229.7496
1169.8965
1182.0374
1081.4631
941.0126
874.3317
803.6128
748.78735
703.63745
653.26385
581.31006
549.5487
492.28253
480.0879
497.6897
544.24817
687.51495
887.1295
992.6797
955.54425
1160.3185
1212.2505
1272.4689
1363.9348
1339.739
1332.8287
1310.214
1085.383
1066.0114
1010.5895
1002.1924
946.92224
898.03674
856.98096
862.5275
852.25195
899.1782
857.9498
855.38635
857.1758
824.265
823.11523
825.2507
912.13654
901.7577
985.24817
1047.9945
1074.1494
1164.858
1202.0841
1141.1295
1196.829
1235.6532
1174.8977
955.21924
899.4663
906.9071
900.333
874.2925
882.908
901.2659
934.26337
945.06573
856.67303
819.70917
847.76624
836.58167
891.37463
786.88293
719.521
643.1388
577.2367
488.82397
422.84564
385.94913
392.00345
384.6889
359.1473
410.53452
396.1728
401.98578
403.45016
405.39252
400.9748
408.5193
411.47226
390.5394
377.35257
553.0177
