0
25.138076262325466
12.896325979372183
40.84496600916291
89.73175236732422
88.25635967295997
35.12450284532823
17.771608162556333
31.222178253400898
11.349994087693062
31.31201744696416
72.0517267108668
79.46436321956904
80.16311904059062
87.31566231818287
74.73824473516575
58.49474007515022
54.93249454735637
60.15569405199274
69.63415003479341
73.44457854639013
66.03410155936209
73.33350910974222
134.28444409528885
172.92954582343134
112.94417513229457
60.706774301885204
15.337374583416908
18.93658447265625
18.729022216796874
19.33287572393965
13.837646335366788
19.146540985847402
43.23184680349639
60.96564688616576
87.73764961937604
82.88052690366335
39.520101521450826
19.757327121703337
31.68022987996942
27.764300853639476
58.478269718902766
140.96528336295333
145.9232013560032
95.45634882986583
28.63926314834971
12.93313882692255
10.7230224609375
21.196230749490176
58.20116194466615
66.31272391771083
66.05827597609309
76.97655857475289
97.37057181680852
86.77932404638273
107.907885649953
110.58280371002736
75.04727720742275
40.79567893651792
23.17646627918274
23.50069580078125
72.00489741859232
79.25567358264803
68.2029178470676
29.04957263203257
32.33365843325174
38.59267589003175
15.824293231921036
56.40001295421782
76.66706842760713
77.08858045560314
66.03270810911575
55.783539139138156
38.56839672141632
36.741856767526315
48.903723572830266
59.46444820045876
58.22075432902866
48.6531389177816
19.544412231445314
38.02091925998942
54.12841698521642
75.93412018035829
75.93206947496887
39.98127673654267
22.330706143128907
65.47267709129594
92.05433556124781
86.00976628397711
58.59811108170938
27.21796053753359
22.586345597372237
34.953739534752046
24.852489098170405
25.37843241798247
47.12107423702596
48.41072694642371
41.36302281260041
23.766453669599617
17.0991943359375
17.49749755859375
18.386087368567008
18.142142165324096
15.27291930257502
59.21921251162703
117.34466381121338
95.14911004905248
53.38441020064547
37.99531430032355
28.90682373046875
35.10803958087827
38.12298101413226
30.922024751228445
66.63821071286847
60.21327329347325
11.01311249744831
28.877270827483244
14.50069580078125
50.700638507132865
53.01074812136778
118.25855838778848
115.0104574096461
49.72427519757025
25.790679660730596
35.04343393737315
64.89661888122916
52.31442038763269
77.57955081999557
36.86086192026196
25.997539165709803
53.23631984147132
107.91361672569538
98.17927510268859
100.14209114463674
92.43073765260155
101.49873829496866
70.50787832592718
44.78898075137003
22.29998779296875
33.552983559269364
96.81073200142126
86.08325991155593
38.6716211678174
20.376397705078126
22.681905333625878
34.0309779658251
56.72516690521934
43.98066095362874
44.00293172894326
51.16203402711717
87.52291989972204
142.9340681250451
136.17905372668415
122.50664219562714
105.49358571910503
78.62259729887437
30.67410933802039
31.7989433403309
60.373230186170304
40.53025740755152
11.985651857947413
63.90320589240366
141.28226828834377
151.14061329829337
84.47527175942801
65.49344602547039
59.80711393339211
48.03880917289389
25.36065902406308
35.3377967318469
62.82887604134514
86.85764435862514
80.2832644487077
56.89640047769376
23.252005470553264
24.978024327287493
24.274856427615692
54.73475140249214
73.48777963018499
57.1713511679382
32.09135590133228
25.086132385492647
20.935555348695765
24.24759489491794
20.95200645510704
22.31706395523988
68.57609341004654
31.2510762124899
24.55718298709944
37.744864046405745
37.28923346438442
43.688815912796414
134.8693062987314
214.20182004619315
251.53057570547944
199.25371555224288
173.10765640819608
112.67690560554493
95.35042240323409
75.6910392857294
88.57767551947168
104.55503458248695
126.30943704740066
123.78747086400226
131.85671735681308
143.81058751572155
111.79187775703308
112.7807168495182
59.23111394385478
30.23740393776752
23.065523481678518
24.172391314557444
51.81275659624557
101.01835657389356
94.88626194041413
118.5060615840268
100.64453218251711
35.38941859854949
36.77192345684798
80.5719712211574
73.19242379646366
78.8176715128283
112.86809891116982
161.19058018992519
185.58966800803154
155.463814761486
102.31832050908683
37.61196001738849
17.118057638056644
48.79510309025447
134.0162623213429
74.11129526602849
82.44743276766103
160.79170116680226
90.0363151472638
202.56074716907943
193.23307003378528
284.88054308369027
294.7011358258884
323.539075100053
332.7718977702125
391.37406408812615
370.6004379612401
346.23173339506394
400.0803446675075
415.38986950024463
406.03876402040976
308.609525487292
370.5795412688784
398.63264301657944
634.0004582706333
484.1268338384135
556.2873993894002
483.5323652293914
481.9525800489099
427.75450907768493
412.76126198733175
384.05794800709384
343.48071925995134
377.7038323264933
455.1381447594845
422.57765898056203
406.59133475467286
362.41355291586603
204.73061865577142
110.88428252402363
65.35271271025871
59.37230070970445
197.193494608044
300.91998730128637
372.71064321069827
425.3477832667234
491.7626751867921
419.9718076825734
72.4075932145345
51.240215001922685
69.20715256181627
114.75868270780981
153.89444322689224
173.74199185908975
177.9908491122877
187.8547641553956
165.59628339256807
172.53205719777162
135.038158066447
95.23898984675775
81.1689060007571
90.67986286141672
92.67709593361869
138.02951637270135
127.41482257898505
173.36174279540813
214.3509004302453
147.56423408082128
73.57333799616882
22.425506660194877
31.09223408061134
124.87615633709183
347.01029909974744
406.9302463267465
461.6668612434554
526.1178798343783
564.5733992409739
457.50371490850785
36.616387350376634
46.252421113657874
150.30931574847227
210.08348325990445
368.83276212198524
365.48502630222464
336.13871404963504
380.7404884825966
306.85028117380386
140.89957125997284
219.41395519668805
87.7647149369811
126.23833460084647
147.61016971050284
165.23542538717257
32.11642157288888
94.40073116473204
80.51889488303489
85.8208438322022
65.13573756549886
20.10663439943187
66.51639790853889
119.87033731458332
137.952627620449
155.64743590553704
168.40268982800006
110.19174286918933
97.07437478072197
98.79505453256411
103.62268837063375
131.4747038719127
194.98690843012636
138.6815241747841
50.95648199030809
71.852757200825
99.9029036169715
83.47593378189731
146.2629491798817
208.70562420918736
133.32501271934063
24.258657251441992
46.90929499396642
19.029549177401872
10.66883634042863
9.760990822106589
19.308664538105404
27.20791159110355
41.99646378278364
50.49348658665485
77.97493729602589
112.44616506605705
116.1286947564707
84.96530553015502
41.17141089221421
14.413085158071521
16.248807996391168
19.89133671677205
16.803748884428035
19.69257507324219
20.941505023661183
42.471820717276785
31.80919188952739
33.880346177409024
45.9964287600872
49.70978168185296
45.63078571451947
38.464563513727356
36.24271010687495
30.179333964154466
26.801638719077935
51.23708508861959
90.25761950425826
116.55130395264948
131.24324461994095
122.48557947734253
96.48622722866212
52.10237570129779
28.77515190863585
29.240774537441393
27.904486909600156
21.17838134765625
35.821016825028664
57.76638520258975
61.835883063439084
61.32918512256269
58.5883322925301
52.74045508412985
59.18261779051581
68.35070892552001
81.80896312836937
89.18691196243171
92.76201183591782
68.742062772796
36.38447001480031
24.619084637635
24.51323442471976
28.00797743938049
28.970391558982122
25.456034850623677
23.342042244558662
26.249566408482178
57.2963565739404
65.46714769675116
32.09686524496609
20.171562152301156
44.702726242214716
45.214536540181236
27.56957358979688
24.25790548470767
38.0566756401142
45.45099655411345
21.01156263239966
50.21114747684213
80.41559755295062
92.84818032294501
115.57519728341738
126.18681290119613
88.414087831205
29.687893844045313
57.96594929649937
128.70036901428392
136.15735006422173
114.28049793760154
101.2799049317703
129.58148503234455
156.73531813207256
154.02430509719633
173.9958188137588
212.2043122322416
254.51141881067133
268.08620885929406
250.28305179154918
217.3948329548376
201.4699706456121
196.73571065341858
213.90828539930945
172.4742281637686
196.61015409183173
240.4881390965958
274.9688902170381
286.1505879904181
173.37302638599394
28.505667687745575
55.12459832999813
102.15154264493613
121.66458043117834
125.27198643111296
122.07644752358321
86.04688684680764
74.17396719226512
117.01468866184698
142.41127701094769
146.518018784026
122.88098421688237
95.87229803644846
79.15826727782783
72.72782667051975
68.55083727703258
70.67193047726846
80.14707529629277
85.83485393235662
91.24005215537113
97.77021662874388
91.64749436194862
65.1989027015521
51.15733485319595
70.14489629080063
114.41048908088867
148.11891777863593
159.85063738012778
157.3921873904975
149.71648388097836
139.38035855686724
127.00534886344124
108.7996377461885
91.57047095177688
84.80455577144862
80.2602126146027
79.83661219333995
92.61765335941391
118.45544889032242
138.7218766244483
138.35700427501908
126.58482238157788
119.5182278518636
120.48271408781204
124.02034660445
110.80815121961466
82.85431865332734
45.06377985788993
42.10759080998222
86.79057968384
112.42140303875287
111.23955889264907
72.93785634055345
31.423205962515908
11.764054269496341
14.791969566117563
17.1304985810091
21.837599278422612
77.33771937975905
115.89361470029795
126.88473988712653
66.62349142098631
27.374263455614347
124.6839304435105
124.41971668056416
36.63075561523438
89.4653430190302
127.65591273840246
69.4203961685655
31.86691598650923
86.10623172672986
137.4284899375146
176.30488128594965
166.61267657258614
118.67853280220734
57.02661554942529
56.705007647951106
81.44040685906002
136.13987813296188
144.231436828958
107.14980467086816
56.770983628046245
48.463519539918664
87.46860942981107
116.89418032939075
156.2068024032573
202.57962200093547
220.74995259142779
206.57818996901293
148.3205362411415
126.00148455452923
38.396367922848775
33.75810415695728
62.315409653308826
41.71222162665786
61.45226696252157
85.05754838133426
217.91015226577662
296.6047735275044
208.08679725902567
106.61786630397833
72.48699370522567
92.18366095926076
75.04956253267646
96.31172710744367
88.993119688264
104.05697083466275
148.09584800873276
136.2357860015552
176.20500933335452
158.7450240567172
199.23312733869608
242.75474851840386
295.6664756654742
391.8554777178828
348.3700804933069
291.4653538511974
413.6859401312604
376.41493934662105
354.2983613467128
316.6698842158954
256.0044951055976
192.40132638620497
86.11081057882139
35.372499157990795
14.168098508198455
46.820085994063994
47.07682300764209
24.992138671875
21.16455078125
21.08493217175974
40.162287585084414
77.17603999807753
95.84612054673599
79.16306209826921
56.1891333452415
49.399584939172385
56.40431409661524
43.24526643814661
35.53565371738205
30.853208886694667
29.23133284275864
29.697599346409014
40.0433542957775
46.86319105721723
42.4166160603726
33.12587672998679
33.23430404067513
110.45400334321053
146.85187336063055
182.02218444290094
216.74602727521224
218.71210563118638
146.68638237918248
127.27948235558506
168.5969293354332
112.45509717566074
57.498573511883
51.88316453914433
77.04577444087172
61.537784262720514
64.26597281199608
244.1991548719232
250.63273167448787
221.53671730288139
241.73606472487126
293.167022193672
411.45207360781944
533.4079163361381
584.0206791286237
616.9238156252941
516.0845567558349
395.0228521973615
365.2429324006151
376.50145679841336
412.2242469554379
392.19106325911696
379.82966164570735
341.097568317252
354.5322875494535
391.7135661217617
417.08246806052847
451.42218075086276
440.46975760077504
416.66548722624213
442.6307596797774
356.628556910311
340.99526363991015
310.2425886685478
174.42583810267132
142.84618164586996
155.7327194040773
166.66788702826898
149.93041586148857
43.086601964637794
84.54079982101211
208.83743775801696
171.62978622951178
41.58432777551368
61.96844266690407
53.368410511683734
45.015126477828815
110.65843470275995
61.547019820086824
25.326251220703124
92.6280899207334
122.67137407876616
38.29723877175011
108.85971571523075
55.84660439226646
28.246180512004138
85.62351451919918
118.35835837473738
99.80037666028493
86.24334625734055
78.78574603803663
112.3475903019228
74.07288532941757
84.86748163261049
171.2796652199435
148.63153968671287
116.83229098328825
111.64943365363156
47.63047235487011
69.4906739277088
176.77133794010896
174.53886262901764
212.63180878572456
187.11542325896275
147.90418017010552
83.87634987042236
43.995940278100534
60.061781334737454
55.042247995712344
49.04298733153373
229.43969939955497
226.58820948620286
262.16269059890226
245.8816647412328
221.94312745623546
248.64105710324148
242.5065093755089
150.10279373231043
56.68678513623388
15.499998613631055
31.169185556592605
30.50396366382133
12.139079731734729
59.42032550075792
87.6967233483545
136.45424908834556
159.94722452561138
93.00730384605632
101.54092632630152
95.28457952764848
87.72531143178938
47.02893405808838
13.778353881835937
19.27340150250011
16.55834323057328
27.301253677046795
60.34908195034275
79.14247749063436
84.45377606436287
77.5398094927702
58.07649984765517
43.876769758235206
40.20356908163476
48.058343279559935
14.227037936725754
19.37453185598024
24.451247263936693
23.48237947661446
13.277894446009805
16.114185070235976
15.705673642894293
20.178830381541776
20.524493408203124
28.608515227932106
30.235441856238197
36.411363858744096
48.44976184313996
29.619477229812013
29.352994583317287
52.70590628630784
47.43266507887927
77.16911569705255
56.4474082610177
25.936191568025208
37.58678766812612
55.46682897545277
87.71096165825819
67.13617770238253
43.67697667148585
30.710694048975597
31.98062395997804
35.571297237831836
34.298592057823114
42.97168765527071
60.40519727536294
56.28978692602857
55.51996098863792
79.39135273129075
108.02574923796689
70.1182754649366
46.403822713895764
64.05031151730502
82.7525077545893
33.13763221900533
28.639242553710936
86.9096202050387
109.25134844910494
50.98059191139598
54.06545403595485
60.862948070280275
48.812644663528864
60.80915388963497
42.587670483842444
46.55629635298876
31.97996340741172
36.730529863217455
39.331739526125375
28.67508685933378
25.935659013654536
28.000085468727388
30.54985995905481
46.368437274799625
65.23106698489332
56.63516367675601
37.57991448670509
40.98392259340515
38.95943908691406
34.16710454595259
36.29058099079508
38.125294165318294
36.94336875295502
42.54677055610368
60.593793973822905
84.03935364336799
134.04012555410537
89.93442664871252
45.38322407017606
54.0945792560979
44.536734745575146
54.36733482914824
39.3369242215465
134.62668999347989
179.90783658882907
108.91896057189221
74.83512835766528
68.1347074618644
78.30630205167574
51.879290048329565
34.33330609423407
31.69783167929895
28.965086778233353
28.010704375238525
31.386499531727576
34.084888247210486
34.248813480305856
32.492794600906635
33.65076668491129
38.22399428519573
35.99296035764378
21.43393674991237
21.86817962901116
24.234640673238392
19.241136852880686
40.201074494664816
58.93300171657934
35.98347671287776
22.426829170957397
35.037338009244344
30.27690523845348
24.251448185583207
30.751465832393887
33.668256271205266
35.49505284526583
37.94616338456892
34.062969374713134
47.369540409244095
109.77310061185835
149.08397153121913
158.20477736337844
129.66601902090946
60.69387876306316
26.117267758031538
48.472720868323634
55.985244782222914
39.805328238605945
29.392100683978676
51.7117744007157
67.66163225607968
31.181864581405705
100.93595825484563
65.31480443263763
51.19821255073634
70.12860115327867
83.41676704683202
124.59122569574029
155.05376747094752
105.31338529028764
50.1958179760346
22.647581076542018
23.114467321820324
32.49157908435782
62.36462613131105
61.062168039073
23.937778011820775
96.28661828969143
142.8257777970868
140.5996251196713
68.48987767025274
34.88061268086667
59.43043917534153
67.95187495426771
59.88854413364652
45.42083649287129
30.20378116710517
39.31431856380241
29.323788294254246
32.31749174841032
58.19428674600954
55.21916364259787
34.433074951171875
46.34572340675295
54.4445990626996
87.6510111886524
161.63471703035074
174.78420721895355
104.5953997127136
78.39153619855907
237.24509831595532
246.44789522391494
219.859743214627
181.90290842299788
157.2500011734748
129.2492069177721
97.14311797233958
108.08217347233366
117.87939828771604
154.09739965747167
164.05592186111306
159.37519651536846
179.80028460141438
184.23127472806658
171.1440895497406
130.55999270250754
87.3269427339008
66.39743976890614
74.79690108621853
91.70103893590185
168.495944299856
234.89814514277788
252.18042409865794
186.6988952501502
182.2128957853394
267.76819294896285
426.3629569339079
469.2157773808344
609.5220543797838
596.9121561649188
593.271892149531
619.3117531521856
622.9120056353142
579.192624790157
519.0041597335185
516.652625937494
498.98282692757493
491.47411835790564
472.5819960630482
472.14328820920747
460.02418179647066
450.84028979567955
437.05606456443155
402.0529864517149
387.67456732493673
411.87499866048194
497.1320648060235
549.622808955752
559.4725934909351
583.8567540279976
550.9012399124647
459.1920482771655
351.27669001106096
314.21856136822623
241.15130712399213
205.06769651953155
190.1880750004322
187.5651550625747
142.71901799360995
118.63208901724506
220.68309800914864
285.5818185607615
246.37997257571428
158.3270494276333
120.7942467390424
66.72590740334604
42.99739610343413
23.403134377175867
53.558796829539155
95.33265522511934
43.98962442403572
80.05679904552485
176.98336810385086
235.02908115410423
255.3605307183136
266.23206221811176
337.6579873436032
301.4625269414722
385.5568894601357
507.9881608371746
582.9253077021983
646.6316761389319
607.0380623909416
614.4773498381561
534.6668802726475
601.0352635837771
290.9853880081208
310.4535063619211
353.196578978886
238.16730349896005
194.89701023066772
255.2289758159145
319.25385242513875
185.98534367269713
276.0998239653498
302.56132763324877
265.1557149805109
297.82345984919357
252.24483537530105
212.5740448130858
254.68876043981209
206.01808410358794
83.14164946249403
23.85095961168786
54.37716591554031
126.88285876007372
208.53158969623473
178.55922577968659
243.4216257991049
191.09617466585846
198.9505051100985
133.30797931458818
40.44840463739824
47.70921985434093
51.14457793575205
63.53050294262471
46.91429967070612
79.08677147579769
153.87751855807068
238.77379552306374
294.8162911154608
381.9114753894372
418.9317055702155
408.30309219927597
401.5065533894951
434.08692069166636
348.9978594903261
205.81435942915806
194.87054981033262
332.1407305787705
317.2323676918065
219.39711423465428
336.6946513925519
411.54230059991653
540.2292373084231
468.93558224900596
254.26130206459112
209.96069159360832
244.76037791337131
163.0214917480035
132.84576337101694
198.77163199711623
283.25379738890786
404.0282442023662
463.66410653650917
470.39625334071314
363.38917622093777
56.159534143667585
145.96935779156348
287.6193193701503
256.4131334033855
168.48912613107717
88.9129929665125
284.43387012390286
458.3355602329572
545.1920451094359
480.5018382916388
428.77697932355466
328.1665914065064
100.01771559492991
134.34777627609196
167.82380976779305
156.11127944118093
176.07697602672448
242.08541496877714
268.37853744099414
209.99815948142373
64.19106050398804
75.2013640347866
83.81869650600026
47.39540122741473
170.3691416375237
133.1575287007463
94.45348609732314
20.572248726363433
21.407591898052395
11.839376831054688
25.127228597939713
16.396058442029265
35.77848505139764
23.895640442684417
41.99486137338681
43.211234957265376
27.099303494178834
44.50283835405535
45.56813622298337
35.522388135792106
31.427105712890626
63.65956723531467
89.44626782186819
88.08394728335546
60.40157963279321
22.35060409207431
18.633046467830763
23.79856704195181
32.120160932369025
128.5197915832542
173.09552659961184
128.42554025227463
45.64889362829375
24.995982395787404
35.616634083897
39.54995712788978
23.23727185298835
16.955836214929832
14.296079191067815
13.17003481653386
18.25333641054117
44.48010182907276
59.38076990054674
51.774568593142625
30.650975458551876
44.40516211343864
35.99511090412138
26.70487140591184
27.636064762648676
38.80189420264942
45.189569039970976
62.96740149775651
43.14055357971182
19.904655292599717
21.947399324293883
20.894495588953475
20.79938136988003
23.778880612785123
37.276177262727
42.58598069055758
39.640649412919586
14.771678759749932
46.68086973523326
101.4417802001079
102.32739160087708
33.40922087267036
38.46924123351009
85.6260739430611
95.23147448186538
84.71641362125202
67.83357370413069
45.64772430418494
27.343927295319325
29.845901090526034
41.59393573218805
61.84108715584159
85.65425435966831
106.19792279525696
142.85624975640178
163.67416550304546
177.9382709985152
185.50572604695756
183.461956769258
150.59301608021377
121.17827076852636
95.26173527672915
83.0326084441861
95.02120267278517
97.84074225525964
107.7974345007913
132.01708750764342
164.960351644017
193.33343488495473
197.60014856011097
180.27136451408398
144.74432419583889
126.58226610762503
97.54209290355293
88.73091389544322
41.56382031254357
73.200544928219
97.80668861282768
65.79758933294258
110.1660663532682
79.95701528106706
52.9207124302025
26.42911297698214
18.912746297990633
21.4299098760584
22.65241133941199
27.963531957417217
44.841244506835935
30.745932006835936
37.08891002977357
39.551035638159306
39.77516264441506
39.706675125644395
39.51872938084978
44.247101613710925
47.14293613192915
49.69690370089452
51.169695222215616
56.192154595692955
59.06418258107756
53.68068850906339
43.241084618054515
37.72265288727431
34.947390747070315
35.613540344631076
35.224163876794634
38.717376355316084
50.69659128900044
88.49969032186418
120.89637161050868
118.93602840174285
114.2132462212511
94.5763547075298
74.29246857068524
52.29969284677113
36.634040135585224
41.273213249708306
43.065969178123126
46.70758979551597
34.93288173078874
40.92623623756608
75.12475642608379
104.25400876281351
148.70135601324037
172.83372589151867
200.9844987632492
206.50521275002637
113.64532223706092
76.94879838983411
87.99648370389032
85.36095723582528
85.07380226967112
101.71393591478531
110.05796329687844
137.64589171556628
195.70619513255787
207.2160266761576
183.1178326461104
92.94117677155552
76.0314050634724
41.485380493973935
55.42262305619079
78.5129515511313
95.26675272716174
65.73866323318944
46.055084228515625
26.988214415607853
38.557419871210094
85.18721579925325
117.7446967225796
102.99486411552225
102.22675698839876
84.7586091223427
58.50504545382878
53.8448260548209
31.647113037109374
20.37643911696025
27.130219935151764
55.44571104513343
79.54537853362208
52.67360022030507
33.0303654684516
36.65893361823337
60.18921582140888
61.629547444302446
112.77590500907108
108.9289705644245
74.57170111186606
70.6616943359375
45.40989990234375
62.018031086884505
71.02466285734654
66.79873462984543
39.18739013671875
48.60499867873932
51.13273207636303
50.968655398054125
59.1276480969424
38.573298980736766
39.6171328189655
61.1907491632719
85.65753801425004
94.60798140574568
82.7030270089701
63.71882481789667
75.50036215499077
80.27684271979324
37.73756683080046
45.12919322736034
34.333373594794466
26.600107614253012
45.7895662207754
101.13954932333127
85.7338888145407
111.90588327703085
121.32725670574546
94.75757976912868
93.43150032734475
65.8539321824821
45.41131807595557
60.38668462978676
34.08574647825244
41.41826899042435
40.448306125118734
68.93130668227509
99.53960162703929
107.27730873318015
73.866154145703
71.732300096066
110.93352365892369
117.30105484393275
108.50709563276686
104.14674868252955
57.322832929918604
32.993015771033605
74.2419399103399
43.077079735180995
22.57469465718732
81.42997737468167
131.24809801126034
43.32421456530956
24.247298571546388
21.47761034928792
22.399499910317854
22.89026988630808
23.429642954769292
60.26582867770567
121.75948212817221
148.1816856231207
187.42721398033308
168.65057489709824
164.79524890494994
91.2206249278056
70.86699945583632
227.2442478446224
157.14960139727094
235.03740499773647
234.80220848028685
198.37128770038444
269.81116696009576
375.5551108339737
347.08837655336475
281.62847421158386
350.3174339243043
346.661020566552
246.91310125912258
221.77464059417179
183.49975224694208
212.58062310146676
247.38072719706753
271.00372044550585
332.45589365989946
230.7699718826283
149.82017329683535
122.15743323622678
78.44329047393899
39.1270824126841
28.03723264657401
48.24714018895643
58.4129388244477
123.03810561820592
93.55395596457575
125.10348856420546
123.09520429233517
20.969196519756157
34.37998046875
58.45692439314389
182.61339088236892
187.36116565011633
76.58338217114897
16.9172607421875
40.13190075366676
51.21064064041984
48.49581918818285
142.42122890782758
188.11463507852994
303.07893893534003
411.0568659293698
496.77348840092634
472.7769153910068
400.78329929500995
365.37615000896005
293.0130102549154
161.68783573624978
31.14803466796875
114.1542028629392
195.5566918927375
191.12613181806017
197.41213821425458
281.65848815038095
330.5520193476669
320.8039558906317
331.4076419190828
251.89610221448748
194.8101213266752
122.35931753568848
92.83151008883301
54.44306610220117
41.93985789541652
64.31419894833104
64.15372485582891
57.84505412658941
29.740734907447223
20.675102171877324
70.99555961135556
150.77743609655403
222.84146855342433
226.80815155383075
202.02465244903237
167.8283076358295
123.24468410642271
156.3307650601966
155.7762906564617
159.65607871198958
309.1270322339866
214.4548517488708
66.76354052043094
20.55614878642143
60.01778956843716
26.514003119603206
76.23055652604367
130.10847520791268
116.31014124023677
110.93653058624689
130.9422530960431
94.60986590375308
56.60931678427244
25.871816652869985
18.72742937000363
27.63967028551166
41.75980968816915
52.57095932043457
63.60281751916964
73.97354515763337
64.47071447208175
37.04742443867936
19.021570081644768
21.909853224114705
39.60041260106775
53.69740015668858
66.98979026678576
69.68985564042381
55.5406204180922
47.99340836211028
41.55233728313789
40.36889318603473
45.714205469834425
54.36304561737749
62.826200387529546
70.72491607990882
70.47945249323843
93.27200341194616
99.39254988168273
95.26151758026603
83.0274415095666
49.56299845878273
19.988861740917446
28.31162969916977
26.540842415374243
18.654080864296372
21.748442293593097
17.390631659606857
29.708075564246883
50.91768970953274
57.804873015943755
54.096030876609305
39.65151915905646
38.85468771928042
50.09166346688404
59.30232789485658
51.61846036195872
29.07035149433624
14.533658125880436
11.825880847381303
20.240420532226562
20.168485599251746
24.51536476715746
30.618902944950037
26.560730566517485
30.088313868497085
19.870997549674644
20.158215205735452
31.306984068194275
33.82083655840343
38.504426543276416
31.977406618387068
25.497311401367188
32.59636333203364
41.01957029648675
28.20710709172629
13.196793969971623
30.8152107046673
16.043400270960056
34.44998943539542
84.19805292174294
87.9623170937745
52.13203263271814
41.04524213795251
33.751062629952216
18.26557398532076
39.9786912559744
60.707033823051276
53.1697907618886
46.48206281647797
32.03254448966798
25.811048840744935
16.1572535204799
18.75374428844875
17.100181103888303
22.665762981310262
37.7009212544398
57.27827784217262
45.04294898125746
20.989627644002347
27.06099725131702
23.863150259254745
14.068475341796875
9.711174071422988
17.226164873172685
7.461756828002535
29.17837490639122
13.955647834740216
25.545211662374687
33.70652661298491
28.064911125915707
21.577069091796876
41.9592533106149
65.5112039924727
77.04674544864602
78.22937977006814
59.4314039037135
59.47659116759464
58.99580406932946
52.028464034237416
46.7418816359899
41.509006512014196
34.11367151239116
31.969935213690736
44.246166635410226
60.441663538060126
74.81077481535678
80.00345896532272
83.04783123442591
69.29729113142382
47.253076137916445
21.39757746040982
26.813925982814816
33.86939200653255
34.70724356229921
30.528372545353808
20.11525493425729
17.351925659179688
25.45988386751793
27.51162841157866
28.88220867837349
23.9764789150674
15.859575045663883
17.0879111470025
24.679244257722303
13.118453815437192
22.961681485298993
33.30865558981041
22.32923583984375
31.083892822265625
45.45543210801977
67.52574288515828
58.79768999286332
27.264555775838154
231.0001275820262
254.57945939070555
223.2597552816178
206.80835664781767
191.99203533064724
171.9301502354496
143.231713264092
146.44261904048727
62.117950983823405
6.81091282696957
40.90286285128334
29.01718595628274
16.43642123209579
24.776240569974494
28.99725362865356
32.174356823306084
13.740959531025691
5.845660302477176
31.313822970082015
48.64863210365095
73.6352414632258
47.44843788549404
10.689921929535876
44.77489772387635
84.33614713916663
86.10792918265997
61.72530286577428
47.67049674260174
17.090386223250402
22.63371023024738
36.24155456585822
50.39351383131168
25.62854948126428
33.68991985472731
22.773861643340705
19.559893623857555
73.51450872837313
96.51098914289818
68.77096438736407
35.68645061426942
36.43894833266772
28.594073497933685
44.47931931843791
61.81475586810386
44.59278309239094
31.471432956629837
77.01654972496303
58.037564766435345
33.14940631086138
100.59751145577886
98.91099091582268
155.24603904997375
72.11158961845899
41.879152832209684
135.1104629411277
152.30514982711233
169.6913962698474
220.8203579850305
181.73837443614815
150.58443439419312
150.38326369744487
88.39945097736313
35.61882186494363
11.359634969906438
18.480607280387677
97.05732729398524
174.26934123181292
265.0601846795442
209.76768780215784
191.3030442862991
203.56472974779336
255.7090680834288
278.4946857521974
261.1276250204228
211.52575736693402
210.34736748326145
210.96582122110505
208.85505035541388
198.1247099245067
138.16505105332567
56.73873657995978
124.91101837356545
154.82453876439754
157.31504028752283
142.10050504756447
87.913410579817
25.64425366406124
14.665639807272509
15.922747470807462
86.43067438806456
127.9354120864552
110.35891855530399
84.26155227888235
92.61084886994009
83.98227335661429
100.6560966454673
53.6211756810078
84.16392379763143
68.08845181227043
56.2163452523866
51.323725379460576
16.253080223939286
22.301711830344992
96.68772440885463
44.96546942588115
34.26757991071899
18.956337909299144
38.56848652626877
26.106627993660048
79.38639066650353
81.33995820913383
52.82419425618946
17.334105195473967
88.36407248764912
123.23363155285801
180.98646839629546
302.0473566845885
364.27502064360016
393.19165837100024
412.8537383658835
400.4126098016892
272.96461537926535
269.32787812057376
126.20535606223548
97.28959033833772
74.84156325079388
30.39383633587986
56.05310577582768
112.90642819252807
260.6710801145244
390.36644090289536
239.7119448141406
226.59456409365708
141.26426950848318
85.45767158143549
21.836012343662013
15.941663689647589
35.69894810506789
22.51895179324729
21.333494319540137
35.997092316855834
54.9496111605431
63.62071438578496
55.82727901116125
13.327735999918104
32.13398445670266
37.60700993273504
24.996942120371
51.269359569616725
66.31271710165363
8.636234426950455
22.842658086478558
10.421811477865344
53.88167636146177
23.400187121553472
24.490667724609374
28.2496076792876
33.45593043381312
53.3370927131799
25.5718127387172
25.24939098566299
42.94653566439329
23.236247496467513
22.04936542411847
19.41437280743612
48.27936379842449
58.068706618399304
163.44737788207718
329.5310419735044
360.9308909888358
436.0126487942481
396.15942519903456
468.5394986255027
436.5723326632801
478.390085853984
316.09887572526316
298.2686118560135
236.23698491875584
299.0484319372499
290.3087388493285
294.33709512714233
259.7540875803699
187.01882380690557
91.88050966069898
44.02987248417689
103.16748497065846
93.39204721403678
77.00693262680473
141.92672406403457
191.9862650705998
199.77551727281895
236.2517507592209
314.3310891194302
345.61239971783743
408.4832984827468
435.77568105843665
477.6657210645546
560.134788725358
689.3499217261531
718.517548203677
616.7227489420823
536.3987020150129
461.02806689831186
319.78915685399124
243.17449359299408
195.5817063308088
190.6425409215125
119.61073230459874
154.06162759200387
191.09524406010695
195.77359559136366
149.68509680332946
103.02737673057274
19.797021484375
46.75857775557529
34.96277302983121
86.93020875099123
72.22007790122265
95.11679088280805
72.56361154113151
36.59058550497588
33.80317577406191
60.25444319624107
56.11994327471443
18.086830731044508
10.60082431527378
29.886571891952485
64.92718563321432
44.53373426897692
14.898185219617869
35.697773666321645
56.199776632454814
54.047583467115075
46.41364198819883
58.780681833871746
82.81294748349103
78.04106524525189
57.24832762439032
51.81320064408292
68.43918307783883
68.18439391256115
51.96882381682475
34.10029809565782
26.753075514617944
26.765982435362183
23.366975698322676
17.343581445006475
25.786604172080796
38.98452157473279
48.569285325836915
51.691714049829486
56.859505901172
55.42051352526439
59.447443314833755
60.12430637600437
51.132740775590136
37.55442968183536
23.245947678608957
21.196835019569324
21.620739501414143
26.59170345985807
30.902394733866334
28.180305789146495
23.51106060886218
22.547227090909747
27.23281373151226
35.477773274675556
44.81563972405313
55.977424174504335
66.93169312911611
68.98232872613168
50.03901843143552
50.33421103883243
57.03475176921752
63.856614909471276
68.17245235271511
76.42262446149456
96.68404365049298
87.7395622378137
91.08042843790145
83.61879524622896
82.83110996985097
73.93823282098796
67.67412811890267
62.38137717913471
68.51482274725952
89.67479597823232
110.46651528667705
62.57907643668418
64.13049534070606
75.5511376230852
78.98549086970415
63.56089065490255
65.37790486692961
50.48836512004991
19.187617764693233
29.212164306640624
23.468180545856786
28.004496860275786
36.771834070902685
43.14203081325335
34.03484287854244
24.424895282548185
22.894798697730437
25.131266884428054
26.4565185546875
53.98870303346946
92.0392666006006
110.51330454377361
108.0093275409932
102.03312452339966
84.02945671896983
76.78050039741511
60.81785584920162
90.91837491043498
96.08016489522672
95.23841182143155
106.20084802149384
118.94654010702679
123.5337516852422
142.75771872359027
162.7732797332962
100.47756404898487
50.421257518003344
36.00003356933594
30.284762666074677
21.97605302207787
25.378459897710446
24.563327945368474
24.296139445349535
12.134761318363577
13.388628878186136
19.63888738756965
15.950631662197235
14.095789816068214
16.787040608791063
23.09736901446636
22.29596055738266
17.71284107012766
11.929551763391293
8.636351530194167
10.572166692390374
10.433720701345488
13.227245660653296
16.186337834011603
16.70197571462022
15.071604796726376
13.947528076171874
13.879950815174208
15.169447744949718
14.830419921875
14.633878568889713
13.339959037250708
12.294464111328125
14.20958101263883
14.562275786300962
15.269826042086232
18.07716837076631
20.276659174318205
18.45003697491942
17.922774991899338
18.260876377483534
16.478440049811617
14.270391845703125
13.788013791699495
15.274903411418586
15.599146521506373
15.425266992694242
17.8097899466341
34.38768517564317
73.00102845403453
117.12790677020041
100.71404027213737
56.49311723247847
59.24392760499116
70.8929230748186
52.788030296048326
39.07386474609375
41.45418528751825
23.488470458984374
27.138189070134832
80.4010661161573
116.91271428918715
64.53337300551615
50.889442082864775
65.1517765983203
82.41906167366717
84.95798116549194
185.89529961837653
205.14254173357048
203.10469821899642
209.41147449350404
159.9571310979632
138.57574516420226
118.31684996572085
112.2966514755783
125.43577144278129
176.17816880194195
214.82535173742258
231.07229112795858
247.68310283396204
232.94441672666272
181.05944098468427
167.82790021436713
164.03602140541443
148.73011730560992
128.17950942520125
100.37328752638277
84.33246956925386
89.54038483516015
126.92541730667044
149.30485728512969
168.4154940128852
204.29547468599526
249.1602040758737
309.8630918374209
333.40451665133224
323.53317313813096
314.05118595563897
312.5288546426035
311.94147138805954
295.7028158406446
271.0142486563389
210.88740067511512
183.92288456712868
213.35392666163247
253.76018751275888
278.80241783733584
268.27786695614105
268.6016791740978
263.889508515411
264.0790290014975
297.5516521322339
284.2427045012996
245.30248081768914
198.05121964876648
172.6408891494134
153.70205445578586
149.13828587477988
163.0482962669442
211.6732281868098
321.3197558134214
299.9736906308124
140.5777667967712
72.301399058256
28.494804465221705
69.88208958917508
184.7754167246016
250.9604155936413
230.30346229303458
181.32131069847728
148.1170621377759
181.09438916260137
159.87288563259713
179.58651903116743
171.1838155701408
97.58570389126143
83.43292002740209
48.61478685476531
58.98165283203125
57.366212750358635
114.7706866698546
78.53671944558036
78.83045355595922
83.60797598669242
89.69905114694089
96.6465831156689
92.03129974704298
83.43253699048951
80.07692408236763
63.94903719920872
113.53542078163191
66.41723131016616
86.5356304635548
25.09719150272922
60.47790691400869
87.19793866719473
47.83837155978731
25.49695196080338
70.80726764093534
38.36893063555235
38.92326123711555
93.12633766919994
145.30233770626802
188.3968834423547
238.56045148092676
330.56416766225504
103.85332704089554
157.35369525855603
175.38819407889505
181.43342413012653
167.85333273363966
153.88956249921392
226.98341603074968
259.73427088382016
250.53610381689504
285.9117554672486
292.364070638221
164.803729286642
456.785272202316
304.36545636233603
127.88196373234123
101.34576179190458
210.35507330087012
202.69284546284558
187.65517020048068
135.62919615487058
142.89795998398714
61.95030419823443
67.52069661765208
112.1059235260088
110.38323639148203
33.79094973595429
101.19487393157947
209.88650401804367
97.76957842921115
44.10625353273863
56.16628882895666
63.4128173828125
167.35544488328998
162.97915204149595
219.51498945194203
240.811610602584
156.41589479168925
98.88509993591406
80.34660278172339
79.95897311446727
115.31756286298841
141.00853045492286
148.25046765628176
122.14106589447911
113.4394434933281
123.00307474963138
124.23514118566649
68.38069466736172
66.48794876485651
101.83677139842943
106.12861953597671
42.87906142879656
26.773223220841054
57.390596051646796
39.125790406218606
137.69774710679388
184.32964720444997
213.7959997445461
340.4779365821223
470.16996146316944
596.4489917601256
629.579270162196
340.52120930956715
233.9020110958745
172.9234908661359
123.91618721041459
102.19594152577369
102.00832794965291
132.6830698291338
114.1468856380031
194.0960570796495
119.01030272396852
310.3791109402414
190.84383452179515
209.64392452429442
114.86481549634414
109.64997213417764
125.3309991909045
188.00913955739003
337.213277081094
257.0309223144821
224.27324739260357
141.393701171875
131.44647847098167
109.02128357610391
78.10466134708004
118.77266621870271
173.06702595051325
156.3531247298634
64.32166238694785
45.19123574737423
71.98577623012083
114.64901201348425
189.0069919837928
137.99727743736102
104.6429168501874
102.32569924205086
83.34365141474646
15.536248386678107
51.07046701227932
99.96175359407705
170.4305664865114
137.71898052273087
88.02026077044702
38.71840507476277
121.89044239669502
166.3179741969556
160.1390519526793
160.71676038497296
136.08469091912247
118.07587872046693
112.57022289133822
133.7233430395494
128.3100610720739
110.41030810840493
56.497906002417366
54.91057388299159
80.98882710288899
78.88409126388206
31.154208435963803
80.99870641477689
109.4753385977878
118.30085193527403
85.51389170054884
29.369360636010743
25.180330710383647
27.303541353931177
25.449186073852182
53.621968622260624
58.180591319862216
71.9269897999234
71.85353031704929
38.61689949703496
19.108062744140625
20.661159741549227
21.35109264785301
27.507185352315084
25.740424731652023
32.74239568512303
33.95593742690765
44.33629831386499
63.71598996079956
95.19642371710847
115.23909432612979
110.84789820017906
86.75255389226149
74.580816652456
89.67245736365646
96.79854852513718
68.83572212133613
20.93996270589197
29.93997585774837
19.183536339774797
12.575015317812813
39.130609385561954
50.7034055404333
36.69970488907378
15.762676297833332
68.24443218405945
33.69916099622087
45.857437155583284
65.5759655440776
58.81747910607923
55.360924236599104
83.20929779242863
69.25980412655042
38.17433071066871
82.0055183600047
94.21997015699007
118.8294333309237
153.62134984724912
192.1634777700393
132.60150848304627
98.74209533598628
91.19194864290712
86.17963525376244
88.92510193256814
99.82456644483564
115.68474895989388
141.27840466847456
172.02079468401644
214.92522218583318
243.19216547294508
215.88611892608498
168.03178559658812
135.16077486087983
125.08434304806084
116.03152030239198
121.83612262763863
125.40659735174742
121.12083020586579
114.35658267790438
111.52102273306438
118.56274331345723
124.22582209150889
115.90151468549963
97.9366503991944
86.3763482248035
90.80106210303134
101.43618288422954
130.62183030429443
172.10124457999308
203.78087395332324
157.26210810137883
81.57194398057386
45.725062535707764
9.679487598753145
47.17516000107577
82.56002875722811
84.38332080552357
57.59805933874986
20.666159378162764
34.96030478093117
75.52239179329294
89.44576123328034
95.22471140908814
78.77615298575711
40.72073094468707
14.501903531781773
28.690242498374413
38.148706725224564
19.626410843825987
24.339196811649344
45.52253056886197
26.97810519950457
25.320129465176443
21.418602565846935
20.18671217691726
19.703083105056702
21.813249222788933
19.645358453829694
29.856416549061613
51.23710868515618
62.07913710583557
56.961539098498996
50.8393126662949
42.42046037886636
33.78408223351297
24.998123638806373
25.500670388751892
23.62362921251404
19.844187954291918
21.71465148925781
22.350788182063706
43.13654752695627
138.12477284012712
233.42814814886066
252.58959091378424
179.98455990401817
147.43440359930622
151.21451538969222
158.41843500114342
140.65411307927997
86.85787191202823
49.479716143614475
50.068379066495595
52.824839709059255
34.89610524808022
37.59889387026144
93.66385980969976
114.75678618750165
72.76056917170135
86.20171127929373
232.46660394703568
241.79009671837144
220.93208662636056
189.16853275662
109.80715921033502
58.771122263166944
25.170255237244827
69.05999341848494
71.57671331423185
91.00293241238288
207.26747212799373
205.48707054544138
274.6546683001408
384.1925804148915
373.85624092311485
380.33832946902805
296.31382075558247
195.1852723429326
126.84067905866223
101.38693157549517
75.11981949704412
44.74885441023362
100.3951182530974
140.00069098725135
108.53540400399422
26.808369634708015
45.430100399876025
41.008858257708745
38.27678134533217
81.4992043838005
158.2762304721204
207.32827641110467
169.2613916123586
71.32552938505098
102.69370070773104
224.6389147243247
257.3163166532147
257.71390829638403
278.0341998159902
234.68237533877155
226.31927582513464
216.34832167876735
253.93311871271325
400.5299090608881
378.6476246075532
316.738194452828
381.28889036596195
350.87501600926095
344.70898272400393
313.8001716343733
217.73019170559914
181.70670959956334
186.706438976169
227.17868064023259
258.9052145392234
341.22380948796547
337.1606277780587
352.2717154218355
326.65136092878254
436.7989840793713
450.4875848582048
441.13141787900304
422.27225733451166
349.3599900881363
355.35606969318206
181.61331539007057
66.57813121295985
156.26104139799736
232.51115755963164
310.4280915230009
378.13075311589625
381.9872287847344
437.3138867205028
481.5959998304785
442.7880236741738
460.08736013981763
566.999935873391
537.9524079111463
541.9853900993497
524.5899614892909
552.8437020160169
478.3423976572258
436.06377140316755
355.4902973057061
449.2347363736159
394.0136388845184
438.4526596411441
436.768130937823
461.05617214698105
435.0936906278927
402.75223344322984
361.7384864358095
269.5167962579873
222.2746210539477
329.21640820814656
357.5220052997186
329.38287650378896
257.1390484822332
99.78513978112414
67.98864172446306
80.58809869626316
51.760422341170624
17.177222329655887
155.54847332125604
96.02536268620285
80.00498323866324
78.60435629567019
145.3820433285724
233.8735468569701
356.7242553382166
349.0699747789327
302.21497137965696
288.60984338934924
338.26484429562095
275.04507278047015
238.08208458562035
206.33530747613955
227.45811264894883
352.52116142855465
410.87242236800523
455.8351119256066
526.913922398305
414.30592692569314
523.4074211783758
556.9225272977972
588.4837320604664
509.10459527753926
486.1224948851012
382.71657184717543
334.8430724592473
447.3801060228624
320.6862830351094
296.0185365067674
320.77470447448576
363.3312648469864
365.92198558984467
323.562560510435
367.81268872533684
365.88634703364943
436.1686632447089
310.0286711123061
377.81143288457116
323.3959361268429
307.5842759587613
248.70802064483732
299.5586608170921
448.58829377257655
316.4490907918824
243.44303603956524
231.68694389476613
204.0367178813828
234.5130742581514
87.73446491121949
56.819281651391066
107.61304073398477
156.9353844843021
185.82933786925477
30.565333979623347
87.40416099533248
25.37661978162912
39.99905632399596
53.96067385000398
55.80755818514515
31.045139854175478
75.92587951006344
86.73917644259492
67.75007385761542
41.9133510036605
25.343977509290983
32.559198006827295
87.92233395274152
158.38212894156104
215.07184006395693
319.85584244443356
401.75597941932176
395.42313209781497
355.28591139985775
348.42215217575784
377.7730095598043
264.6808328605786
369.50054760925804
441.39583240567947
334.8405816408398
203.80659332041213
82.74771389601324
41.07112936172875
54.211008992311875
55.71895237166946
33.52325439453125
74.3834753245128
127.66148656572963
128.00269096568513
107.47805121960764
60.430084265106096
74.73949479224413
111.2345187413745
80.89037784325274
77.39413390509762
179.7070179035455
236.55358726300182
375.4943840672484
322.23381091422743
434.2222192264895
418.734096288816
324.7356102816737
220.7374000629362
175.06492463972194
129.86854149600344
40.056798584142555
45.20895495250861
102.64495953401509
72.22809847943108
25.866228263411518
34.9406073023928
21.61221540486249
82.50390751280638
163.37666590510185
103.76750238242498
81.90211078161458
138.9973547966356
169.10581855845618
185.10455641507542
143.1954491740551
39.01995675984689
64.19071566174637
108.3910000210061
117.92891507462573
11.853776507711633
21.462451971256677
37.09405599634554
49.05850982359283
45.58652979194382
38.29307843635129
44.90904935602962
59.65092641451956
73.18137860558564
73.66656540179986
58.74995887795069
44.29234691271008
46.00916704496116
21.41431433665523
15.047639584839136
13.30044139514547
30.110815208227997
30.348862081906667
32.08171595461592
21.925545778310585
12.239117311465225
11.154476785895174
11.405179449774584
9.12753261822644
29.745871919845662
33.96305325327593
30.485060434236697
29.146606869170547
33.775637190273734
41.550223657594486
43.79192369852886
31.175643795103884
21.5375551085761
17.60048971238883
24.963291733675327
31.88880472420208
38.625164282873094
45.33213221239684
40.292659525442424
28.05055549618412
15.021298087268331
10.370021070217927
10.92688462461059
16.200549820396155
25.8983871104723
34.207174220571005
35.315163520423695
30.580447698569674
18.535387296506475
7.866641504992316
14.919184220815174
17.971956812224583
26.6418908850004
33.448058266288356
34.488662198446164
38.212381538006845
20.115467297037434
23.24817751458762
16.349986895530584
22.879200546937103
16.441153283874883
13.360887606123459
9.167947460869527
15.706162268410049
18.569927709492504
14.9666868084503
15.220007142097666
19.774105943117217
10.099782925121508
9.977312767111812
12.251562315516537
20.273188463373334
16.371141487010867
16.34533319612412
12.630636836544
10.030515234369995
21.242083736564563
29.690474789300755
16.18730731246304
15.958527813784622
24.462333918696185
51.56726983555264
63.63335050608843
57.84252041628215
34.816388440074846
9.688768394636714
25.720322792705407
17.196125793457032
24.577763083829574
23.825168153349296
15.975442938363551
11.553144836425782
21.844456582926068
21.90353626432584
28.846727345827663
29.168642496562462
27.218917156540964
18.0196625730741
15.679472605224088
12.920091725243259
13.433770134532603
12.594548385319365
9.48365987642946
7.679545593261719
7.842739868164062
8.357334899902344
9.305179890576676
9.949926938499697
9.815116740668326
9.515183607682195
9.120140075683594
10.1681257302304
10.09837973790884
11.977213603427623
15.133320904934465
24.413231794718037
51.70263786750471
109.15411933182452
125.73743070238342
100.17252646773053
48.111929368891914
27.006233663021852
24.103457403719155
18.45202092558327
10.49953315223517
9.54345948131667
10.756330500236539
15.601820179330872
37.80413113132744
33.93390783167615
63.970202930493585
108.0812925125883
108.97000945904684
83.53526945940612
52.2427668452445
23.245952226157623
26.3775129935539
31.802943913189825
19.040635193420894
58.851676325714855
21.489233720526
19.382618077704137
23.888244836569378
43.45780199299046
67.94342093297291
39.8874508851035
15.583888301995762
56.82290070635188
39.3948899747251
18.592690690209384
36.19348779548013
23.618707866345016
50.117922494913884
74.07580437898044
59.58431804114034
48.952908952417715
46.24666573898703
40.22588306107514
105.86119231516503
181.20013190026512
209.33172391666312
257.5503711503627
256.4610075117972
173.22310475726144
169.28401379711212
241.1432291795667
313.4667683768723
303.13343706815937
218.96006702269096
198.9165819149026
171.40697532026525
183.5399276768672
168.8104838281535
163.8097131289845
80.09544246048738
46.0052254281587
40.7111328125
60.67150237275773
60.352400362460415
47.45035070013341
21.678935468709597
28.522351180169426
95.48387352084801
74.73715380985891
117.43879448216016
81.38206225696104
89.02090643225442
136.78691513477025
99.27103128889613
146.7482121611748
123.9916496246984
94.82553323617239
75.1603249473653
81.88299107625365
63.82203857727909
141.2129032135891
194.6644718458887
163.20355963708116
141.07130981169888
234.02599109324098
213.2481852727799
233.52763001037746
187.93628479809817
215.108509327079
214.89612151619514
167.93306852321416
105.77654137208351
67.12472699754858
21.20412861114746
57.211003037291356
67.38252211765321
84.90537658035146
98.8514649648993
66.33461228360488
56.1270865185214
76.18854664199316
106.86290388887706
133.64356469337866
116.2190052478295
72.77646407721053
44.05840852679698
21.431889261985724
37.30353755906849
96.30771981686334
111.40998801326518
107.46242800190143
80.14010470931649
69.0842538355791
71.5312140948733
65.02398697227713
38.761436520314604
26.182203473944174
15.242330801750494
34.123280633928836
54.92117092311598
21.430590945535755
32.886491867173596
24.964210599965963
39.86480450239153
19.534198722998052
26.382419747689323
147.11687314405063
95.10009324494524
73.80993278392093
126.49238268284653
68.84385776640529
31.404536105120997
24.86867717378477
29.269414376014083
31.534079842919162
49.46369099647568
112.94270860089004
212.7103856127926
264.5994085111997
79.80259544142302
58.23894052451017
106.26717885842886
79.50099226031685
70.04931705494523
143.02973932164133
197.4846308879099
35.20478515625
28.021006534772823
24.281382876311817
10.221451058908178
19.726958110109262
27.241690912036482
100.7357595279725
116.78263113016946
58.25245011870307
41.04503663069952
80.53078117720334
83.64548189684167
33.16071972069356
88.43552126425975
27.109858093687215
46.653460887895015
31.411027612801128
29.917965879231268
52.93627178289671
96.75001615988609
84.10812989622275
66.36458089618142
115.56112371715771
232.7809371734842
163.4288720206967
58.689628286612376
48.61541655583589
90.59789174657355
76.69823042966428
24.407330322265626
24.71449230685048
62.074621376947654
34.04358091212312
15.345496293347718
48.465500999229995
80.2607799783038
115.00306846887761
88.4451636869139
119.35979547831134
168.37114631049326
137.91368727779962
55.097246031240545
27.578096317154085
39.13494829395431
102.61984940431712
175.26006074253968
153.94333643347517
110.37623687596742
56.96694834704961
116.20433171123177
306.30751085810584
388.8536854168803
380.6081895363682
289.73361361308264
137.26848253552254
97.84085379152721
84.7023115960244
60.098784339256554
32.47131492882322
55.94182409620771
19.969866943359374
41.47516050796444
66.16104462496044
37.35568482960271
33.69995908094827
82.08211984256214
114.72864143047464
128.45139963998264
100.86496660768037
73.7061770517626
39.555954697773
34.333690583121346
25.48274830534708
35.57575026327813
62.11620465606693
47.28428205078931
23.16444322638688
28.827775771551863
45.81601646895515
50.36334713889355
64.5496776260574
113.46501322991753
105.82226125550838
145.86142126172408
193.05364161451058
141.00399438380913
65.34657821707515
57.525472781863165
138.76273807468607
90.474582756008
159.11922859179722
277.03567825107496
294.32533699820686
373.96963586457116
209.13114043671072
204.7732918245369
129.04670732082815
124.41804929658451
77.2955545974352
45.58306449638411
14.82606413649537
23.767136396629006
57.07791920844595
89.52386427157857
159.37251543145842
134.56846809028423
111.38654031149477
88.2773039990954
87.22322199469363
116.68936056456553
146.40977487949172
166.2531958374905
174.78326206000457
215.8527186905638
227.77740251724026
212.69140468340478
182.4483064909967
124.35821814066715
83.25039098789048
53.67364623197418
24.625312410199125
10.403183192735105
12.305136298723278
14.51481955110828
27.363905873732687
34.696301785834564
39.35344450677876
42.692805692764296
42.67532170079679
41.0114059267171
41.14424737647323
38.754169272153376
27.914174842813622
23.501654055277783
21.502217109410548
23.765915961301243
30.276018192313778
33.92954168868671
31.716673149707766
29.930216390755014
30.926145014959708
33.83274230771258
33.86285229338214
31.363978578930595
29.445124634842564
25.143658689886145
23.555680731983593
22.674536959463147
26.316652249712785
26.345772919014813
25.239973521336832
23.266689671292863
23.10283721292934
22.45378541148807
24.934697931959942
32.40994612875109
41.456463193682055
47.07335635320536
47.21134922906854
40.10850510150296
29.81839522711791
32.901682778945904
22.153833678451882
20.918697716014528
32.26612073948784
35.46844047262958
30.736529914978497
23.955309006071822
15.235320047196899
13.50235097216039
23.083747243144625
39.94324997369546
53.74008996591266
64.90197568170004
58.57251928292966
42.6391687150619
18.617228771137455
5.323238838803877
4.3102190941493514
8.404005432128907
17.145090530574226
24.419053657280198
28.091860172457405
28.855360438085654
31.426500364169385
41.225018451769685
43.308904279500965
38.694903756927076
33.44954101814318
37.025045466214806
52.8005184981764
76.47567381787853
102.86348448178133
116.23478361933749
108.12219480148505
81.15945999825063
64.03751778026542
61.9797321402757
78.50661904925316
89.2179196290112
105.99683814305999
85.3222735058337
43.57231642749245
6.23916774563254
17.63712867621488
31.769387781772004
15.427550211798836
6.061476757872742
23.420002831969168
31.256391692044552
35.8094560311868
25.571108790059178
14.509546767195662
16.383631059974892
39.920587710256825
135.95651177654761
215.16561670788116
219.76762311811004
168.84446246949665
82.32430501019157
21.44692113431579
15.51801607271492
33.03850145204022
50.352624051613645
56.4631294608731
59.37063269582959
74.32027162278351
84.33538508482256
67.28806525816097
31.034646220226286
12.603924560546876
13.135565977623822
12.873704307560775
12.314625082723751
13.230569458007812
15.817587811944417
20.948899204826148
24.586076858200283
22.718417797947133
18.326680087173237
22.408889583767177
46.88947025579063
76.71471136430975
81.03760252256113
79.21917989450549
75.11966395299135
74.77653930014307
80.59172166914789
92.11187816901591
24.427395629882813
31.53453526699666
12.319756763031876
37.958298241617555
45.770016525317615
33.35468920254499
34.02941803808985
122.82408439501799
12.217727661132812
99.53644097190677
81.98207946622419
99.94217739419715
156.82271889126324
185.54007746268798
192.24741281250982
195.56315547088053
82.20742619442542
61.651341898934696
86.63451494075407
62.112735233544754
101.29707503198847
70.56150941519991
68.18607498875095
94.80434048999135
128.05253371173393
88.85997719717523
84.34314186913795
88.12165840410808
122.22496384596766
74.69440802625748
75.90954290483974
46.050950839674464
50.347879799418095
64.93004961639824
87.70277766611132
82.7137622907323
60.71686174022784
55.205414718412314
68.3290950393606
108.76054361706319
168.02376483489925
162.70852004710287
224.16200153805207
277.6649877119386
315.8914468340855
312.27286514607766
280.8193182696211
259.3963717586524
265.11724542720276
282.55307476870746
258.58687744171823
212.65939553120512
196.72152875357875
208.95193579380185
209.33537624519363
221.12871340580472
237.7319677101046
251.0932755504336
198.48922362844397
140.48178623767552
128.8855133028798
154.34768870729044
194.63673663594736
234.41627841972678
256.5648125667584
256.5451342018822
237.07891626187066
190.58764287415323
138.51370050313864
62.33768215648784
17.404109412589786
74.60557546125328
107.56379239901598
162.94146374735988
201.4227942683283
223.8886198207984
215.1975222949455
149.507494362715
141.59634701047008
140.2007123934712
149.77151451465116
191.56584407684053
217.9595250725989
229.72636836860838
249.00948647122914
239.64420594659632
226.78684156638496
228.95767654588198
232.90509352032458
240.3191243348603
281.0140229510545
295.35037050898654
291.40382267459916
282.2733914344344
298.6455403512342
265.2755923029119
210.96766672659322
270.2785658269298
145.89071761994632
110.19829896500627
32.37640434417208
46.63412597799199
42.11156221324156
29.127451146387784
47.926753116091525
65.19269929353315
83.18548239790054
20.01610412597656
31.69177915153689
64.3539412939818
207.98911942834152
339.93882688037786
350.40063680700933
330.21429101498876
313.1555254636454
366.37614241769916
305.81528277920023
223.83488148601137
381.5123646232981
421.3272501712002
284.02811765285895
305.45592092787103
297.8664198500339
282.156294260392
246.22396059744588
252.5338219885137
287.5893638665063
282.9006558043244
279.8327146977825
277.6846879655574
199.1633612142412
218.07216808844623
227.31948038268894
199.67721910964352
222.12553943334123
191.2563194099019
212.54897416322177
179.01707255334955
128.9013129980642
139.73155511349188
182.91322342259022
144.51617517267647
82.64265547572082
39.7377397495447
21.72573585611242
66.04479435842102
19.166636804980406
42.463462438184436
117.22351666770619
62.914240715347795
125.73034913345641
196.68219812606154
285.76670057669327
328.2664965737577
343.4936390056951
361.0952883719874
458.1845597834605
344.8084128301028
489.9517973882365
431.29108523869326
418.01147681931053
390.7424787611402
358.1142824622335
353.72105667448375
341.49249874517426
327.4989404312126
312.65449965015466
263.44359082155717
247.12498619756008
287.52030722721
246.40458188753678
291.20027536418786
315.63923747245116
304.15925560144404
312.93851077269187
306.09231192256937
276.0458447278599
276.18988758069605
240.27180782990172
148.89272535162144
139.12927106608095
242.4789201520063
302.17859544976784
397.27466373762326
392.4828039554892
450.74974037265827
424.2424686998485
404.18300862681434
324.55314225116797
240.083467162255
162.974772887367
75.24706982146577
40.69050965929428
32.608152541640905
63.16622158899988
137.8893585306946
202.04669023986835
236.6066970728345
345.1484701149253
376.3396122648932
261.34677343222785
97.10882542283714
45.57008384434257
114.41157789296844
80.14210224011711
106.45955569469417
142.5335787915031
116.48426621266535
42.775914510858414
55.33735386999474
77.34135498889994
118.89057631043389
149.20784446909389
137.92712890000695
113.8765433839437
75.08127750319481
35.127199068649546
21.265630576379134
16.5310861446985
16.645814624356568
23.69996241662169
38.08926816973277
49.65454890884685
47.57186214441077
29.894253083762077
35.8155231157185
131.95957156297922
180.99847909890485
249.76028861948612
282.51793107071546
302.28394035610074
325.1805730106238
308.6207369904147
210.71321967001919
143.25038212943826
102.7826371002396
68.9515717605102
65.17824416578692
99.84686433976667
154.83964039384063
222.43669063794505
251.18884807475342
193.03488452491098
113.42412247274942
77.038598538358
58.97373767937997
80.90223565143538
68.86890393080557
58.64359241632326
70.50041090099708
78.18860182453584
69.50632174744044
67.65718568674497
58.66927479213782
58.05783026981364
51.63151180421663
43.86155498648068
54.76574605998712
49.71596363263679
22.434823822385987
41.43483040205719
50.57657107516046
54.30642978984956
65.71287090971327
81.03370242643193
94.47451064036886
81.84752910140597
90.12583760675484
38.607589863047636
47.27911069514066
71.31561311995142
99.90633656212299
112.99817411180602
116.51832849688954
114.12423884116728
121.89040179468614
119.45749282354402
62.95166684984444
65.13210453041538
66.18694455216283
46.264797986192534
61.912683580547125
58.95703210891979
39.69431214734341
41.66578293528706
50.63830337644979
84.93722190319349
132.02828189338334
122.41841900433118
134.4132680680865
131.1159794143819
122.19210020999701
125.60041883345555
107.45657686686812
101.2573223189434
128.38261351437322
166.2758500121321
130.73493131836295
130.33873769884676
85.74288912487991
89.99359500525512
105.0399267255635
71.04423249753373
97.76288194931472
179.26574953568357
36.15514082066456
54.46568902843592
43.29160151531323
36.27983750643379
30.721341380884905
30.360738835232315
15.041604614257812
17.967958511531094
40.125416230574636
47.497805406046425
41.41012281596503
36.4921518738026
41.944013863890405
47.44463943106912
36.59652665326534
23.139523315429688
27.587002968553453
26.862629401854157
39.2850797426983
53.37517571807575
59.36970932635868
56.68004322746647
51.004270668415074
34.921613393105645
29.41768332344386
32.97144633537723
36.3168879243198
31.484778474444646
25.8414867859899
20.78849510790957
23.329726846601623
35.487116278881516
42.317690748246875
45.753826065336895
45.98221182064189
32.32795814252959
30.250523094096888
33.33080945989916
35.172306744247365
27.909501387245474
26.14698263339136
34.86693203039033
43.47118473919337
34.91083286798162
31.201588788064804
47.06593677972787
121.8780455058134
143.3886512896871
102.85625901321585
29.924725929287526
30.73416297802978
34.824655495342746
30.31086431968655
30.823836940548823
37.81449718620523
47.29605984362642
53.43207088598901
49.26637491965621
36.994419771585946
29.07438679989832
68.35627460238375
73.06923249898998
57.1908453912034
34.931739599241766
26.090004095015864
24.019230941745583
27.42517277971756
35.88616227669909
35.19515380859375
53.859686541844574
111.30909509807137
177.04088783471678
61.21714740552022
57.4486813284844
57.689987957542186
103.35669414898666
116.73892239929458
100.6018260972185
58.90607064595802
33.57449503371627
36.79085152182834
65.85404484547186
112.00242065508095
118.80054989044834
100.39108773940625
66.87907511479163
25.901409912109376
31.927335809997523
26.075854452711248
30.38984567677453
28.500940997337466
22.221183034541035
25.901372481013595
25.90006103515625
23.49725341796875
24.26417325653574
42.091328270780785
49.22192578564011
28.553424288916585
19.648271257859893
31.622836961313944
37.88631195060657
30.493205079636937
33.326314719553466
79.77471217049506
87.89983428547006
64.67905240040014
62.51295827038175
98.08848932875586
159.5429710328768
167.47987530201985
117.15139471120438
105.52881977842272
104.10982346657492
115.43279060605542
111.2162887376242
123.61721077702796
159.90454109168792
208.7057162289744
248.87758993073112
283.70893193850117
301.02679742217134
280.82145687154696
253.65467440020385
277.0800613792915
252.03112037000864
238.31875165269156
208.44252976569004
232.0080379091334
224.7277539726061
220.7878353861011
256.6111591928824
288.98657111261946
327.77951009812693
358.672347070255
424.8433093040777
453.3369474119114
478.35723425548895
479.81333723349854
480.1751859598513
573.9979529585268
655.9467066578512
746.6376293281631
813.7425820042721
890.7772592272573
911.5279046565811
966.8776548814515
788.7804305113372
729.0925517824542
629.1434797120753
520.4499318820286
433.4570566895451
418.8962341600388
421.97956633637904
418.32747370363285
516.5739616931976
640.9654141972012
719.9457886994212
757.4515298001091
767.7192754827945
724.4394174044739
642.5489108774011
530.0075763990128
598.6268124706394
548.2933354584973
470.05951853027256
373.61417593138765
295.4488107966994
246.20735259948577
182.04172684197312
168.95444314711472
265.77331319130826
250.39142056072765
350.05285100056585
406.86745701196617
422.2805624268114
409.4148245839271
413.57341672051746
545.2705409604258
565.7686121713766
736.4905772889398
828.1537520600137
827.5712574986588
770.9216064896756
598.8193360503516
402.55451723746245
379.3207657974175
405.90623875989365
392.9126887640843
335.5694005736056
351.9932958545104
309.5423832524506
268.9599673876205
348.76683860573974
557.1460012004329
579.7704912025335
742.8509867756658
830.5723211819175
889.9697499543378
887.8158913766034
716.2352485331596
617.4354964604147
582.1487343434839
470.86057246995506
380.3685118187821
395.31501193392614
392.21802662798217
390.09545384652574
377.5530587090735
263.68913324194165
257.97808164788347
305.9855735907269
286.5459714257821
276.3118752763893
257.90885950845745
256.492532017866
299.8943278402845
377.19264004207935
373.91312903658206
365.02007935521976
313.10121657783964
278.43608766587056
278.57045840349934
243.40761543956563
188.776269049051
260.86155977039635
472.3916552524559
419.86281468785427
471.1667742346288
461.75196447242223
424.03387303166517
480.55072569208176
483.48534283674434
435.4315018381073
557.7643265363156
508.73525772303464
518.02869624995
477.1218772206732
486.5755132115727
514.6579634193107
528.5948930362048
472.6263623860203
431.2258096536325
347.32605625445524
417.1212762877728
463.2859348030085
534.4686203356537
610.9945314401253
636.4115608401719
653.1788221543477
594.3461573761795
647.0458665663692
599.258621804732
556.2897994779198
549.9702235128523
488.8749019171097
485.3211963456357
573.661674545134
480.8717751062062
339.3660543464163
249.2429548809273
343.008274386839
339.3901686532771
338.9470272184284
356.422133516303
346.42767843901595
282.3611855589164
214.7270072932168
166.56005294482088
162.82573948726176
264.91199943944594
283.86356801462114
207.77490025773545
154.23970386732557
54.107107431105575
95.19722291596699
76.31519848018425
55.409758348384095
48.21736142373354
107.09773020146318
172.67132706222264
220.7533257876259
200.85538757160762
205.6747678094908
226.69580736904422
193.69609998524214
255.66692235739225
229.0990375016135
187.11787265515304
123.67594735854308
103.36606362400148
84.57760915955764
64.79273345847074
77.33162691845692
97.01753334532062
59.34178841065384
